1252 204 1
64 1 1
64 2 1
64 219 1
64 206 1
64 347 1
1051 1 1
1051 215 1
1051 243 1
1051 204 1
1051 9 1
1051 0 1
1051 10 1
1051 233 1
1051 254 1
1051 213 1
1051 6 1
1051 216 1
1051 8 1
985 232 1
985 7 1
985 4 1
985 233 1
985 210 1
985 214 1
1165 206 1
1165 4 1
1165 0 1
1165 5 1
287 120 1
287 256 1
287 206 1
265 0 1
265 9 1
265 205 1
265 234 1
265 206 1
290 7 1
290 238 1
290 240 1
290 250 1
290 204 1
290 212 1
290 0 1
290 10 1
290 206 1
290 16 1
290 233 1
290 6 1
290 216 1
290 8 1
290 210 1
290 249 1
659 216 1
659 235 1
659 250 1
659 240 1
659 215 1
659 246 1
659 253 1
659 210 1
659 256 1
659 214 1
659 243 1
659 120 1
659 11 1
659 16 1
659 12 1
659 213 1
659 3 1
659 1 1
659 8 1
659 0 1
659 244 1
659 245 1
659 249 1
659 233 1
975 214 1
47 11 1
1292 1 1
1292 238 1
1292 219 1
1292 249 1
1292 10 1
1292 12 1
1292 3 1
217 248 1
217 246 1
217 252 1
217 251 1
217 243 1
217 253 1
217 256 1
217 0 1
217 10 1
217 235 1
217 240 1
217 206 1
217 210 1
217 3 1
217 11 1
217 16 1
217 83 1
217 247 1
217 213 1
217 6 1
217 218 1
217 250 1
217 249 1
217 219 1
217 12 1
797 535 1
1356 0 1
1356 745 1
1356 708 1
1356 396 1
1356 1 1
934 209 1
934 215 1
934 240 1
934 250 1
934 9 1
934 0 1
934 256 1
934 1 1
934 243 1
934 11 1
934 16 1
934 6 1
934 8 1
934 206 1
934 12 1
201 240 1
201 256 1
201 251 1
201 2 1
201 243 1
201 205 1
201 255 1
201 210 1
201 0 1
201 10 1
201 120 1
201 215 1
201 7 1
201 214 1
201 233 1
201 254 1
201 252 1
201 6 1
201 216 1
201 206 1
201 242 1
201 249 1
201 246 1
201 16 1
201 12 1
154 120 1
154 240 1
154 248 1
154 2 1
154 243 1
154 253 1
154 210 1
154 0 1
154 10 1
154 1 1
154 246 1
154 235 1
154 245 1
154 3 1
154 250 1
154 16 1
154 254 1
154 8 1
154 213 1
154 6 1
154 216 1
154 209 1
154 255 1
154 219 1
154 12 1
10 6 1
10 205 1
182 240 1
182 235 1
182 232 1
182 246 1
182 9 1
182 251 1
182 256 1
182 214 1
182 247 1
182 250 1
182 120 1
182 210 1
182 6 1
182 249 1
182 11 1
182 16 1
182 252 1
182 218 1
182 213 1
182 254 1
182 248 1
182 244 1
182 219 1
182 12 1
408 433 1
408 6 1
408 206 1
408 241 1
408 217 1
408 3 1
1071 216 1
1071 238 1
1071 83 1
1071 244 1
1071 219 1
1071 11 1
1071 0 1
1071 10 1
1071 2 1
1071 256 1
231 493 1
231 1 1
231 917 1
231 2 1
231 205 1
231 8 1
231 210 1
963 9 1
963 2 1
963 206 1
963 0 1
963 238 1
963 1 1
652 246 1
652 250 1
652 205 1
652 9 1
652 0 1
652 214 1
652 204 1
652 233 1
652 6 1
652 254 1
652 252 1
652 213 1
652 216 1
652 210 1
652 249 1
652 219 1
1058 6 1
1058 235 1
1058 206 1
1058 196 1
1058 12 1
744 9 1
744 218 1
744 256 1
744 0 1
744 206 1
977 441 1
977 11 1
977 1337 1
521 6 1
521 215 1
521 12 1
521 83 1
521 253 1
521 0 1
521 219 1
521 204 1
724 3 1
724 730 1
724 10 1
724 842 1
724 594 1
724 511 1
724 312 1
724 1 1
42 9 1
42 0 1
42 12 1
812 1 1
812 147 1
812 205 1
812 238 1
812 6 1
812 7 1
812 9 1
812 2 1
668 235 1
668 250 1
668 240 1
668 215 1
668 0 1
668 210 1
668 246 1
668 8 1
668 256 1
668 10 1
668 209 1
668 11 1
668 5 1
668 233 1
668 16 1
668 247 1
668 254 1
668 216 1
668 219 1
668 248 1
668 244 1
668 206 1
668 255 1
668 249 1
668 12 1
1197 234 1
1197 205 1
1197 204 1
1197 10 1
1197 238 1
1197 214 1
1197 240 1
1197 120 1
1197 232 1
1197 256 1
1197 7 1
1197 0 1
1197 255 1
1197 246 1
1197 206 1
1197 249 1
1197 233 1
1197 83 1
1197 247 1
1197 12 1
1197 8 1
1197 6 1
1197 1 1
1197 245 1
1197 243 1
901 591 1
901 10 1
901 1648 1
901 253 1
901 251 1
901 0 1
901 1 1
901 1651 1
901 206 1
901 210 1
901 11 1
901 6 1
226 235 1
226 240 1
226 250 1
226 204 1
226 2 1
226 7 1
226 0 1
226 256 1
226 214 1
226 1 1
226 12 1
226 247 1
226 11 1
226 16 1
226 6 1
226 254 1
226 252 1
226 216 1
226 213 1
226 210 1
226 255 1
226 249 1
226 248 1
226 246 1
758 0 1
758 210 1
758 204 1
758 205 1
758 232 1
758 256 1
758 1 1
758 16 1
758 6 1
758 3 1
758 206 1
758 249 1
758 7 1
758 12 1
462 1291 1
462 1288 1
462 12 1
462 1289 1
462 214 1
1155 216 1
1155 243 1
1155 253 1
1155 206 1
1155 256 1
1155 238 1
1155 12 1
1155 204 1
1147 204 1
1147 83 1
1147 214 1
1147 1 1
1147 240 1
1147 205 1
1147 5 1
1147 243 1
1147 253 1
1147 0 1
1147 245 1
1147 10 1
1147 246 1
1147 235 1
1147 210 1
1147 249 1
1147 233 1
1147 248 1
1147 213 1
1147 251 1
1147 219 1
1147 250 1
1147 206 1
1147 232 1
1147 12 1
815 277 1
815 0 1
815 238 1
815 1 1
858 2 1
858 240 1
858 252 1
858 250 1
858 232 1
858 210 1
858 0 1
858 10 1
858 6 1
858 249 1
858 11 1
858 16 1
858 218 1
858 1 1
858 254 1
858 244 1
858 7 1
1289 235 1
1289 206 1
1289 4 1
1289 212 1
1289 238 1
1289 7 1
1289 12 1
713 209 1
713 10 1
713 235 1
713 240 1
713 250 1
713 210 1
713 243 1
713 255 1
713 214 1
713 246 1
713 256 1
713 3 1
713 249 1
713 16 1
713 12 1
713 252 1
713 213 1
713 216 1
713 219 1
713 206 1
713 242 1
713 7 1
825 83 1
825 2 1
825 252 1
825 232 1
825 250 1
825 204 1
825 7 1
825 9 1
825 256 1
825 214 1
825 255 1
825 216 1
825 1 1
825 206 1
825 16 1
825 249 1
825 11 1
825 6 1
825 120 1
825 213 1
825 254 1
825 0 1
825 210 1
825 246 1
825 219 1
850 233 1
850 240 1
850 204 1
850 214 1
850 83 1
850 7 1
850 1 1
850 243 1
850 234 1
850 246 1
850 250 1
850 206 1
850 256 1
850 0 1
850 16 1
850 211 1
850 247 1
850 120 1
850 252 1
850 6 1
850 213 1
850 253 1
850 210 1
850 242 1
850 12 1
419 216 1
419 120 1
419 246 1
419 250 1
419 0 1
419 253 1
419 251 1
419 256 1
419 10 1
419 238 1
419 243 1
419 206 1
419 235 1
419 210 1
419 3 1
419 674 1
419 5 1
419 16 1
419 213 1
419 6 1
419 1 1
419 8 1
419 12 1
419 244 1
419 2 1
1160 2 1
1160 232 1
1160 204 1
1160 243 1
1160 9 1
1160 0 1
1160 245 1
1160 214 1
1160 1 1
1160 6 1
1160 16 1
1160 252 1
1160 213 1
1160 218 1
1160 216 1
1160 206 1
1160 7 1
1384 83 1
1384 215 1
1384 2 1
1384 240 1
1384 8 1
1384 250 1
1384 246 1
1384 9 1
1384 210 1
1384 0 1
1384 255 1
1384 1 1
1384 243 1
1384 120 1
1384 206 1
1384 216 1
1384 16 1
1384 6 1
1384 254 1
1384 213 1
1384 10 1
1384 249 1
1384 3 1
1384 248 1
1384 7 1
90 7 1
90 562 1
90 573 1
90 215 1
90 235 1
90 291 1
90 440 1
90 251 1
90 351 1
90 241 1
90 574 1
90 5 1
90 564 1
90 568 1
90 392 1
90 10 1
90 553 1
90 571 1
90 120 1
1026 214 1
1026 2 1
1026 219 1
1026 4 1
1026 3 1
1026 12 1
1026 1 1
568 215 1
568 240 1
568 10 1
568 250 1
568 204 1
568 246 1
568 256 1
568 214 1
568 238 1
568 206 1
568 210 1
568 16 1
568 233 1
568 213 1
568 3 1
568 218 1
568 254 1
568 0 1
568 6 1
568 249 1
568 219 1
597 218 1
597 3 1
597 0 1
597 9 1
597 238 1
597 4 1
822 206 1
822 256 1
822 10 1
44 10 1
44 255 1
44 12 1
1401 925 1
1401 1407 1
1401 4 1
1401 1477 1
1401 778 1
1401 1 1
617 1 1
617 2 1
617 235 1
617 210 1
617 4 1
617 10 1
617 95 1
577 217 1
577 1367 1
577 1018 1
577 312 1
577 450 1
577 84 1
577 1362 1
577 896 1
577 1096 1
577 605 1
577 6 1
577 206 1
577 1122 1
577 1036 1
577 1358 1
577 1273 1
577 142 1
577 637 1
21 254 1
21 0 1
21 256 1
21 234 1
21 1 1
1507 0 1
1507 10 1
1507 16 1
1507 692 1
1507 249 1
1507 11 1
1507 8 1
1507 218 1
1507 1 1
1507 206 1
1507 7 1
1507 219 1
1507 2 1
1507 485 1
469 235 1
469 232 1
469 0 1
469 205 1
625 433 1
625 6 1
625 8 1
625 1392 1
625 298 1
625 476 1
625 1387 1
625 637 1
625 9 1
625 1383 1
625 1032 1
625 522 1
625 218 1
625 280 1
625 204 1
625 235 1
625 1256 1
625 253 1
625 605 1
625 656 1
625 1049 1
625 147 1
625 1381 1
625 312 1
625 215 1
625 1028 1
625 530 1
625 894 1
625 11 1
625 388 1
625 283 1
625 295 1
625 214 1
625 168 1
625 99 1
625 0 1
625 1389 1
625 10 1
625 1382 1
625 485 1
625 697 1
625 1391 1
625 159 1
50 333 1
50 315 1
50 320 1
50 326 1
50 234 1
50 332 1
6 213 1
6 2 1
6 9 1
6 12 1
6 204 1
6 1 1
711 238 1
711 244 1
711 210 1
711 206 1
711 249 1
711 219 1
1148 588 1
1148 1 1
1148 306 1
1148 430 1
1148 238 1
1148 1398 1
1148 16 1
1148 656 1
1148 1404 1
1148 6 1
1148 346 1
1148 147 1
1148 206 1
1148 582 1
1148 433 1
451 209 1
451 216 1
451 240 1
451 215 1
451 1282 1
451 1067 1
451 1275 1
451 205 1
451 256 1
451 214 1
451 238 1
451 1283 1
451 210 1
451 6 1
451 252 1
451 233 1
451 16 1
451 1278 1
451 1276 1
451 3 1
451 254 1
451 1281 1
451 213 1
451 248 1
451 0 1
451 1279 1
451 249 1
451 120 1
1100 206 1
1100 1 1
1100 214 1
1100 4 1
1100 9 1
1100 238 1
1100 0 1
1100 12 1
1100 705 1
705 215 1
705 232 1
705 253 1
705 256 1
705 0 1
705 210 1
705 10 1
705 216 1
705 233 1
705 247 1
705 12 1
829 396 1
829 199 1
829 125 1
829 143 1
829 483 1
829 1016 1
829 130 1
829 51 1
829 703 1
829 1565 1
829 154 1
829 191 1
829 205 1
829 206 1
829 677 1
829 1182 1
829 660 1
829 1566 1
829 834 1
829 880 1
829 427 1
829 23 1
829 53 1
829 810 1
829 74 1
829 656 1
829 180 1
829 85 1
829 117 1
829 14 1
829 1272 1
829 340 1
829 399 1
829 393 1
829 81 1
829 168 1
829 182 1
829 818 1
829 54 1
829 29 1
829 753 1
829 339 1
829 1300 1
829 2 1
829 201 1
829 477 1
829 88 1
829 42 1
771 16 1
771 6 1
771 256 1
771 209 1
920 1 1
920 1220 1
920 211 1
920 248 1
920 240 1
920 250 1
920 251 1
920 209 1
920 232 1
920 204 1
920 243 1
920 214 1
920 9 1
920 1659 1
920 210 1
920 256 1
920 10 1
920 246 1
920 206 1
920 16 1
920 6 1
920 1227 1
920 213 1
920 216 1
920 219 1
920 0 1
920 1221 1
920 1230 1
920 255 1
920 249 1
920 7 1
920 12 1
440 212 1
440 251 1
440 210 1
440 0 1
440 10 1
440 238 1
440 243 1
440 248 1
440 16 1
440 233 1
440 247 1
440 213 1
440 252 1
440 3 1
440 244 1
440 206 1
440 249 1
440 246 1
440 12 1
1318 0 1
1318 206 1
795 6 1
275 11 1
275 215 1
275 240 1
275 2 1
275 250 1
275 206 1
275 1 1
275 212 1
275 0 1
275 214 1
275 246 1
275 3 1
275 16 1
275 249 1
275 216 1
275 233 1
275 8 1
275 213 1
275 210 1
275 7 1
275 219 1
275 248 1
129 204 1
129 212 1
129 238 1
129 0 1
129 234 1
129 219 1
129 12 1
129 1 1
582 6 1
582 4 1
582 238 1
582 219 1
582 3 1
582 2 1
1204 11 1
1204 9 1
1204 3 1
807 7 1
807 1 1
807 215 1
807 251 1
807 0 1
807 10 1
807 210 1
807 5 1
807 16 1
807 6 1
807 254 1
807 218 1
807 213 1
807 204 1
807 12 1
1044 7 1
1044 1 1
1044 216 1
1044 12 1
165 4 1
165 205 1
165 214 1
165 216 1
165 256 1
165 232 1
165 7 1
165 10 1
165 255 1
165 1 1
165 240 1
165 3 1
165 16 1
165 249 1
165 0 1
165 206 1
165 242 1
1482 204 1
1482 211 1
1482 246 1
1482 215 1
1482 250 1
1482 243 1
1482 205 1
1482 9 1
1482 256 1
1482 10 1
1482 240 1
1482 248 1
1482 3 1
1482 233 1
1482 254 1
1482 213 1
1482 252 1
1482 6 1
1482 218 1
1482 1 1
1482 206 1
1482 249 1
1482 219 1
1482 12 1
358 277 1
358 4 1
358 235 1
358 210 1
358 0 1
358 256 1
358 10 1
358 9 1
358 204 1
358 12 1
993 3 1
1418 215 1
1418 204 1
1418 9 1
1418 238 1
1418 10 1
1418 12 1
1460 1 1
1460 232 1
1460 243 1
1460 212 1
1460 0 1
1460 256 1
1460 3 1
1460 246 1
1460 248 1
1460 210 1
1460 6 1
1460 215 1
1460 16 1
1460 211 1
1460 254 1
1460 219 1
1460 216 1
1460 8 1
1460 206 1
1460 255 1
1460 249 1
1460 7 1
1460 233 1
1460 2 1
1460 12 1
540 10 1
540 235 1
540 240 1
540 242 1
540 214 1
540 248 1
540 899 1
540 16 1
540 233 1
540 341 1
540 433 1
540 6 1
540 8 1
540 244 1
540 206 1
540 249 1
540 7 1
540 12 1
305 1 1
305 3 1
305 2 1
305 206 1
755 8 1
755 232 1
755 475 1
755 0 1
755 5 1
85 83 1
85 2 1
85 232 1
85 250 1
85 204 1
85 7 1
85 9 1
85 214 1
85 255 1
85 216 1
85 1 1
85 206 1
85 247 1
85 16 1
85 249 1
85 6 1
85 8 1
85 213 1
85 254 1
85 0 1
85 256 1
85 210 1
85 246 1
85 219 1
85 120 1
802 1 1
1382 804 1
1382 460 1
1382 11 1
1382 2 1
1382 657 1
1382 1175 1
1382 212 1
1382 10 1
1382 16 1
1382 6 1
1382 206 1
1382 12 1
1010 11 1
1010 235 1
1010 1 1
609 232 1
609 7 1
609 253 1
609 212 1
609 214 1
609 1 1
609 206 1
609 11 1
609 16 1
609 254 1
609 8 1
609 218 1
609 216 1
609 256 1
1229 205 1
1229 214 1
1229 243 1
1229 240 1
1229 1 1
1229 120 1
1229 250 1
1229 7 1
1229 0 1
1229 255 1
1229 210 1
1229 247 1
1229 10 1
1229 249 1
1229 204 1
1229 233 1
1229 6 1
1229 213 1
1229 216 1
1229 248 1
1229 256 1
1229 11 1
1229 206 1
1229 246 1
1229 2 1
1426 256 1
470 0 1
470 215 1
470 12 1
470 6 1
470 256 1
470 5 1
470 251 1
470 1 1
477 1298 1
477 309 1
477 606 1
477 243 1
477 535 1
477 433 1
477 210 1
477 472 1
477 581 1
477 479 1
477 6 1
477 1293 1
477 1296 1
477 203 1
477 213 1
477 344 1
477 430 1
477 19 1
477 206 1
477 1295 1
1239 12 1
1239 212 1
917 204 1
917 252 1
917 532 1
917 246 1
917 209 1
917 1657 1
917 355 1
917 240 1
917 708 1
917 235 1
917 206 1
917 120 1
917 289 1
917 9 1
917 251 1
917 210 1
917 212 1
917 256 1
917 214 1
917 238 1
917 243 1
917 248 1
917 16 1
917 215 1
917 11 1
917 7 1
917 233 1
917 1656 1
917 213 1
917 3 1
917 1 1
917 309 1
917 244 1
917 718 1
917 242 1
917 249 1
917 12 1
261 204 1
261 206 1
261 209 1
261 240 1
261 3 1
261 12 1
261 0 1
261 232 1
261 219 1
261 238 1
443 235 1
443 215 1
443 204 1
443 243 1
443 1 1
443 212 1
443 210 1
443 0 1
443 246 1
443 6 1
443 16 1
443 252 1
443 218 1
443 8 1
443 244 1
443 206 1
443 12 1
311 1053 1
311 206 1
311 204 1
311 1 1
311 0 1
311 10 1
311 1058 1
311 897 1
311 210 1
311 3 1
311 16 1
311 233 1
311 250 1
311 244 1
311 718 1
311 5 1
311 249 1
311 397 1
311 219 1
311 12 1
1364 477 1
1364 1 1
1364 252 1
1364 254 1
1364 510 1
1364 1694 1
836 585 1
836 212 1
836 364 1
836 210 1
836 16 1
836 254 1
836 6 1
836 1 1
836 8 1
836 206 1
836 249 1
1278 1 1
1278 2 1
1278 240 1
1278 256 1
1278 243 1
1278 212 1
1278 245 1
1278 238 1
1278 216 1
1278 246 1
1278 206 1
1278 3 1
1278 215 1
1278 11 1
1278 233 1
1278 6 1
1278 248 1
1278 252 1
1278 219 1
1278 0 1
1278 244 1
1278 210 1
1278 242 1
1278 249 1
1278 12 1
1470 6 1
1470 3 1
1470 1 1
1470 341 1
1470 210 1
1470 206 1
1470 5 1
727 6 1
727 531 1
727 475 1
727 312 1
1452 1 1
1452 120 1
1452 250 1
1452 240 1
1452 10 1
1452 232 1
1452 5 1
1452 242 1
1452 253 1
1452 0 1
1452 209 1
1452 243 1
1452 210 1
1452 3 1
1452 16 1
1452 6 1
1452 252 1
1452 218 1
1452 216 1
1452 206 1
1452 255 1
1452 249 1
1452 7 1
1452 219 1
1452 12 1
686 6 1
686 256 1
686 9 1
248 204 1
248 16 1
248 7 1
248 2 1
248 240 1
248 232 1
248 246 1
248 205 1
248 9 1
248 210 1
248 256 1
248 0 1
248 120 1
248 3 1
248 11 1
248 214 1
248 83 1
248 252 1
248 213 1
248 6 1
248 1 1
248 250 1
248 245 1
248 249 1
248 233 1
7 216 1
1145 206 1
1145 204 1
1145 214 1
1145 1 1
1145 215 1
1145 240 1
1145 2 1
1145 246 1
1145 250 1
1145 256 1
1145 243 1
1145 245 1
1145 0 1
1145 6 1
1145 210 1
1145 3 1
1145 16 1
1145 83 1
1145 248 1
1145 252 1
1145 213 1
1145 216 1
1145 219 1
1145 255 1
1145 12 1
170 235 1
170 240 1
170 250 1
170 204 1
170 2 1
170 7 1
170 253 1
170 210 1
170 256 1
170 214 1
170 1 1
170 206 1
170 16 1
170 205 1
170 248 1
170 6 1
170 216 1
170 213 1
170 254 1
170 0 1
170 255 1
170 249 1
170 246 1
170 219 1
170 12 1
502 1 1
502 235 1
502 215 1
502 171 1
502 742 1
502 10 1
502 728 1
502 3 1
502 11 1
502 879 1
502 892 1
502 341 1
502 6 1
502 439 1
1142 8 1
1142 4 1
1142 244 1
1142 210 1
1142 206 1
1142 0 1
1142 5 1
1505 234 1
76 214 1
1328 6 1
1328 252 1
1328 205 1
1328 214 1
1328 12 1
1328 5 1
115 83 1
115 215 1
115 0 1
115 10 1
115 1 1
115 298 1
115 3 1
115 11 1
115 233 1
115 6 1
115 609 1
115 7 1
115 12 1
1120 240 1
1120 9 1
1120 218 1
1120 11 1
1120 12 1
1120 0 1
1120 249 1
1120 204 1
639 0 1
639 1397 1
639 1403 1
639 1400 1
842 12 1
842 233 1
842 213 1
842 6 1
842 212 1
842 2 1
842 9 1
556 204 1
556 235 1
556 240 1
556 250 1
556 256 1
556 243 1
556 212 1
556 0 1
556 214 1
556 255 1
556 216 1
556 3 1
556 246 1
556 120 1
556 210 1
556 6 1
556 16 1
556 233 1
556 12 1
556 8 1
556 213 1
556 1 1
556 206 1
556 249 1
556 7 1
1146 654 1
1146 711 1
1146 616 1
1146 705 1
1146 683 1
1146 520 1
1146 454 1
1146 714 1
1146 431 1
1146 588 1
1146 1392 1
1146 939 1
1146 834 1
1146 593 1
1146 298 1
1146 269 1
1146 656 1
1146 472 1
1146 452 1
1146 7 1
1146 943 1
1146 931 1
1146 734 1
1146 586 1
1146 90 1
1146 388 1
1146 583 1
1146 204 1
1146 682 1
1146 708 1
1146 317 1
1146 732 1
1146 744 1
1146 922 1
1146 748 1
1146 206 1
1146 697 1
1146 390 1
1146 695 1
1146 283 1
1146 700 1
1146 288 1
1146 396 1
1477 235 1
1477 240 1
1477 1496 1
1477 12 1
1477 246 1
1477 253 1
1477 232 1
1477 0 1
1477 245 1
1477 255 1
1477 243 1
1477 10 1
1477 587 1
1477 214 1
1477 233 1
1477 252 1
1477 213 1
1477 6 1
1477 216 1
1477 256 1
1477 244 1
1477 206 1
1477 242 1
1477 249 1
1477 219 1
1488 204 1
1488 7 1
1488 9 1
1488 216 1
1488 1 1
1488 206 1
1488 16 1
1488 6 1
1488 213 1
1488 254 1
1488 0 1
1488 210 1
1488 246 1
1488 12 1
1253 205 1
1253 246 1
1253 10 1
1253 7 1
1253 215 1
1253 2 1
1253 240 1
1253 232 1
1253 256 1
1253 204 1
1253 243 1
1253 253 1
1253 251 1
1253 210 1
1253 212 1
1253 0 1
1253 1 1
1253 16 1
1253 120 1
1253 213 1
1253 245 1
1253 206 1
1253 249 1
1253 219 1
1253 12 1
164 804 1
164 795 1
164 10 1
164 0 1
164 1 1
164 3 1
164 663 1
164 387 1
164 797 1
164 206 1
164 800 1
819 6 1
819 218 1
819 0 1
819 206 1
653 240 1
653 9 1
653 0 1
1159 6 1
1159 1 1
1159 627 1
1159 786 1
1159 780 1
1159 204 1
278 7 1
278 216 1
278 214 1
278 240 1
278 250 1
278 246 1
278 212 1
278 210 1
278 256 1
278 10 1
278 209 1
278 1 1
278 0 1
278 206 1
278 248 1
278 3 1
278 83 1
278 247 1
278 120 1
278 213 1
278 6 1
278 219 1
278 249 1
278 243 1
723 215 1
723 240 1
723 2 1
723 250 1
723 204 1
723 243 1
723 9 1
723 210 1
723 1 1
723 246 1
723 251 1
723 3 1
723 16 1
723 249 1
723 6 1
723 12 1
723 252 1
723 216 1
723 213 1
723 254 1
723 0 1
723 206 1
723 255 1
723 219 1
723 120 1
1267 210 1
1267 216 1
1267 204 1
1267 206 1
1267 249 1
1267 12 1
830 786 1
830 1571 1
830 232 1
830 243 1
830 253 1
830 214 1
830 484 1
830 216 1
830 769 1
830 485 1
830 656 1
830 249 1
830 1186 1
830 16 1
830 6 1
830 12 1
830 556 1
830 1575 1
830 0 1
830 804 1
830 206 1
830 1568 1
830 809 1
830 780 1
535 243 1
535 250 1
535 251 1
535 204 1
535 253 1
535 0 1
535 10 1
535 209 1
535 246 1
535 3 1
535 216 1
535 16 1
535 211 1
535 247 1
535 120 1
535 252 1
535 213 1
535 6 1
535 11 1
535 232 1
535 214 1
535 245 1
535 249 1
535 219 1
535 12 1
1132 238 1
1132 6 1
1132 206 1
1132 902 1
1132 16 1
1132 3 1
1132 218 1
1132 1 1
1132 8 1
1132 406 1
1132 285 1
1132 539 1
1132 844 1
1132 7 1
178 12 1
178 3 1
178 210 1
178 204 1
178 206 1
178 0 1
178 250 1
178 6 1
660 16 1
660 209 1
660 1 1
660 120 1
660 250 1
660 240 1
660 215 1
660 235 1
660 256 1
660 243 1
660 253 1
660 232 1
660 0 1
660 10 1
660 206 1
660 3 1
660 5 1
660 214 1
660 233 1
660 213 1
660 6 1
660 216 1
660 254 1
660 249 1
660 12 1
1219 215 1
1219 12 1
1219 213 1
1219 254 1
1219 233 1
1219 0 1
1219 251 1
1219 216 1
1219 1 1
902 2 1
902 214 1
902 4 1
902 238 1
902 249 1
902 234 1
902 0 1
902 204 1
902 240 1
1352 1 1
881 232 1
881 215 1
881 206 1
881 253 1
881 1 1
962 1018 1
962 188 1
962 256 1
962 407 1
962 804 1
962 340 1
962 768 1
962 1674 1
962 6 1
962 590 1
962 738 1
962 520 1
962 354 1
962 206 1
962 1016 1
385 209 1
385 216 1
385 211 1
385 240 1
385 250 1
385 358 1
385 219 1
385 204 1
385 243 1
385 212 1
385 210 1
385 256 1
385 214 1
385 246 1
385 0 1
385 249 1
385 16 1
385 233 1
385 6 1
385 12 1
385 213 1
385 206 1
385 5 1
385 248 1
1022 10 1
1022 11 1
336 235 1
336 6 1
336 11 1
849 240 1
222 209 1
222 217 1
222 256 1
222 10 1
222 246 1
222 12 1
222 210 1
222 249 1
222 16 1
222 233 1
222 6 1
222 11 1
222 8 1
222 206 1
222 248 1
1286 6 1
1286 335 1
1286 433 1
1286 674 1
1286 11 1
1286 4 1
1286 212 1
1286 7 1
938 6 1
938 1 1
938 608 1
938 1394 1
938 1273 1
938 2 1
938 204 1
1212 6 1
1212 0 1
1212 238 1
401 1239 1
401 1244 1
401 1253 1
401 1252 1
401 1250 1
401 1248 1
401 766 1
401 0 1
401 288 1
31 12 1
31 205 1
31 0 1
31 7 1
31 204 1
734 217 1
734 235 1
734 7 1
734 253 1
734 206 1
734 896 1
734 334 1
734 3 1
734 16 1
734 6 1
734 218 1
734 210 1
734 233 1
734 12 1
1144 218 1
1144 206 1
1144 256 1
48 245 1
1498 240 1
1498 215 1
1498 250 1
1498 204 1
1498 243 1
1498 210 1
1498 0 1
1498 10 1
1498 255 1
1498 247 1
1498 249 1
1498 16 1
1498 233 1
1498 8 1
1498 6 1
1498 218 1
1498 216 1
1498 253 1
1498 248 1
1498 256 1
1498 244 1
1498 206 1
1498 2 1
1498 246 1
1498 120 1
1454 0 1
1454 218 1
1454 246 1
1454 206 1
1454 10 1
1437 238 1
1437 1 1
1437 248 1
1437 240 1
1437 0 1
1437 246 1
1437 9 1
1437 232 1
1437 256 1
1437 255 1
1437 216 1
1437 251 1
1437 120 1
1437 210 1
1437 10 1
1437 250 1
1437 16 1
1437 233 1
1437 6 1
1437 213 1
1437 209 1
1437 249 1
1437 219 1
1437 7 1
1298 405 1
1298 3 1
1298 12 1
1298 604 1
1298 206 1
1298 544 1
22 8 1
22 218 1
22 0 1
22 206 1
169 340 1
1428 215 1
1428 240 1
1428 2 1
1428 232 1
1428 7 1
1428 210 1
1428 214 1
1428 1 1
1428 6 1
1428 16 1
1428 247 1
1428 254 1
1428 8 1
1428 0 1
1376 4 1
1376 233 1
1376 206 1
954 8 1
954 4 1
954 9 1
954 12 1
954 1 1
329 2 1
329 240 1
329 250 1
329 204 1
329 246 1
329 9 1
329 210 1
329 256 1
329 214 1
329 238 1
329 216 1
329 0 1
329 247 1
329 16 1
329 233 1
329 213 1
329 3 1
329 218 1
329 11 1
329 206 1
329 245 1
329 249 1
329 219 1
329 248 1
329 12 1
1174 214 1
1174 7 1
1174 253 1
1174 215 1
1174 240 1
1174 250 1
1174 232 1
1174 243 1
1174 1 1
1174 0 1
1174 246 1
1174 210 1
1174 256 1
1174 16 1
1174 233 1
1174 252 1
1174 213 1
1174 6 1
1174 216 1
1174 120 1
1174 206 1
1174 255 1
1174 249 1
1174 219 1
1174 12 1
295 10 1
295 251 1
295 0 1
295 3 1
295 250 1
295 11 1
295 233 1
295 6 1
295 206 1
295 2 1
295 12 1
1332 1871 1
1332 7 1
1332 492 1
1332 1450 1
1332 288 1
1332 1872 1
1332 610 1
1332 513 1
1332 354 1
1332 219 1
1332 268 1
1332 168 1
1332 3 1
1332 1944 1
1332 1053 1
1332 1122 1
1332 197 1
1332 343 1
1332 927 1
1332 291 1
1332 10 1
1332 1637 1
1332 1603 1
1332 357 1
1332 1036 1
1332 235 1
1332 1843 1
1332 1866 1
1332 11 1
1332 1767 1
1332 102 1
1332 2 1
1332 204 1
1332 340 1
1332 562 1
1332 0 1
611 12 1
1035 212 1
1035 206 1
1035 10 1
1035 12 1
1201 7 1
1201 1 1
1201 215 1
1201 10 1
1201 120 1
1201 240 1
1201 235 1
1201 243 1
1201 205 1
1201 9 1
1201 251 1
1201 210 1
1201 0 1
1201 249 1
1201 16 1
1201 233 1
1201 247 1
1201 248 1
1201 213 1
1201 3 1
1201 256 1
1201 209 1
1201 242 1
1201 219 1
1201 246 1
952 4 1
952 206 1
952 6 1
409 235 1
409 256 1
409 0 1
409 10 1
409 206 1
590 924 1
590 317 1
590 434 1
590 739 1
590 217 1
590 286 1
590 591 1
590 752 1
590 605 1
590 657 1
590 58 1
590 984 1
590 273 1
590 834 1
590 306 1
590 206 1
590 693 1
590 699 1
590 69 1
590 334 1
590 390 1
590 397 1
590 674 1
590 738 1
590 656 1
590 528 1
590 922 1
590 722 1
590 764 1
590 338 1
590 689 1
590 940 1
590 147 1
590 587 1
590 584 1
590 511 1
590 745 1
590 396 1
947 204 1
947 214 1
947 1 1
947 215 1
947 240 1
947 9 1
947 256 1
947 206 1
947 83 1
947 213 1
947 6 1
947 0 1
947 219 1
1109 12 1
1109 254 1
1109 256 1
1109 214 1
1109 1 1
911 235 1
911 2 1
911 7 1
911 1 1
911 10 1
911 5 1
467 7 1
467 213 1
467 215 1
467 1 1
467 317 1
467 250 1
467 232 1
467 243 1
467 253 1
467 256 1
467 214 1
467 8 1
467 245 1
467 3 1
467 11 1
467 16 1
467 254 1
467 252 1
467 240 1
467 0 1
467 206 1
467 249 1
467 246 1
467 219 1
467 12 1
1387 240 1
1387 120 1
1387 250 1
1387 256 1
1387 232 1
1387 7 1
1387 245 1
1387 210 1
1387 212 1
1387 0 1
1387 1 1
1387 246 1
1387 206 1
1387 16 1
1387 6 1
1387 8 1
1387 213 1
1387 10 1
1387 216 1
1387 3 1
1387 2 1
1387 244 1
1387 255 1
1387 219 1
1387 12 1
905 8 1
905 4 1
905 210 1
905 206 1
905 0 1
905 896 1
905 7 1
252 1 1
546 4 1
546 204 1
546 10 1
546 240 1
546 1 1
546 248 1
546 243 1
546 232 1
546 210 1
546 0 1
546 214 1
546 249 1
546 256 1
546 246 1
546 235 1
546 206 1
546 247 1
546 215 1
546 16 1
546 6 1
546 213 1
546 216 1
546 244 1
546 253 1
546 219 1
662 7 1
662 9 1
662 210 1
662 206 1
662 16 1
662 215 1
662 6 1
662 3 1
662 8 1
662 0 1
662 219 1
1404 6 1
1404 250 1
1404 204 1
1404 0 1
1404 249 1
1404 240 1
761 204 1
761 243 1
761 9 1
761 0 1
761 256 1
761 10 1
761 238 1
761 216 1
761 206 1
761 247 1
761 249 1
761 16 1
761 252 1
761 6 1
761 8 1
761 248 1
761 210 1
761 255 1
761 219 1
761 2 1
761 12 1
624 215 1
624 240 1
624 2 1
624 232 1
624 204 1
624 7 1
624 9 1
624 214 1
624 216 1
624 1 1
624 206 1
624 16 1
624 6 1
624 8 1
624 213 1
624 256 1
624 210 1
624 246 1
624 120 1
1486 206 1
818 8 1
818 7 1
818 206 1
818 4 1
818 214 1
818 254 1
538 235 1
538 240 1
538 250 1
538 210 1
538 204 1
538 232 1
538 246 1
538 253 1
538 251 1
538 0 1
538 10 1
538 238 1
538 120 1
538 249 1
538 11 1
538 16 1
538 233 1
538 8 1
538 213 1
538 3 1
538 216 1
538 254 1
538 206 1
538 255 1
538 248 1
110 215 1
110 251 1
110 243 1
110 242 1
110 256 1
110 245 1
110 10 1
110 206 1
110 210 1
110 3 1
110 250 1
110 11 1
110 16 1
110 83 1
110 252 1
110 213 1
110 6 1
110 216 1
110 8 1
110 240 1
110 209 1
110 2 1
110 249 1
110 246 1
110 233 1
54 210 1
54 0 1
54 10 1
54 3 1
54 11 1
54 16 1
54 8 1
54 252 1
54 6 1
54 1 1
54 213 1
54 206 1
54 7 1
54 248 1
642 232 1
642 256 1
642 0 1
642 12 1
642 1 1
606 218 1
606 204 1
606 4 1
606 206 1
606 0 1
606 234 1
606 1 1
1240 4 1
1240 254 1
1240 212 1
1240 252 1
1240 16 1
1240 7 1
1240 240 1
1240 248 1
1240 243 1
1240 204 1
1240 232 1
1240 210 1
1240 0 1
1240 245 1
1240 10 1
1240 234 1
1240 214 1
1240 233 1
1240 213 1
1240 6 1
1240 255 1
1240 206 1
1240 246 1
1240 219 1
1240 12 1
1344 218 1
1344 6 1
1344 4 1
1344 0 1
1344 205 1
1344 5 1
1023 240 1
1023 250 1
1023 235 1
1023 246 1
1023 0 1
1023 214 1
1023 3 1
1023 249 1
1023 11 1
1023 16 1
1023 83 1
1023 213 1
1023 1 1
1023 8 1
1023 12 1
1023 255 1
1023 219 1
1023 248 1
258 2 1
258 83 1
258 4 1
258 219 1
258 210 1
258 249 1
258 244 1
258 12 1
626 10 1
626 214 1
671 9 1
671 215 1
671 2 1
671 240 1
671 250 1
671 210 1
671 204 1
671 243 1
671 256 1
671 10 1
671 1 1
671 120 1
671 6 1
671 5 1
671 16 1
671 247 1
671 252 1
671 216 1
671 8 1
671 0 1
671 206 1
671 255 1
671 249 1
671 246 1
671 12 1
171 83 1
171 2 1
171 232 1
171 250 1
171 204 1
171 7 1
171 9 1
171 214 1
171 255 1
171 216 1
171 1 1
171 206 1
171 247 1
171 16 1
171 249 1
171 6 1
171 8 1
171 213 1
171 254 1
171 120 1
171 256 1
171 0 1
171 210 1
171 246 1
171 248 1
271 147 1
271 1009 1
271 291 1
271 212 1
271 281 1
271 637 1
271 388 1
271 209 1
271 678 1
271 51 1
271 397 1
271 586 1
271 1006 1
271 960 1
271 25 1
271 942 1
271 940 1
271 950 1
271 10 1
271 752 1
271 943 1
271 720 1
271 535 1
271 431 1
271 699 1
271 923 1
271 723 1
271 1015 1
271 605 1
271 603 1
271 703 1
271 697 1
271 711 1
271 467 1
271 30 1
271 378 1
271 888 1
271 1013 1
271 932 1
271 980 1
271 217 1
271 709 1
271 594 1
271 656 1
271 269 1
271 1002 1
271 1001 1
271 1000 1
271 472 1
271 749 1
271 974 1
271 938 1
271 745 1
271 12 1
271 931 1
271 944 1
271 922 1
271 304 1
271 1010 1
271 294 1
271 1005 1
271 69 1
271 998 1
271 307 1
271 267 1
271 753 1
271 312 1
271 488 1
271 451 1
271 303 1
271 444 1
271 956 1
271 235 1
271 213 1
271 418 1
271 719 1
271 834 1
271 831 1
271 716 1
271 588 1
271 726 1
271 593 1
271 696 1
271 614 1
271 708 1
271 706 1
271 317 1
271 734 1
271 171 1
271 744 1
271 335 1
271 836 1
271 965 1
271 485 1
271 452 1
271 715 1
271 597 1
271 731 1
271 689 1
271 590 1
271 584 1
569 251 1
569 0 1
569 10 1
569 238 1
569 246 1
569 206 1
569 120 1
569 210 1
569 11 1
569 233 1
569 1355 1
569 252 1
569 6 1
569 216 1
569 8 1
569 249 1
569 248 1
569 12 1
824 519 1
824 1 1
824 727 1
824 532 1
824 217 1
824 718 1
824 317 1
824 72 1
824 714 1
824 273 1
824 266 1
824 434 1
824 0 1
824 69 1
824 294 1
824 881 1
824 30 1
824 16 1
824 751 1
824 495 1
824 6 1
824 218 1
824 1561 1
824 511 1
824 269 1
824 396 1
162 216 1
162 209 1
162 2 1
162 7 1
162 4 1
162 253 1
162 219 1
162 11 1
162 10 1
162 212 1
449 3 1
449 245 1
449 0 1
449 204 1
621 240 1
621 0 1
621 10 1
621 238 1
621 3 1
621 206 1
621 210 1
621 6 1
621 16 1
621 252 1
621 1 1
621 254 1
621 242 1
621 249 1
621 7 1
621 12 1
990 215 1
990 240 1
990 250 1
990 232 1
990 243 1
990 205 1
990 253 1
990 256 1
990 8 1
990 1 1
990 246 1
990 248 1
990 206 1
990 3 1
990 16 1
990 233 1
990 6 1
990 254 1
990 213 1
990 218 1
990 245 1
990 0 1
990 210 1
990 249 1
990 12 1
1342 210 1
1342 0 1
1342 10 1
1342 238 1
1342 206 1
1342 214 1
1342 233 1
1342 6 1
1342 252 1
1342 213 1
1342 3 1
1342 1 1
1342 8 1
1342 7 1
1342 12 1
633 252 1
633 12 1
633 206 1
633 813 1
633 10 1
633 16 1
937 335 1
937 1249 1
937 1236 1
937 256 1
937 1245 1
937 446 1
937 16 1
937 1237 1
937 1243 1
937 1250 1
937 206 1
937 498 1
937 288 1
1501 240 1
1501 243 1
1501 212 1
1501 0 1
1501 214 1
1501 246 1
1501 248 1
1501 210 1
1501 16 1
1501 250 1
1501 216 1
1501 233 1
1501 247 1
1501 213 1
1501 252 1
1501 6 1
1501 1 1
1501 244 1
1501 206 1
1501 255 1
1501 249 1
1501 7 1
1501 219 1
1501 12 1
268 1 1
268 6 1
268 10 1
92 6 1
92 1 1
92 0 1
92 10 1
92 206 1
92 12 1
809 250 1
809 0 1
809 1 1
809 216 1
809 214 1
809 6 1
809 8 1
809 218 1
809 254 1
809 206 1
809 249 1
1405 329 1
1405 476 1
1405 0 1
1405 206 1
1405 322 1
1405 804 1
1405 594 1
1405 768 1
1405 493 1
1405 235 1
1405 1081 1
1405 1086 1
1405 331 1
1405 1117 1
1405 323 1
1405 6 1
1405 290 1
1405 239 1
1405 1358 1
1405 315 1
1405 780 1
1405 16 1
958 9 1
958 0 1
958 12 1
958 10 1
958 238 1
958 204 1
325 205 1
325 212 1
325 214 1
325 7 1
325 216 1
325 256 1
325 1 1
325 3 1
325 16 1
325 249 1
325 8 1
325 244 1
745 211 1
745 240 1
745 215 1
745 250 1
745 206 1
745 1 1
745 253 1
745 251 1
745 256 1
745 214 1
745 255 1
745 120 1
745 6 1
745 269 1
745 16 1
745 233 1
745 12 1
745 213 1
745 8 1
745 0 1
745 210 1
745 242 1
745 249 1
745 246 1
745 3 1
1449 210 1
1449 7 1
1449 5 1
373 251 1
373 243 1
373 253 1
373 210 1
373 256 1
373 0 1
373 214 1
373 238 1
373 216 1
373 1 1
373 246 1
373 205 1
373 206 1
373 3 1
373 250 1
373 16 1
373 233 1
373 248 1
373 252 1
373 213 1
373 232 1
373 240 1
373 242 1
373 7 1
373 12 1
1078 11 1
1078 6 1
1078 206 1
1163 1458 1
1163 0 1
1163 7 1
1163 212 1
1163 493 1
1163 253 1
1163 238 1
1163 11 1
1163 711 1
1163 16 1
1163 6 1
1163 216 1
1163 210 1
1163 12 1
208 248 1
208 215 1
208 240 1
208 255 1
208 252 1
208 256 1
208 232 1
208 247 1
208 246 1
208 253 1
208 214 1
208 1 1
208 243 1
208 120 1
208 210 1
208 233 1
208 213 1
208 6 1
208 216 1
208 0 1
208 244 1
208 245 1
208 249 1
208 219 1
208 12 1
787 215 1
787 240 1
787 250 1
787 232 1
787 246 1
787 253 1
787 210 1
787 256 1
787 0 1
787 10 1
787 238 1
787 3 1
787 233 1
787 247 1
787 252 1
787 213 1
787 6 1
787 216 1
787 251 1
787 12 1
787 249 1
787 7 1
787 219 1
787 248 1
787 243 1
939 218 1
939 235 1
939 3 1
939 205 1
776 252 1
776 235 1
776 11 1
776 216 1
776 209 1
776 244 1
776 0 1
776 1 1
776 234 1
776 204 1
243 235 1
243 5 1
243 0 1
243 1 1
878 204 1
878 9 1
878 7 1
878 1 1
878 2 1
878 240 1
878 250 1
878 243 1
878 253 1
878 256 1
878 0 1
878 10 1
878 210 1
878 16 1
878 233 1
878 120 1
878 252 1
878 213 1
878 218 1
878 216 1
878 206 1
878 255 1
878 249 1
878 219 1
878 12 1
637 215 1
637 716 1
637 9 1
637 334 1
637 0 1
637 210 1
637 1 1
637 718 1
637 206 1
637 249 1
637 11 1
637 6 1
637 204 1
637 433 1
637 1120 1
637 8 1
635 701 1
603 256 1
603 1 1
1434 7 1
1434 156 1
1434 309 1
1434 10 1
1434 16 1
1434 390 1
1434 6 1
1434 1 1
1434 8 1
1434 544 1
1434 233 1
1158 83 1
1158 7 1
1158 253 1
1158 240 1
1158 733 1
1158 250 1
1158 1272 1
1158 243 1
1158 755 1
1158 637 1
1158 248 1
1158 210 1
1158 256 1
1158 0 1
1158 10 1
1158 255 1
1158 1270 1
1158 120 1
1158 6 1
1158 249 1
1158 233 1
1158 16 1
1158 252 1
1158 213 1
1158 3 1
1158 216 1
1158 245 1
1158 756 1
1158 12 1
1158 246 1
579 1 1
579 232 1
579 6 1
579 7 1
579 9 1
579 10 1
579 238 1
579 3 1
579 206 1
579 247 1
579 252 1
579 254 1
579 0 1
545 1348 1
545 317 1
545 215 1
545 240 1
545 591 1
545 713 1
545 210 1
545 206 1
545 674 1
545 1115 1
545 390 1
545 0 1
545 244 1
545 1347 1
545 488 1
890 844 1
890 1110 1
890 7 1
890 1 1
890 306 1
890 235 1
890 1077 1
890 1103 1
890 1116 1
890 804 1
890 210 1
890 615 1
890 1083 1
890 1477 1
890 206 1
890 289 1
890 610 1
890 1101 1
890 1109 1
890 262 1
890 1079 1
890 285 1
890 1100 1
890 268 1
946 243 1
946 2 1
946 215 1
946 240 1
946 1 1
946 250 1
946 247 1
946 251 1
946 242 1
946 253 1
946 256 1
946 209 1
946 9 1
946 120 1
946 3 1
946 216 1
946 16 1
946 233 1
946 6 1
946 8 1
946 1117 1
946 341 1
946 0 1
946 210 1
946 249 1
946 12 1
946 246 1
759 204 1
759 209 1
759 213 1
759 8 1
759 256 1
759 246 1
759 253 1
759 232 1
759 0 1
759 3 1
759 240 1
759 250 1
759 16 1
759 211 1
759 254 1
759 6 1
759 216 1
759 2 1
759 244 1
759 206 1
759 255 1
759 249 1
759 7 1
759 12 1
759 243 1
53 256 1
156 218 1
156 12 1
156 1 1
471 0 1
471 206 1
471 591 1
471 4 1
471 521 1
471 210 1
471 217 1
471 219 1
471 12 1
280 240 1
280 251 1
280 243 1
280 205 1
280 253 1
280 210 1
280 0 1
280 256 1
280 10 1
280 246 1
280 235 1
280 206 1
280 3 1
280 16 1
280 249 1
280 216 1
280 248 1
280 252 1
280 6 1
280 83 1
280 250 1
280 242 1
280 204 1
280 219 1
280 12 1
820 243 1
820 216 1
820 240 1
820 250 1
820 204 1
820 255 1
820 1 1
820 206 1
820 6 1
820 213 1
820 254 1
820 120 1
820 0 1
820 210 1
820 248 1
66 7 1
66 210 1
66 256 1
66 0 1
66 206 1
66 3 1
66 233 1
66 6 1
66 8 1
66 218 1
66 249 1
161 769 1
504 240 1
504 1 1
504 246 1
504 250 1
504 251 1
504 204 1
504 5 1
504 243 1
504 242 1
504 232 1
504 210 1
504 209 1
504 2 1
504 245 1
504 3 1
504 249 1
504 16 1
504 213 1
504 6 1
504 216 1
504 0 1
504 206 1
504 255 1
504 12 1
332 9 1
332 6 1
332 215 1
332 206 1
332 219 1
332 204 1
120 245 1
120 205 1
120 253 1
120 251 1
120 256 1
120 214 1
120 238 1
120 1 1
120 243 1
120 16 1
120 250 1
120 11 1
120 233 1
120 6 1
120 254 1
120 213 1
120 83 1
120 219 1
120 0 1
120 210 1
120 255 1
120 249 1
120 7 1
120 12 1
120 246 1
986 83 1
986 7 1
986 240 1
986 250 1
986 246 1
986 243 1
986 205 1
986 212 1
986 256 1
986 245 1
986 209 1
986 0 1
986 248 1
986 6 1
986 233 1
986 252 1
986 213 1
986 10 1
986 218 1
986 1 1
986 16 1
986 249 1
986 219 1
986 2 1
986 12 1
610 1 1
610 8 1
610 6 1
610 10 1
610 0 1
1060 217 1
1060 10 1
1060 251 1
138 204 1
138 232 1
138 9 1
138 251 1
138 210 1
138 0 1
138 10 1
138 1 1
138 243 1
138 12 1
138 206 1
138 3 1
138 16 1
138 233 1
138 6 1
138 120 1
138 252 1
138 216 1
138 8 1
138 247 1
138 256 1
138 244 1
138 214 1
138 242 1
138 249 1
312 215 1
312 250 1
312 1128 1
312 698 1
312 657 1
312 210 1
312 1126 1
312 240 1
312 1125 1
312 16 1
312 776 1
312 6 1
312 1 1
312 12 1
312 244 1
312 206 1
312 1124 1
312 249 1
312 1127 1
312 2 1
86 235 1
86 238 1
86 256 1
86 0 1
86 204 1
1345 9 1
1345 11 1
1345 0 1
1345 234 1
1102 7 1
1102 212 1
1480 977 1
1480 1037 1
411 212 1
411 248 1
411 240 1
411 247 1
411 232 1
411 734 1
411 219 1
411 204 1
411 251 1
411 2 1
411 7 1
411 205 1
411 245 1
411 238 1
411 216 1
411 246 1
411 235 1
411 206 1
411 10 1
411 5 1
411 16 1
411 233 1
411 6 1
411 255 1
411 0 1
411 249 1
1417 1197 1
1417 1485 1
1417 1196 1
1417 1593 1
1417 489 1
1417 786 1
1417 1035 1
1417 513 1
1417 1 1
1432 1484 1
1432 0 1
1432 1 1
953 1 1
1262 7 1
1262 248 1
1262 240 1
1262 250 1
1262 232 1
1262 204 1
1262 243 1
1262 205 1
1262 0 1
1262 253 1
1262 216 1
1262 206 1
1262 6 1
1262 16 1
1262 247 1
1262 252 1
1262 3 1
1262 209 1
1262 255 1
1262 249 1
1262 2 1
1262 246 1
1185 240 1
1185 204 1
1185 0 1
1408 232 1
1408 218 1
1408 254 1
1408 219 1
1408 4 1
1408 10 1
1408 12 1
879 120 1
879 7 1
879 218 1
879 4 1
879 0 1
599 204 1
599 2 1
599 0 1
599 242 1
599 4 1
599 1 1
552 9 1
552 206 1
552 0 1
552 10 1
552 12 1
552 204 1
1032 831 1
1032 1558 1
1032 312 1
1133 256 1
1133 206 1
773 215 1
773 3 1
773 12 1
773 290 1
773 0 1
773 9 1
773 6 1
773 804 1
773 49 1
773 1535 1
356 1 1
1365 253 1
1365 256 1
1365 6 1
1365 249 1
1365 16 1
1365 252 1
1365 213 1
1365 1 1
1365 8 1
1365 254 1
1365 12 1
1365 244 1
1365 210 1
1365 248 1
1122 1 1
1122 4 1
1122 234 1
1122 0 1
1122 7 1
1122 12 1
1378 218 1
1378 233 1
1378 396 1
1067 3 1
1067 7 1
1067 10 1
1067 1541 1
716 252 1
716 218 1
716 4 1
716 1 1
1224 1 1
1224 240 1
1224 243 1
1224 250 1
1224 251 1
1224 246 1
1224 253 1
1224 256 1
1224 209 1
1224 238 1
1224 3 1
1224 235 1
1224 210 1
1224 247 1
1224 11 1
1224 16 1
1224 233 1
1224 252 1
1224 213 1
1224 6 1
1224 216 1
1224 206 1
1224 249 1
1224 219 1
1224 12 1
407 235 1
407 209 1
407 210 1
407 204 1
407 7 1
407 0 1
407 206 1
407 4 1
407 205 1
407 214 1
