664 0 1
664 206 1
664 1 1
238 8 1
238 0 1
238 3 1
238 206 1
238 10 1
238 204 1
238 5 1
199 10 1
199 391 1
199 158 1
199 240 1
199 250 1
199 204 1
199 627 1
199 120 1
199 50 1
199 0 1
199 3 1
199 249 1
199 459 1
199 254 1
199 213 1
199 6 1
199 216 1
199 8 1
199 244 1
199 210 1
199 603 1
199 7 1
1429 204 1
1429 233 1
1429 83 1
1429 243 1
1429 1 1
1429 240 1
1429 218 1
1429 248 1
1429 0 1
1429 10 1
1429 255 1
1429 246 1
1429 120 1
1429 210 1
1429 247 1
1429 215 1
1429 7 1
1429 12 1
1429 252 1
1429 213 1
1429 6 1
1429 216 1
1429 209 1
1429 245 1
1429 219 1
1260 240 1
1260 210 1
1260 204 1
1260 232 1
1260 7 1
1260 0 1
1260 256 1
1260 214 1
1260 238 1
1260 243 1
1260 249 1
1260 233 1
1260 211 1
1260 120 1
1260 252 1
1260 213 1
1260 6 1
1260 216 1
1260 8 1
1260 244 1
1260 206 1
1260 16 1
1260 246 1
622 204 1
622 2 1
622 0 1
622 1 1
1104 6 1
1104 7 1
1104 12 1
1104 0 1
1104 212 1
1104 210 1
1104 214 1
1068 7 1
1068 215 1
1068 240 1
1068 250 1
1068 205 1
1068 212 1
1068 0 1
1068 256 1
1068 10 1
1068 243 1
1068 120 1
1068 16 1
1068 249 1
1068 11 1
1068 233 1
1068 83 1
1068 252 1
1068 3 1
1068 216 1
1068 210 1
1068 12 1
1479 211 1
1479 209 1
1479 250 1
1479 240 1
1479 215 1
1479 248 1
1479 246 1
1479 9 1
1479 0 1
1479 3 1
1479 235 1
1479 210 1
1479 247 1
1479 249 1
1479 16 1
1479 12 1
1479 213 1
1479 216 1
1479 8 1
1479 256 1
1479 244 1
1479 7 1
1479 219 1
1479 2 1
1479 243 1
210 120 1
210 238 1
210 206 1
210 12 1
137 235 1
137 246 1
137 243 1
137 204 1
137 251 1
137 253 1
137 232 1
137 0 1
137 256 1
137 238 1
137 240 1
137 206 1
137 248 1
137 210 1
137 16 1
137 5 1
137 247 1
137 254 1
137 216 1
137 8 1
137 250 1
137 245 1
137 249 1
137 7 1
137 12 1
670 2 1
670 716 1
670 7 1
670 212 1
670 306 1
670 10 1
670 250 1
670 674 1
670 16 1
670 6 1
670 12 1
670 213 1
670 533 1
670 1 1
670 8 1
670 0 1
670 244 1
670 206 1
670 249 1
670 1439 1
670 120 1
670 1011 1
908 214 1
908 216 1
908 242 1
908 240 1
908 2 1
908 246 1
908 243 1
908 256 1
908 232 1
908 120 1
908 212 1
908 251 1
908 209 1
908 12 1
908 206 1
908 250 1
908 11 1
908 233 1
908 6 1
908 254 1
908 213 1
908 8 1
908 0 1
908 255 1
908 249 1
284 277 1
284 786 1
284 206 1
284 10 1
284 2 1
284 334 1
284 6 1
284 11 1
284 587 1
284 233 1
284 210 1
284 1037 1
508 701 1
508 936 1
508 926 1
508 591 1
508 240 1
508 413 1
508 10 1
508 433 1
508 235 1
508 250 1
508 248 1
508 282 1
508 763 1
508 351 1
508 68 1
508 217 1
508 487 1
508 210 1
508 0 1
508 778 1
508 3 1
508 597 1
508 6 1
508 1079 1
508 1 1
508 510 1
508 249 1
508 12 1
508 928 1
5 6 1
5 210 1
5 1 1
536 247 1
536 1016 1
536 250 1
536 1 1
536 232 1
536 246 1
536 253 1
536 210 1
536 0 1
536 8 1
536 2 1
536 243 1
536 3 1
536 5 1
536 16 1
536 120 1
536 213 1
536 6 1
536 251 1
536 240 1
536 244 1
536 206 1
536 249 1
536 7 1
536 248 1
1281 238 1
1281 0 1
1281 7 1
1281 210 1
1281 219 1
1307 246 1
1307 248 1
1307 206 1
1307 6 1
1307 16 1
1307 233 1
1307 254 1
1307 213 1
1307 0 1
1307 210 1
1307 249 1
1307 219 1
1307 243 1
704 216 1
704 240 1
704 2 1
704 215 1
704 232 1
704 256 1
704 0 1
704 1 1
704 3 1
704 249 1
704 213 1
704 6 1
704 120 1
704 206 1
704 219 1
704 12 1
619 245 1
619 1054 1
619 206 1
619 6 1
619 234 1
619 210 1
1079 232 1
1079 210 1
1079 0 1
1079 10 1
1079 238 1
1079 16 1
1079 233 1
1079 254 1
1079 213 1
1079 6 1
1079 216 1
1079 244 1
1079 214 1
1079 12 1
344 3 1
344 58 1
344 214 1
344 306 1
344 245 1
344 7 1
344 240 1
344 511 1
344 243 1
1098 235 1
1098 240 1
1098 250 1
1098 253 1
1098 256 1
1098 0 1
1098 16 1
1098 247 1
1098 248 1
1098 213 1
1098 249 1
1098 12 1
235 212 1
235 10 1
235 219 1
1419 204 1
1419 232 1
1419 7 1
1419 212 1
1419 256 1
1419 0 1
1419 214 1
1419 255 1
1419 243 1
1419 248 1
1419 3 1
1419 249 1
1419 11 1
1419 16 1
1419 247 1
1419 8 1
1419 6 1
1419 213 1
1419 254 1
1419 12 1
1419 206 1
1419 246 1
1419 219 1
1419 120 1
422 215 1
422 1 1
422 4 1
422 253 1
422 238 1
422 256 1
422 3 1
422 10 1
1492 1978 1
1492 1351 1
1492 1979 1
1492 1728 1
1492 0 1
1492 935 1
1492 12 1
425 210 1
425 0 1
425 10 1
425 206 1
425 11 1
425 214 1
425 254 1
425 213 1
425 6 1
425 249 1
425 12 1
1087 250 1
1087 12 1
1087 6 1
1087 9 1
1087 206 1
1087 490 1
1087 0 1
1087 7 1
1087 204 1
1087 1 1
844 1009 1
844 1603 1
844 440 1
844 584 1
844 205 1
844 1612 1
844 235 1
844 378 1
844 1608 1
844 529 1
844 535 1
844 485 1
844 243 1
844 1454 1
844 210 1
844 493 1
844 214 1
844 1605 1
844 247 1
844 1618 1
844 471 1
844 6 1
844 508 1
844 12 1
844 182 1
844 232 1
844 1218 1
844 294 1
844 215 1
844 120 1
844 1617 1
844 179 1
844 159 1
844 1600 1
844 1610 1
844 1485 1
844 559 1
844 1565 1
844 346 1
844 1071 1
844 408 1
844 264 1
844 204 1
844 588 1
844 83 1
844 217 1
844 2 1
844 486 1
844 201 1
844 317 1
844 9 1
844 0 1
844 246 1
844 875 1
844 206 1
844 899 1
844 1022 1
844 16 1
844 1604 1
844 69 1
844 1614 1
844 511 1
1056 6 1
1056 0 1
1056 1 1
1311 212 1
1311 9 1
1311 0 1
1311 206 1
1311 1 1
715 243 1
715 216 1
715 250 1
715 253 1
715 256 1
715 214 1
715 238 1
715 246 1
715 206 1
715 248 1
715 249 1
715 233 1
715 12 1
715 252 1
715 6 1
715 218 1
715 1 1
715 8 1
715 254 1
715 210 1
715 2 1
72 232 1
72 243 1
72 212 1
72 251 1
72 210 1
72 0 1
72 256 1
72 10 1
72 238 1
72 246 1
72 3 1
72 11 1
72 16 1
72 233 1
72 6 1
72 254 1
72 213 1
72 252 1
72 216 1
72 244 1
72 206 1
72 255 1
72 249 1
72 7 1
72 12 1
1282 246 1
1282 9 1
1282 250 1
1282 240 1
1282 233 1
1282 215 1
1282 7 1
1282 212 1
1282 210 1
1282 0 1
1282 238 1
1282 1 1
1282 243 1
1282 120 1
1282 16 1
1282 247 1
1282 213 1
1282 252 1
1282 218 1
1282 216 1
1282 256 1
1282 206 1
1282 12 1
867 218 1
867 3 1
867 214 1
867 7 1
867 206 1
867 0 1
867 1 1
211 218 1
211 1 1
211 206 1
211 204 1
211 9 1
211 238 1
211 210 1
211 4 1
211 214 1
12 227 1
12 228 1
12 206 1
12 223 1
12 217 1
12 205 1
12 224 1
12 229 1
431 250 1
431 216 1
431 206 1
431 9 1
431 238 1
431 210 1
431 0 1
431 214 1
431 204 1
431 1 1
1293 2 1
1293 8 1
1293 218 1
89 213 1
89 2 1
89 0 1
89 204 1
89 12 1
1400 213 1
801 12 1
834 8 1
834 3 1
834 204 1
834 7 1
1236 269 1
1236 1710 1
1198 6 1
1198 0 1
1198 925 1
1198 846 1
1198 238 1
1198 212 1
1198 637 1
1198 841 1
1198 1115 1
1198 1541 1
1198 1122 1
1198 431 1
1198 218 1
1198 3 1
1198 489 1
1198 205 1
1198 711 1
1198 588 1
1198 1034 1
1198 779 1
1198 235 1
1198 243 1
1198 493 1
1198 214 1
1198 298 1
1198 504 1
1198 508 1
1198 1273 1
1198 248 1
1198 307 1
1198 232 1
1198 242 1
1198 1830 1
1198 527 1
1198 926 1
1198 211 1
1198 695 1
1198 244 1
1198 90 1
1198 274 1
1198 83 1
1198 2 1
1198 215 1
1198 204 1
1198 521 1
1198 251 1
1198 10 1
1198 364 1
1198 929 1
1198 210 1
1198 213 1
1198 254 1
1198 256 1
1198 809 1
1198 120 1
200 404 1
200 215 1
200 240 1
200 204 1
200 256 1
200 214 1
200 216 1
200 1 1
200 206 1
200 902 1
200 16 1
200 6 1
200 249 1
200 7 1
200 2 1
1288 1 1
1288 50 1
1288 235 1
1288 1172 1
1288 240 1
1288 8 1
1288 232 1
1288 205 1
1288 212 1
1288 210 1
1288 256 1
1288 245 1
1288 214 1
1288 246 1
1288 206 1
1288 6 1
1288 215 1
1288 239 1
1288 1936 1
1288 16 1
1288 252 1
1288 433 1
1288 3 1
1288 243 1
1288 209 1
1288 244 1
1288 255 1
1288 249 1
1288 204 1
1288 7 1
1288 219 1
1288 12 1
190 9 1
190 6 1
190 12 1
190 253 1
190 7 1
190 0 1
190 206 1
190 10 1
190 204 1
1271 210 1
1271 6 1
1271 0 1
1271 256 1
1271 876 1
371 206 1
1027 16 1
1027 1 1
1027 475 1
1393 16 1
1393 234 1
1431 11 1
1431 240 1
1431 599 1
1431 256 1
1431 205 1
1431 253 1
1431 217 1
1431 511 1
1431 1 1
1431 210 1
1431 6 1
1431 16 1
1431 489 1
1431 508 1
1431 312 1
1431 0 1
1431 206 1
1431 249 1
1431 745 1
1431 12 1
1500 247 1
1500 0 1
1500 5 1
1500 245 1
1500 1 1
1500 251 1
1500 256 1
1500 10 1
1500 3 1
1500 243 1
1500 235 1
1500 6 1
1500 7 1
1500 233 1
1500 248 1
1500 252 1
1500 209 1
1500 250 1
1500 16 1
1500 255 1
1500 249 1
1500 206 1
1500 219 1
1500 2 1
1500 246 1
1113 3 1
1113 232 1
1113 2 1
1113 214 1
1113 4 1
1113 206 1
1113 256 1
1113 5 1
1113 1 1
285 7 1
285 1 1
285 240 1
285 256 1
285 206 1
285 11 1
285 6 1
285 12 1
285 0 1
285 219 1
285 120 1
124 215 1
124 2 1
124 250 1
124 204 1
124 7 1
124 253 1
124 3 1
124 16 1
124 6 1
124 0 1
124 210 1
682 10 1
682 511 1
682 3 1
682 243 1
682 120 1
682 210 1
682 6 1
682 233 1
682 16 1
682 213 1
682 218 1
682 216 1
682 0 1
682 244 1
1181 3 1
1181 10 1
353 246 1
353 4 1
353 12 1
353 9 1
964 217 1
964 120 1
964 240 1
964 605 1
964 693 1
964 256 1
964 251 1
964 1640 1
964 10 1
964 0 1
964 255 1
964 856 1
964 584 1
964 206 1
964 216 1
964 16 1
964 252 1
964 6 1
964 679 1
964 12 1
729 209 1
729 1 1
729 215 1
729 240 1
729 2 1
729 250 1
729 204 1
729 232 1
729 7 1
729 9 1
729 255 1
729 216 1
729 246 1
729 206 1
729 16 1
729 8 1
729 213 1
729 6 1
729 254 1
729 256 1
729 210 1
729 249 1
729 120 1
386 804 1
173 7 1
173 11 1
173 246 1
173 205 1
173 251 1
173 243 1
173 253 1
173 0 1
173 256 1
173 10 1
173 1 1
173 240 1
173 233 1
173 210 1
173 250 1
173 16 1
173 211 1
173 6 1
173 218 1
173 235 1
173 206 1
173 255 1
173 249 1
173 219 1
173 12 1
767 235 1
767 6 1
767 4 1
767 253 1
767 7 1
1221 9 1
1221 238 1
1221 251 1
1221 1 1
1221 212 1
1221 214 1
1221 204 1
1221 12 1
765 210 1
765 212 1
765 16 1
765 6 1
765 254 1
765 8 1
765 3 1
765 0 1
765 206 1
765 249 1
765 12 1
553 7 1
553 306 1
553 4 1
553 397 1
553 206 1
788 235 1
788 4 1
788 256 1
788 206 1
956 6 1
956 218 1
956 212 1
956 206 1
956 0 1
956 10 1
1502 6 1
1502 204 1
1502 4 1
1502 12 1
125 2 1
125 7 1
125 206 1
125 254 1
125 4 1
125 547 1
125 10 1
125 6 1
125 120 1
125 83 1
167 10 1
167 1 1
167 240 1
167 250 1
167 0 1
167 232 1
167 7 1
167 205 1
167 245 1
167 214 1
167 6 1
167 243 1
167 213 1
167 212 1
167 16 1
167 120 1
167 252 1
167 219 1
167 216 1
167 210 1
167 255 1
167 249 1
167 246 1
167 233 1
167 12 1
509 363 1
509 752 1
509 309 1
509 391 1
509 637 1
509 686 1
509 485 1
509 395 1
509 346 1
509 1329 1
509 775 1
1085 11 1
1085 235 1
1085 0 1
1085 206 1
1315 6 1
1315 9 1
1315 11 1
1315 256 1
1315 10 1
264 248 1
264 235 1
264 240 1
264 250 1
264 232 1
264 243 1
264 253 1
264 251 1
264 210 1
264 256 1
264 214 1
264 1 1
264 246 1
264 120 1
264 3 1
264 11 1
264 233 1
264 16 1
264 252 1
264 6 1
264 216 1
264 8 1
264 0 1
264 249 1
264 219 1
466 171 1
466 240 1
466 243 1
466 250 1
466 232 1
466 7 1
466 205 1
466 212 1
466 562 1
466 210 1
466 256 1
466 0 1
466 206 1
466 3 1
466 216 1
466 214 1
466 233 1
466 6 1
466 8 1
466 218 1
466 11 1
466 245 1
466 249 1
466 219 1
466 12 1
466 246 1
749 83 1
749 214 1
749 7 1
749 1 1
749 240 1
749 250 1
749 243 1
749 26 1
749 253 1
749 206 1
749 256 1
749 10 1
749 246 1
749 210 1
749 3 1
749 215 1
749 16 1
749 58 1
749 120 1
749 252 1
749 213 1
749 6 1
749 67 1
749 216 1
749 255 1
749 249 1
749 219 1
749 12 1
575 250 1
575 243 1
575 9 1
575 210 1
575 256 1
575 214 1
575 255 1
575 1 1
575 206 1
575 6 1
575 16 1
575 249 1
575 12 1
575 8 1
575 246 1
575 120 1
575 7 1
756 235 1
756 215 1
756 232 1
756 120 1
756 246 1
756 205 1
756 9 1
756 210 1
756 0 1
756 243 1
756 248 1
756 206 1
756 213 1
756 249 1
756 6 1
756 233 1
756 247 1
756 254 1
756 8 1
756 252 1
756 10 1
756 1 1
756 244 1
756 242 1
756 7 1
1009 1301 1
1009 252 1
1009 214 1
1009 249 1
1009 754 1
1009 256 1
1009 206 1
1009 204 1
1009 1665 1
94 215 1
94 578 1
94 9 1
94 0 1
94 214 1
94 255 1
94 216 1
94 1 1
94 210 1
94 249 1
94 11 1
94 233 1
94 247 1
94 254 1
94 213 1
94 6 1
94 206 1
94 219 1
1091 235 1
1091 205 1
1091 233 1
1091 4 1
1091 244 1
1091 12 1
620 235 1
620 7 1
533 213 1
533 214 1
533 0 1
533 233 1
533 206 1
533 204 1
1336 10 1
1336 212 1
139 214 1
1425 12 1
1425 214 1
1425 9 1
1425 8 1
1425 215 1
1425 238 1
1425 0 1
1425 219 1
1131 250 1
1131 7 1
1131 210 1
1131 256 1
1131 214 1
1131 240 1
1131 206 1
1131 3 1
1131 249 1
1131 16 1
1131 6 1
1131 216 1
1131 254 1
1131 0 1
980 252 1
980 232 1
980 243 1
980 253 1
980 210 1
980 0 1
980 246 1
980 3 1
980 1763 1
980 11 1
980 16 1
980 233 1
980 254 1
980 213 1
980 6 1
980 218 1
980 256 1
980 206 1
980 7 1
980 12 1
100 1 1
495 704 1
1108 234 1
1108 7 1
1108 209 1
1108 243 1
1108 215 1
1108 238 1
1108 246 1
1108 240 1
1108 232 1
1108 204 1
1108 205 1
1108 256 1
1108 3 1
1108 233 1
1108 6 1
1108 216 1
1108 16 1
1108 206 1
1108 255 1
1108 249 1
696 954 1
696 6 1
297 217 1
297 733 1
297 204 1
297 83 1
297 335 1
297 240 1
297 210 1
297 256 1
297 10 1
297 246 1
297 206 1
297 234 1
297 6 1
297 147 1
297 0 1
297 334 1
1235 211 1
1235 4 1
1235 6 1
1235 233 1
1235 255 1
1235 0 1
1235 204 1
1235 10 1
1235 238 1
1235 12 1
1230 8 1
1230 3 1
1230 246 1
1230 238 1
1230 11 1
1230 0 1
1230 204 1
1213 11 1
1213 235 1
1213 7 1
1213 10 1
1213 6 1
1213 243 1
1213 3 1
1213 16 1
1213 8 1
1213 249 1
1213 12 1
1033 334 1
1033 1654 1
1033 219 1
1033 657 1
1033 212 1
1033 1089 1
1033 9 1
1033 1541 1
1033 5 1
1033 433 1
1033 254 1
1033 41 1
1033 218 1
1033 205 1
1033 240 1
1033 440 1
1033 1118 1
1033 101 1
1033 426 1
1033 12 1
1033 232 1
1033 1533 1
1033 455 1
1033 807 1
1033 244 1
1033 541 1
1033 11 1
1033 213 1
1033 83 1
1033 430 1
1033 562 1
1033 1819 1
1033 246 1
1033 821 1
1033 1092 1
219 246 1
219 4 1
219 235 1
219 210 1
219 0 1
219 217 1
219 214 1
219 5 1
219 7 1
532 293 1
532 7 1
532 680 1
532 382 1
532 306 1
532 4 1
532 265 1
532 983 1
532 235 1
532 240 1
532 250 1
532 232 1
532 378 1
532 535 1
532 1000 1
532 1 1
532 434 1
532 210 1
532 985 1
532 522 1
532 69 1
532 739 1
532 241 1
532 846 1
532 58 1
532 708 1
532 528 1
532 292 1
532 390 1
532 524 1
532 959 1
532 603 1
532 695 1
532 344 1
532 738 1
532 588 1
532 249 1
532 519 1
532 219 1
532 396 1
532 391 1
1070 7 1
1070 0 1
1070 256 1
1070 214 1
1070 206 1
1070 16 1
1070 204 1
1070 120 1
1070 213 1
1070 6 1
1070 216 1
1070 254 1
1070 210 1
1070 249 1
1347 243 1
1347 256 1
1347 485 1
1347 5 1
1347 6 1
1347 218 1
1347 216 1
1347 8 1
1347 250 1
1347 244 1
1347 210 1
1347 249 1
1347 7 1
1347 219 1
1347 12 1
731 518 1
731 1 1
731 307 1
731 704 1
731 11 1
731 133 1
731 12 1
731 6 1
1269 10 1
1269 16 1
1269 727 1
1269 711 1
1457 240 1
1457 83 1
1457 2 1
1457 232 1
1457 250 1
1457 204 1
1457 7 1
1457 9 1
1457 10 1
1457 255 1
1457 216 1
1457 1 1
1457 206 1
1457 247 1
1457 16 1
1457 249 1
1457 6 1
1457 8 1
1457 213 1
1457 254 1
1457 248 1
1457 0 1
1457 210 1
1457 246 1
1457 120 1
1173 291 1
1173 341 1
1173 731 1
1173 1025 1
861 1 1
861 7 1
861 10 1
861 2 1
861 210 1
861 475 1
861 4 1
861 214 1
861 667 1
861 12 1
1308 1 1
1047 6 1
1047 206 1
1047 12 1
1047 9 1
1047 219 1
1047 238 1
197 240 1
197 2 1
197 243 1
197 250 1
197 204 1
197 251 1
197 7 1
197 253 1
197 0 1
197 10 1
197 255 1
197 246 1
197 120 1
197 206 1
197 252 1
197 233 1
197 8 1
197 3 1
197 216 1
197 254 1
197 256 1
197 210 1
197 249 1
197 16 1
197 248 1
1013 1 1
1013 1625 1
1013 215 1
1013 212 1
1013 251 1
1013 216 1
1013 233 1
1013 6 1
1013 213 1
1013 218 1
1013 415 1
396 240 1
396 250 1
396 204 1
396 351 1
396 836 1
396 10 1
396 246 1
396 206 1
396 248 1
396 213 1
396 1 1
396 244 1
396 219 1
396 12 1
1360 7 1
1360 215 1
1360 235 1
1360 317 1
1360 250 1
1360 99 1
1360 511 1
1360 1 1
1360 206 1
1360 249 1
1360 16 1
1360 6 1
1360 254 1
1360 246 1
1453 214 1
1453 7 1
1453 240 1
1453 248 1
1453 216 1
1453 250 1
1453 204 1
1453 253 1
1453 1640 1
1453 0 1
1453 10 1
1453 209 1
1453 246 1
1453 120 1
1453 245 1
1453 3 1
1453 16 1
1453 247 1
1453 213 1
1453 6 1
1453 8 1
1453 206 1
1453 249 1
1453 244 1
1453 12 1
1265 217 1
1427 234 1
1427 204 1
1427 211 1
1427 243 1
1427 209 1
1427 1 1
1427 256 1
1427 240 1
1427 215 1
1427 232 1
1427 9 1
1427 206 1
1427 214 1
1427 255 1
1427 246 1
1427 210 1
1427 16 1
1427 249 1
1427 6 1
1427 8 1
1427 218 1
1427 248 1
1427 0 1
1427 219 1
1427 120 1
348 7 1
348 248 1
348 216 1
348 250 1
348 235 1
348 246 1
348 240 1
348 256 1
348 232 1
348 245 1
348 10 1
348 238 1
348 243 1
348 251 1
348 6 1
348 249 1
348 5 1
348 233 1
348 120 1
348 252 1
348 213 1
348 218 1
348 0 1
348 206 1
348 219 1
679 6 1
679 206 1
679 234 1
1266 204 1
1266 1 1
1266 212 1
1266 0 1
1266 9 1
1266 214 1
1266 16 1
1266 6 1
1266 213 1
1266 216 1
1266 12 1
987 214 1
987 120 1
987 240 1
987 243 1
987 250 1
987 12 1
987 235 1
987 251 1
987 232 1
987 0 1
987 209 1
987 10 1
987 212 1
987 16 1
987 233 1
987 6 1
987 213 1
987 3 1
987 218 1
987 216 1
987 219 1
987 206 1
987 255 1
987 249 1
987 7 1
82 10 1
82 246 1
82 235 1
82 215 1
82 7 1
82 243 1
82 253 1
82 251 1
82 256 1
82 214 1
82 209 1
82 216 1
82 240 1
82 210 1
82 247 1
82 16 1
82 12 1
82 6 1
82 1 1
82 8 1
82 0 1
82 206 1
82 249 1
82 219 1
82 120 1
754 293 1
754 282 1
364 215 1
364 246 1
364 240 1
364 250 1
364 206 1
364 232 1
364 243 1
364 253 1
364 245 1
364 0 1
364 10 1
364 317 1
364 6 1
364 16 1
364 249 1
364 83 1
364 120 1
364 252 1
364 3 1
364 216 1
364 219 1
364 256 1
364 210 1
364 242 1
364 7 1
741 6 1
741 11 1
1268 238 1
1268 6 1
1268 1 1
1268 804 1
1268 253 1
1268 7 1
1268 206 1
315 1136 1
315 2 1
315 1151 1
315 240 1
315 251 1
315 242 1
315 209 1
315 232 1
315 7 1
315 253 1
315 245 1
315 0 1
315 214 1
315 1 1
315 246 1
315 247 1
315 10 1
315 1146 1
315 3 1
315 16 1
315 233 1
315 1135 1
315 8 1
315 6 1
315 213 1
315 254 1
315 250 1
315 1140 1
315 206 1
315 255 1
315 1145 1
315 249 1
315 219 1
315 243 1
739 232 1
739 7 1
739 233 1
739 219 1
739 4 1
739 10 1
739 244 1
739 216 1
739 1 1
1362 7 1
1362 209 1
1362 1 1
1362 2 1
1362 250 1
1362 240 1
1362 215 1
1362 204 1
1362 243 1
1362 205 1
1362 253 1
1362 256 1
1362 10 1
1362 246 1
1362 210 1
1362 16 1
1362 120 1
1362 252 1
1362 213 1
1362 6 1
1362 216 1
1362 206 1
1362 255 1
1362 249 1
1362 12 1
868 7 1
868 4 1
868 206 1
868 0 1
868 204 1
868 83 1
924 215 1
924 204 1
924 10 1
924 0 1
924 212 1
924 238 1
84 12 1
84 254 1
84 7 1
84 210 1
84 214 1
84 244 1
936 219 1
936 214 1
936 1 1
1220 2 1
270 7 1
270 233 1
270 250 1
270 232 1
270 204 1
270 253 1
270 256 1
270 10 1
270 238 1
270 246 1
270 3 1
270 216 1
270 16 1
270 12 1
270 8 1
270 6 1
270 251 1
270 254 1
270 240 1
270 210 1
270 245 1
270 249 1
270 206 1
270 243 1
270 9 1
16 236 1
658 209 1
658 677 1
658 718 1
658 0 1
658 7 1
658 16 1
658 69 1
753 3 1
753 9 1
753 4 1
753 256 1
753 6 1
388 256 1
388 251 1
388 204 1
388 7 1
388 205 1
388 232 1
388 210 1
388 238 1
388 240 1
388 0 1
388 233 1
388 206 1
388 216 1
388 212 1
388 16 1
388 211 1
388 6 1
388 218 1
388 1 1
388 219 1
388 250 1
388 245 1
388 3 1
388 2 1
388 12 1
354 452 1
354 413 1
354 396 1
354 509 1
354 511 1
354 10 1
354 768 1
354 244 1
354 395 1
354 405 1
354 218 1
354 3 1
354 238 1
354 211 1
354 1197 1
354 605 1
354 490 1
354 444 1
354 588 1
354 404 1
354 430 1
354 210 1
354 217 1
354 255 1
354 492 1
354 1009 1
354 1053 1
354 16 1
354 340 1
354 216 1
354 385 1
354 786 1
354 704 1
354 487 1
354 451 1
354 7 1
354 346 1
354 446 1
354 388 1
354 8 1
354 293 1
354 619 1
354 317 1
354 486 1
354 351 1
354 0 1
354 514 1
354 479 1
354 508 1
354 219 1
263 535 1
263 9 1
263 251 1
263 0 1
263 3 1
263 778 1
263 249 1
263 16 1
263 233 1
263 252 1
263 6 1
263 937 1
263 12 1
1054 233 1
1054 206 1
1054 6 1
1054 214 1
1054 219 1
1054 1 1
673 10 1
673 243 1
673 9 1
673 0 1
673 240 1
673 250 1
673 232 1
673 206 1
673 214 1
673 216 1
673 1 1
673 246 1
673 210 1
673 247 1
673 16 1
673 249 1
673 248 1
673 252 1
673 6 1
673 245 1
673 256 1
673 255 1
673 242 1
673 7 1
673 120 1
1386 1 1
1386 8 1
1386 2 1
1386 246 1
1386 210 1
1386 1787 1
1386 728 1
906 250 1
906 0 1
906 246 1
906 205 1
906 212 1
906 232 1
906 3 1
906 243 1
906 210 1
906 6 1
906 10 1
906 16 1
906 247 1
906 219 1
906 244 1
906 206 1
906 7 1
1251 209 1
1251 216 1
1251 250 1
1251 240 1
1251 215 1
1251 210 1
1251 204 1
1251 243 1
1251 205 1
1251 253 1
1251 251 1
1251 256 1
1251 246 1
1251 3 1
1251 249 1
1251 16 1
1251 252 1
1251 244 1
1251 206 1
1251 12 1
1377 6 1
1377 254 1
1377 2 1
1377 214 1
1377 4 1
1377 7 1
1377 206 1
1377 204 1
1209 6 1
1209 2 1
1209 8 1
1209 235 1
1209 256 1
1209 7 1
46 313 1
46 234 1
46 312 1
1351 2 1
1351 6 1
1351 204 1
1351 7 1
1351 205 1
1351 251 1
1351 0 1
1351 214 1
1351 238 1
1351 1 1
1351 246 1
1351 247 1
1351 16 1
1351 250 1
1351 11 1
1351 233 1
1351 248 1
1351 8 1
1351 213 1
1351 254 1
1351 210 1
1351 255 1
1351 249 1
1471 4 1
1137 240 1
1137 235 1
1137 250 1
1137 8 1
1137 232 1
1137 246 1
1137 253 1
1137 206 1
1137 0 1
1137 10 1
1137 216 1
1137 210 1
1137 3 1
1137 233 1
1137 16 1
1137 12 1
1137 213 1
1137 6 1
1137 254 1
1137 249 1
1137 243 1
1300 248 1
1300 204 1
1300 214 1
1300 255 1
1300 219 1
1300 12 1
355 1 1
355 0 1
355 2 1
355 10 1
355 245 1
355 204 1
355 16 1
355 233 1
355 6 1
355 213 1
355 216 1
355 256 1
355 12 1
494 242 1
494 252 1
494 232 1
494 243 1
494 219 1
494 0 1
494 9 1
494 216 1
494 12 1
439 0 1
439 9 1
439 10 1
439 1 1
845 250 1
845 11 1
845 235 1
845 218 1
845 234 1
845 219 1
845 8 1
845 12 1
234 204 1
234 83 1
234 243 1
234 11 1
234 248 1
234 240 1
234 215 1
234 209 1
234 246 1
234 232 1
234 0 1
234 10 1
234 216 1
234 1 1
234 250 1
234 5 1
234 211 1
234 6 1
234 255 1
234 213 1
234 235 1
234 206 1
234 249 1
234 219 1
234 12 1
1411 1566 1
1411 8 1
314 8 1
314 218 1
314 12 1
314 256 1
314 619 1
314 434 1
314 210 1
314 214 1
316 335 1
316 834 1
316 217 1
316 249 1
316 3 1
316 656 1
316 1158 1
316 6 1
316 1 1
316 244 1
316 1164 1
316 206 1
316 800 1
316 652 1
1000 214 1
1000 243 1
1000 250 1
1000 204 1
1000 232 1
1000 205 1
1000 10 1
1000 0 1
1000 1 1
1000 240 1
1000 210 1
1000 249 1
1000 16 1
1000 233 1
1000 6 1
1000 216 1
1000 251 1
1000 254 1
1000 248 1
1000 256 1
1000 244 1
1000 255 1
1000 246 1
1000 219 1
1000 12 1
104 6 1
104 253 1
685 9 1
728 234 1
728 211 1
728 214 1
728 7 1
728 1 1
728 215 1
728 250 1
728 219 1
728 204 1
728 243 1
728 253 1
728 256 1
728 0 1
728 3 1
728 240 1
728 206 1
728 6 1
728 5 1
728 16 1
728 120 1
728 213 1
728 216 1
728 2 1
728 233 1
728 246 1
885 205 1
885 234 1
885 206 1
1066 12 1
1066 8 1
1066 212 1
1066 211 1
1066 244 1
1066 210 1
1066 4 1
1066 238 1
1066 1 1
349 1 1
349 240 1
349 2 1
349 250 1
349 232 1
349 7 1
349 0 1
349 216 1
349 246 1
349 204 1
349 3 1
349 16 1
349 233 1
349 254 1
349 213 1
349 6 1
349 210 1
349 242 1
349 249 1
349 120 1
338 83 1
338 0 1
338 233 1
338 210 1
338 219 1
338 205 1
338 234 1
338 206 1
976 206 1
915 1444 1
43 9 1
43 3 1
43 12 1
453 240 1
453 253 1
453 256 1
453 10 1
453 1 1
453 11 1
453 16 1
453 6 1
453 216 1
453 206 1
453 12 1
496 234 1
496 219 1
1184 11 1
1020 212 1
135 371 1
135 102 1
135 624 1
135 642 1
135 647 1
135 634 1
135 627 1
135 637 1
135 640 1
135 621 1
135 641 1
135 631 1
135 16 1
135 633 1
135 651 1
135 623 1
135 648 1
135 638 1
135 620 1
135 372 1
135 639 1
135 646 1
135 632 1
135 7 1
1074 215 1
1074 7 1
1074 212 1
1074 0 1
1074 712 1
1074 3 1
1074 213 1
1074 216 1
1074 8 1
1074 210 1
1074 219 1
1074 12 1
583 9 1
583 1 1
583 376 1
583 12 1
1048 235 1
1048 2 1
1048 4 1
1048 0 1
1048 219 1
1006 235 1
1006 6 1
1006 10 1
1006 0 1
1006 234 1
1006 3 1
882 206 1
882 1 1
882 939 1
882 250 1
882 204 1
882 7 1
882 214 1
882 16 1
882 249 1
882 233 1
882 6 1
882 807 1
882 256 1
882 210 1
398 11 1
398 218 1
398 206 1
1468 238 1
1468 234 1
1468 212 1
1468 204 1
1468 213 1
1468 218 1
1468 1 1
1468 511 1
1468 2 1
1468 10 1
1468 6 1
1468 235 1
794 204 1
794 120 1
794 205 1
794 251 1
794 210 1
794 0 1
794 256 1
794 248 1
794 3 1
794 16 1
794 674 1
794 233 1
794 6 1
794 252 1
794 1 1
794 232 1
794 206 1
794 249 1
1459 7 1
1459 216 1
1459 235 1
1459 240 1
1459 243 1
1459 250 1
1459 247 1
1459 253 1
1459 210 1
1459 256 1
1459 0 1
1459 246 1
1459 120 1
1459 11 1
1459 16 1
1459 233 1
1459 213 1
1459 3 1
1459 1 1
1459 8 1
1459 244 1
1459 206 1
1459 255 1
1459 249 1
1459 12 1
784 218 1
784 7 1
784 233 1
784 9 1
784 8 1
784 0 1
784 214 1
784 255 1
784 12 1
391 205 1
391 10 1
391 240 1
391 2 1
391 204 1
391 9 1
391 206 1
391 16 1
391 6 1
391 1219 1
391 256 1
1191 0 1
1191 240 1
1191 6 1
1191 238 1
109 3 1
109 215 1
109 2 1
109 544 1
109 206 1
109 0 1
109 204 1
109 1 1
1464 248 1
1464 1 1
1464 240 1
1464 2 1
1464 215 1
1464 250 1
1464 243 1
1464 9 1
1464 256 1
1464 214 1
1464 255 1
1464 216 1
1464 246 1
1464 210 1
1464 205 1
1464 6 1
1464 120 1
1464 252 1
1464 213 1
1464 254 1
1464 0 1
1464 244 1
1464 206 1
1464 249 1
1464 219 1
113 240 1
113 218 1
113 256 1
113 238 1
113 206 1
113 6 1
113 16 1
113 250 1
113 204 1
113 214 1
113 8 1
113 1 1
113 0 1
113 232 1
113 12 1
147 11 1
147 7 1
147 234 1
49 7 1
49 216 1
49 250 1
49 240 1
49 215 1
49 210 1
49 212 1
49 251 1
49 0 1
49 16 1
49 249 1
49 11 1
49 233 1
49 8 1
49 6 1
49 1 1
49 206 1
49 219 1
49 120 1
1323 204 1
1323 233 1
1323 0 1
1323 215 1
1323 251 1
1323 1 1
438 11 1
438 240 1
438 250 1
438 8 1
438 210 1
438 232 1
438 256 1
438 214 1
438 238 1
438 235 1
438 6 1
438 233 1
438 16 1
438 247 1
438 3 1
438 1 1
438 213 1
438 120 1
438 0 1
438 244 1
438 206 1
438 242 1
438 249 1
438 246 1
438 12 1
1392 240 1
1392 211 1
1392 232 1
1392 250 1
1392 204 1
1392 7 1
1392 9 1
1392 0 1
1392 255 1
1392 216 1
1392 1 1
1392 251 1
1392 206 1
1392 247 1
1392 16 1
1392 249 1
1392 6 1
1392 8 1
1392 213 1
1392 2 1
1392 248 1
1392 256 1
1392 210 1
1392 246 1
1392 120 1
434 235 1
434 277 1
434 4 1
434 206 1
1456 10 1
1456 215 1
1456 120 1
1456 243 1
1456 250 1
1456 210 1
1456 204 1
1456 2 1
1456 7 1
1456 6 1
1456 256 1
1456 214 1
1456 209 1
1456 1 1
1456 240 1
1456 16 1
1456 247 1
1456 213 1
1456 216 1
1456 254 1
1456 206 1
1456 249 1
1456 219 1
1456 12 1
1456 246 1
184 1 1
184 0 1
184 235 1
184 232 1
184 243 1
184 10 1
184 206 1
184 6 1
184 233 1
184 8 1
184 256 1
184 7 1
780 235 1
780 205 1
780 250 1
780 204 1
780 232 1
780 243 1
780 210 1
780 0 1
780 214 1
780 1 1
780 6 1
780 11 1
780 233 1
780 248 1
780 8 1
780 213 1
780 218 1
780 216 1
780 206 1
780 255 1
780 249 1
780 7 1
780 219 1
780 120 1
780 246 1
551 215 1
551 9 1
551 238 1
551 206 1
551 12 1
1196 215 1
1196 250 1
1196 246 1
1196 210 1
1196 0 1
1196 214 1
1196 243 1
1196 248 1
1196 249 1
1196 16 1
1196 254 1
1196 206 1
1196 7 1
1168 16 1
1168 6 1
1168 256 1
1168 1 1
751 6 1
751 1 1
751 8 1
751 256 1
751 4 1
751 10 1
751 206 1
1296 10 1
1296 216 1
1296 235 1
1296 210 1
1296 11 1
1296 254 1
1296 6 1
1296 218 1
1296 1589 1
1296 244 1
1296 206 1
1296 246 1
1296 219 1
1296 12 1
1296 9 1
463 215 1
463 240 1
463 210 1
463 7 1
463 256 1
463 214 1
463 235 1
463 246 1
463 120 1
463 16 1
463 249 1
463 254 1
463 8 1
463 597 1
463 6 1
463 0 1
463 206 1
463 12 1
1261 12 1
1261 1 1
1261 2 1
1261 214 1
1024 256 1
476 219 1
476 204 1
476 10 1
476 7 1
476 213 1
476 2 1
476 240 1
476 250 1
476 247 1
476 248 1
476 243 1
476 245 1
476 251 1
476 210 1
476 0 1
476 3 1
476 256 1
476 246 1
476 120 1
476 83 1
476 252 1
476 6 1
476 1 1
476 206 1
476 255 1
1319 6 1
806 5 1
806 209 1
806 2 1
806 249 1
806 0 1
806 214 1
806 206 1
806 204 1
669 5 1
669 8 1
669 1149 1
669 3 1
669 1143 1
669 206 1
669 716 1
669 216 1
669 1172 1
669 158 1
669 1435 1
669 1152 1
669 315 1
669 497 1
669 95 1
669 6 1
669 1073 1
669 239 1
669 383 1
669 12 1
669 1107 1
669 754 1
669 407 1
669 1156 1
669 235 1
669 1131 1
669 1013 1
669 215 1
669 1105 1
669 1282 1
669 1134 1
669 1177 1
669 420 1
669 1071 1
669 1130 1
669 214 1
669 1255 1
669 1182 1
669 1218 1
669 1139 1
669 703 1
669 1256 1
669 0 1
669 1233 1
669 876 1
669 16 1
669 391 1
669 1148 1
669 415 1
669 177 1
669 1362 1
669 908 1
1339 6 1
1339 244 1
558 252 1
558 205 1
558 234 1
558 246 1
558 211 1
558 214 1
558 7 1
558 215 1
558 248 1
558 240 1
558 243 1
558 204 1
558 256 1
558 10 1
558 216 1
558 1 1
558 16 1
558 233 1
558 213 1
558 206 1
558 6 1
558 250 1
558 249 1
558 219 1
558 12 1
55 249 1
55 334 1
55 335 1
55 210 1
55 0 1
55 10 1
55 338 1
55 3 1
55 16 1
55 233 1
55 6 1
55 254 1
55 147 1
55 206 1
55 336 1
55 12 1
157 9 1
676 11 1
676 240 1
676 250 1
676 204 1
676 248 1
676 243 1
676 205 1
676 210 1
676 0 1
676 214 1
676 216 1
676 246 1
676 235 1
676 249 1
676 16 1
676 247 1
676 254 1
676 8 1
676 213 1
676 6 1
676 1 1
676 219 1
676 120 1
676 242 1
676 2 1
245 735 1
195 6 1
195 218 1
195 256 1
195 233 1
195 206 1
195 4 1
195 249 1
195 10 1
375 1 1
346 786 1
346 876 1
346 54 1
346 95 1
346 184 1
346 171 1
346 20 1
346 445 1
346 108 1
346 163 1
346 194 1
346 1120 1
346 137 1
346 718 1
346 728 1
346 1 1
346 78 1
346 433 1
346 100 1
1134 16 1
1134 235 1
380 240 1
380 215 1
380 204 1
380 246 1
380 205 1
380 253 1
380 251 1
380 212 1
380 0 1
380 238 1
380 248 1
380 210 1
380 233 1
380 247 1
380 254 1
380 213 1
380 10 1
380 218 1
380 244 1
380 206 1
380 242 1
380 249 1
380 16 1
380 12 1
380 243 1
628 240 1
628 204 1
628 212 1
628 0 1
628 206 1
628 120 1
628 16 1
628 6 1
628 1 1
628 244 1
628 245 1
628 249 1
628 7 1
912 11 1
912 6 1
912 1 1
912 0 1
912 10 1
948 0 1
948 256 1
948 10 1
948 246 1
948 3 1
948 233 1
948 211 1
948 6 1
948 8 1
948 7 1
948 12 1
103 3 1
103 235 1
103 9 1
103 10 1
965 6 1
965 218 1
965 12 1
965 204 1
965 4 1
965 210 1
965 249 1
965 256 1
763 204 1
763 1369 1
763 593 1
763 317 1
763 940 1
763 1392 1
763 957 1
763 630 1
763 8 1
763 734 1
763 739 1
763 312 1
763 7 1
763 722 1
763 283 1
763 0 1
763 831 1
763 511 1
763 714 1
763 708 1
763 6 1
763 16 1
763 249 1
763 418 1
763 738 1
763 751 1
763 218 1
763 1 1
763 293 1
763 810 1
763 780 1
763 391 1
608 6 1
608 235 1
455 474 1
455 478 1
455 205 1
455 206 1
455 234 1
455 447 1
455 389 1
1121 250 1
1121 243 1
1121 253 1
1121 0 1
1121 256 1
1121 10 1
1121 1 1
1121 246 1
1121 248 1
1121 210 1
1121 16 1
1121 212 1
1121 3 1
1121 214 1
1121 233 1
1121 6 1
1121 120 1
1121 252 1
1121 216 1
1121 245 1
1121 247 1
1121 255 1
1121 249 1
1121 7 1
1121 219 1
215 1 1
215 206 1
215 256 1
215 7 1
215 16 1
215 12 1
233 12 1
233 9 1
233 0 1
233 4 1
233 6 1
233 240 1
791 6 1
791 10 1
791 5 1
1415 1 1
1415 248 1
1415 240 1
1415 250 1
1415 210 1
1415 251 1
1415 214 1
1415 120 1
1415 16 1
1415 7 1
1415 233 1
1415 252 1
1415 213 1
1415 3 1
1415 0 1
1415 206 1
1415 255 1
1415 249 1
1415 246 1
1415 219 1
1415 12 1
667 216 1
667 240 1
667 215 1
667 212 1
667 0 1
667 16 1
667 418 1
667 233 1
667 6 1
667 218 1
667 1 1
667 210 1
667 255 1
667 249 1
667 219 1
585 238 1
585 1 1
585 240 1
585 250 1
585 7 1
585 0 1
585 10 1
585 1368 1
585 233 1
585 16 1
585 219 1
1371 12 1
1371 218 1
1371 206 1
1371 1 1
1371 254 1
1371 210 1
1371 4 1
1371 214 1
1371 0 1
847 768 1
847 317 1
847 1628 1
847 9 1
847 1625 1
847 342 1
847 238 1
847 233 1
847 603 1
847 3 1
847 0 1
847 571 1
847 1273 1
847 1627 1
405 250 1
405 232 1
405 204 1
405 7 1
405 214 1
405 1 1
405 210 1
405 16 1
405 249 1
405 235 1
405 8 1
405 6 1
405 216 1
405 213 1
405 254 1
405 120 1
405 206 1
405 246 1
405 248 1
405 12 1
512 235 1
512 1 1
1217 235 1
1217 246 1
1217 240 1
1217 250 1
1217 232 1
1217 0 1
1217 9 1
1217 210 1
1217 256 1
1217 238 1
1217 243 1
1217 83 1
1217 11 1
1217 233 1
1217 16 1
1217 247 1
1217 120 1
1217 213 1
1217 252 1
1217 6 1
1217 216 1
1217 206 1
1217 255 1
1217 219 1
309 703 1
309 217 1
309 240 1
309 317 1
309 329 1
309 1120 1
309 687 1
309 584 1
309 141 1
309 656 1
309 1122 1
769 3 1
769 342 1
769 206 1
813 243 1
813 1 1
813 2 1
813 240 1
813 215 1
813 210 1
813 7 1
813 0 1
813 255 1
813 238 1
813 246 1
813 120 1
813 206 1
813 249 1
813 16 1
813 233 1
813 6 1
813 8 1
813 252 1
813 216 1
813 254 1
813 209 1
813 253 1
813 219 1
813 12 1
1238 205 1
1238 212 1
1238 0 1
1238 10 1
1238 238 1
1238 1 1
1238 210 1
1238 16 1
1238 6 1
1238 8 1
1238 216 1
1238 206 1
1238 12 1
1238 246 1
960 282 1
1082 215 1
1082 16 1
1082 206 1
1082 234 1
871 7 1
871 16 1
1385 459 1
1385 6 1
1385 8 1
1385 1860 1
1385 815 1
1385 741 1
1385 824 1
1385 82 1
1385 232 1
1385 1862 1
1385 1292 1
1385 5 1
1385 359 1
1385 19 1
1385 91 1
1385 1861 1
1385 30 1
1385 243 1
1385 214 1
1385 255 1
1385 240 1
1385 828 1
1385 587 1
1385 218 1
1385 12 1
1385 816 1
1385 3 1
1385 11 1
1385 27 1
1385 335 1
1385 99 1
1385 701 1
1385 215 1
1385 147 1
1385 727 1
1385 204 1
1385 509 1
1385 0 1
1385 10 1
1385 837 1
1385 16 1
1385 213 1
1385 219 1
286 6 1
286 16 1
65 209 1
65 6 1
65 1 1
65 0 1
1467 10 1
1467 11 1
1467 240 1
1467 397 1
1467 1296 1
1467 269 1
1467 674 1
1467 16 1
1467 6 1
1467 3 1
1467 1 1
1467 584 1
1467 1293 1
703 1 1
703 1503 1
703 206 1
703 261 1
306 1069 1
306 12 1
306 1009 1
306 452 1
306 6 1
306 234 1
306 251 1
306 1 1
972 6 1
972 214 1
972 12 1
929 256 1
929 10 1
929 238 1
929 1 1
929 246 1
929 210 1
929 3 1
929 5 1
929 233 1
929 211 1
929 254 1
929 252 1
929 213 1
929 216 1
929 8 1
929 219 1
929 250 1
929 244 1
929 206 1
929 255 1
929 253 1
929 7 1
929 16 1
929 2 1
929 12 1
1487 362 1
1487 9 1
1487 768 1
1487 298 1
1487 206 1
1487 0 1
1487 10 1
464 215 1
464 8 1
464 244 1
464 210 1
464 0 1
464 12 1
464 214 1
464 238 1
464 256 1
680 235 1
680 6 1
680 240 1
680 4 1
680 206 1
680 12 1
479 3 1
479 204 1
969 213 1
969 7 1
969 249 1
969 234 1
969 248 1
482 213 1
482 1 1
482 240 1
482 250 1
482 249 1
482 206 1
482 243 1
482 253 1
482 256 1
482 0 1
482 10 1
482 246 1
482 245 1
482 3 1
482 16 1
482 204 1
482 211 1
482 252 1
482 14 1
482 216 1
482 209 1
482 255 1
482 219 1
482 12 1
482 7 1
1214 218 1
1214 6 1
848 939 1
848 240 1
848 1371 1
848 1087 1
848 1255 1
848 241 1
848 584 1
848 16 1
848 745 1
848 6 1
848 485 1
848 846 1
848 1037 1
848 2 1
848 396 1
41 6 1
41 277 1
1483 214 1
835 10 1
835 1 1
835 240 1
835 252 1
835 476 1
835 0 1
835 232 1
835 243 1
835 253 1
835 1586 1
835 256 1
835 214 1
835 9 1
835 248 1
835 16 1
835 215 1
835 233 1
835 247 1
835 8 1
835 213 1
835 6 1
835 216 1
835 245 1
835 254 1
835 210 1
835 249 1
835 7 1
835 12 1
835 246 1
166 215 1
166 240 1
166 211 1
166 235 1
166 250 1
166 204 1
166 232 1
166 256 1
166 214 1
166 216 1
166 120 1
166 210 1
166 16 1
166 233 1
166 213 1
166 252 1
166 6 1
166 254 1
166 249 1
166 7 1
