2524 2313 1
2524 3769 1
2524 2838 1
2524 55 1
2524 4908 1
2524 1814 1
2524 152 1
2524 4754 1
2524 2309 1
2524 5840 1
2524 1969 1
2524 3612 1
2524 2376 1
2524 15 1
2524 1300 1
2524 1854 1
2524 3701 1
2524 5703 1
2524 5771 1
2524 5183 1
2524 3634 1
2524 4505 1
2524 196 1
2524 235 1
2524 1454 1
2524 439 1
2524 4906 1
2524 1378 1
2524 4302 1
2524 4130 1
1426 453 1
1426 1872 1
1426 1303 1
1426 2705 1
1426 3957 1
1426 2818 1
1426 34 1
2075 3102 1
2075 5136 1
2075 625 1
2075 4390 1
2075 93 1
1528 5778 1
1528 1131 1
1528 837 1
1528 3804 1
1528 1990 1
1528 1922 1
1989 3030 1
1989 4949 1
1989 218 1
1989 4246 1
1989 3108 1
1989 2635 1
1989 1969 1
1989 5245 1
1989 1428 1
1989 3387 1
1989 2496 1
1989 3894 1
1989 2457 1
1989 1724 1
2541 1714 1
2541 1061 1
2541 2804 1
2541 396 1
2541 3266 1
2541 1298 1
2541 2045 1
2541 1570 1
658 1184 1
658 3239 1
658 300 1
658 269 1
658 2084 1
658 270 1
658 5143 1
658 5440 1
658 447 1
658 196 1
658 2385 1
658 4710 1
1365 1220 1
1365 2379 1
1365 2245 1
1365 938 1
1365 2001 1
1365 1378 1
631 1573 1
631 503 1
631 2620 1
631 2792 1
631 1263 1
257 39 1
257 2266 1
257 147 1
257 1174 1
257 1055 1
257 2776 1
257 1060 1
257 164 1
257 787 1
257 1872 1
257 1603 1
257 1533 1
257 3656 1
257 1794 1
257 553 1
257 3860 1
257 4213 1
257 1543 1
257 506 1
257 1057 1
257 157 1
257 5370 1
257 1650 1
257 4415 1
257 1842 1
257 1230 1
257 1061 1
257 240 1
257 2517 1
257 298 1
257 5021 1
257 867 1
257 1570 1
257 1053 1
257 1896 1
257 1058 1
2134 4309 1
2134 1038 1
2134 1872 1
2134 835 1
2134 4296 1
2134 2750 1
2134 941 1
2134 5838 1
2134 2031 1
2134 1719 1
2134 4432 1
2236 1588 1
2236 5008 1
2236 4106 1
2236 2268 1
2236 675 1
2236 111 1
2568 1419 1
2568 4958 1
2568 1390 1
2568 1758 1
2568 2735 1
2568 258 1
1067 2781 1
1067 424 1
1067 2718 1
1067 3575 1
1067 2394 1
1067 172 1
1067 3094 1
1067 152 1
1067 2379 1
1067 4304 1
1067 1930 1
1067 3121 1
1067 1909 1
1067 1075 1
1067 5835 1
1067 1330 1
1067 2687 1
1067 4015 1
1067 5175 1
1067 2060 1
1067 175 1
3 4528 1
3 422 1
3 1694 1
3 4737 1
3 13 1
3 14 1
3 4944 1
3 407 1
3 2818 1
3 1342 1
3 3911 1
3 2878 1
3 447 1
3 1582 1
3 1904 1
3 1000 1
3 4514 1
1881 1253 1
1881 469 1
1881 679 1
1881 80 1
1881 1862 1
1881 1533 1
1881 328 1
1881 2473 1
1881 320 1
1881 1313 1
1881 1069 1
1881 624 1
1881 426 1
1881 29 1
1881 418 1
1126 3316 1
1126 5275 1
1126 5333 1
1126 2138 1
1126 3213 1
1126 5144 1
1126 3214 1
1126 3664 1
1126 1943 1
1126 169 1
1126 4022 1
1126 5805 1
1126 1604 1
1126 1189 1
1126 4848 1
1126 3025 1
2114 1133 1
2114 189 1
2114 878 1
2114 80 1
2114 2679 1
2114 871 1
2114 2230 1
2114 29 1
2647 3467 1
2647 3057 1
2647 2499 1
2647 1981 1
2647 4040 1
2647 1167 1
2197 3736 1
2197 2322 1
2197 5348 1
2197 1835 1
2197 3742 1
286 3851 1
286 5413 1
286 2415 1
286 444 1
286 111 1
749 3421 1
749 994 1
749 4763 1
749 1237 1
749 1836 1
749 2980 1
749 4043 1
749 2437 1
749 2120 1
749 704 1
749 583 1
749 1197 1
749 4415 1
749 4843 1
749 593 1
749 1251 1
749 1570 1
749 616 1
749 1755 1
749 802 1
1115 1359 1
1115 1386 1
1115 3196 1
1115 2598 1
1115 4317 1
1115 1840 1
1115 27 1
1115 2078 1
1115 469 1
1115 928 1
1115 346 1
1115 1068 1
1115 3222 1
1115 1823 1
1115 2681 1
1115 783 1
1115 124 1
1115 4853 1
1115 3197 1
1115 3528 1
1115 2319 1
1115 4409 1
1115 702 1
1115 4437 1
1115 289 1
1115 4915 1
1115 310 1
1115 4159 1
1115 5384 1
1115 3388 1
1115 3759 1
853 1211 1
853 5138 1
853 5633 1
853 261 1
853 2512 1
853 375 1
853 797 1
967 1817 1
967 1578 1
967 170 1
967 2844 1
967 4294 1
967 1181 1
967 2472 1
967 4546 1
2074 3402 1
2074 2129 1
2074 291 1
2074 648 1
2074 1378 1
87 2781 1
87 3700 1
87 411 1
87 544 1
87 75 1
87 2958 1
87 5125 1
87 4892 1
87 1603 1
87 1984 1
87 1996 1
87 409 1
87 311 1
2357 32 1
2357 167 1
2357 129 1
2357 172 1
2357 4627 1
2357 1302 1
2357 2084 1
2357 3121 1
2357 3667 1
2357 1606 1
2357 1736 1
2357 4411 1
2357 117 1
2357 1057 1
2357 3766 1
2357 3128 1
2357 2111 1
2357 1177 1
2357 1230 1
2357 1829 1
2357 624 1
2357 3767 1
2357 5603 1
2357 3759 1
1694 3472 1
1694 3287 1
1694 970 1
1694 497 1
1694 3376 1
664 5439 1
664 2265 1
664 1933 1
664 901 1
664 1808 1
664 1847 1
664 3084 1
664 232 1
664 1327 1
1253 3439 1
1253 244 1
1253 5662 1
1253 2394 1
1253 4993 1
1253 5548 1
1253 2724 1
1253 1422 1
1253 5381 1
1253 1943 1
1253 2627 1
1253 2306 1
1253 3092 1
1253 164 1
1253 1074 1
1253 921 1
1253 2372 1
1253 1582 1
1253 3440 1
1253 1066 1
1253 4796 1
1253 884 1
2629 2775 1
2629 284 1
2629 5251 1
2629 2941 1
2629 2498 1
842 1444 1
842 23 1
842 92 1
842 3389 1
842 200 1
842 623 1
842 2880 1
238 986 1
238 5343 1
238 985 1
238 644 1
238 2231 1
1497 2222 1
1497 497 1
1497 2688 1
1497 3078 1
1497 34 1
1227 679 1
1227 2633 1
1227 799 1
1227 2191 1
1227 4341 1
1227 4160 1
1227 5665 1
1227 429 1
1227 2853 1
1227 5744 1
1227 5290 1
1227 2479 1
1227 3490 1
2016 3620 1
2016 4547 1
2016 1480 1
2016 2 1
2016 1961 1
2016 699 1
2016 1088 1
2016 2170 1
2016 2593 1
2016 1087 1
2016 2544 1
2016 4279 1
2016 4323 1
2016 1327 1
1882 4212 1
1882 1811 1
1882 1293 1
1882 3096 1
1882 2340 1
1882 2251 1
1882 82 1
1882 4213 1
1882 4147 1
1882 1714 1
1882 4924 1
1882 2722 1
421 3400 1
421 271 1
421 5545 1
421 1726 1
421 460 1
421 4415 1
421 174 1
421 4015 1
421 76 1
421 1635 1
421 3814 1
421 4143 1
506 1338 1
506 928 1
506 1887 1
506 3217 1
506 2056 1
506 34 1
1626 4391 1
1626 4244 1
1626 3329 1
1626 1452 1
1626 275 1
1626 3222 1
1626 5144 1
1626 920 1
1626 889 1
1626 17 1
1626 3531 1
1626 1519 1
1626 863 1
1626 10 1
1626 3633 1
1626 4782 1
1626 3272 1
1626 271 1
1626 4217 1
1626 3643 1
1626 702 1
1626 704 1
1626 3364 1
1626 4275 1
1626 2477 1
1626 1003 1
1626 1294 1
1626 2853 1
1626 1520 1
1626 1975 1
1626 3114 1
1626 2385 1
1626 3388 1
1626 1123 1
1626 1378 1
1626 942 1
1626 4514 1
107 986 1
107 152 1
107 36 1
107 3470 1
107 2256 1
107 2562 1
107 3134 1
107 3254 1
107 703 1
107 486 1
107 157 1
107 488 1
1859 312 1
1859 2821 1
1859 1175 1
1859 4732 1
1859 166 1
1859 141 1
297 196 1
297 158 1
297 604 1
297 1297 1
297 1244 1
297 1245 1
297 4497 1
1886 878 1
1886 1253 1
1886 1642 1
1886 2051 1
1886 2886 1
1886 5693 1
1886 1608 1
1886 738 1
879 3871 1
879 5156 1
879 1969 1
879 3747 1
879 1935 1
879 5122 1
879 2473 1
879 704 1
879 1274 1
879 76 1
879 1965 1
879 25 1
879 196 1
879 235 1
879 5405 1
879 2722 1
38 178 1
38 3120 1
38 5021 1
38 157 1
38 834 1
2614 2538 1
2614 36 1
2614 848 1
2614 3876 1
2614 4106 1
2614 381 1
2614 4808 1
2614 1984 1
2614 4807 1
2614 1658 1
2614 4018 1
1091 4255 1
1091 1678 1
1091 2821 1
1091 2583 1
1091 4419 1
1091 783 1
1091 642 1
1091 3148 1
1091 3379 1
1091 3563 1
1091 2222 1
1091 60 1
1091 2973 1
1091 1395 1
1091 431 1
1374 3619 1
1374 1346 1
1374 1053 1
1374 264 1
1374 3618 1
1767 294 1
1767 552 1
1767 3241 1
1767 795 1
1767 4237 1
1767 543 1
1767 1700 1
1767 527 1
1767 4009 1
1767 5030 1
1767 2421 1
1767 3233 1
1767 2465 1
1767 2478 1
1767 2085 1
1615 377 1
1615 2769 1
1615 3024 1
1615 407 1
1615 2698 1
1615 712 1
1615 783 1
1615 2496 1
1615 5524 1
1615 1339 1
1615 1351 1
1615 3143 1
1615 506 1
1615 1075 1
1615 4653 1
1615 447 1
1615 4712 1
1615 3396 1
1615 3657 1
1615 4910 1
1615 4389 1
1615 1904 1
1615 938 1
1615 2001 1
1615 1971 1
1615 5475 1
1615 157 1
1615 947 1
2531 2309 1
2531 208 1
2531 5162 1
2531 5571 1
2531 710 1
2531 509 1
2531 1811 1
2531 2703 1
2531 1538 1
698 3161 1
698 484 1
698 1486 1
698 1402 1
698 1116 1
698 2498 1
698 706 1
284 2518 1
284 2118 1
284 558 1
284 4581 1
284 3351 1
284 1529 1
284 518 1
284 3101 1
284 520 1
284 5410 1
1978 5850 1
1978 1606 1
1978 2703 1
1978 3497 1
1978 2368 1
1978 1530 1
1978 844 1
1978 250 1
1978 575 1
1978 4633 1
1978 12 1
1978 4072 1
1641 3607 1
1641 3953 1
1641 1123 1
1641 1798 1
1641 1192 1
1641 2912 1
996 229 1
996 4016 1
996 2929 1
996 3939 1
996 1378 1
2093 4402 1
2093 5817 1
2093 484 1
2093 427 1
2093 2320 1
2093 4855 1
2093 4401 1
2093 2002 1
2093 514 1
245 1017 1
245 484 1
245 4235 1
245 2751 1
245 4311 1
245 5130 1
245 2211 1
245 463 1
2678 3120 1
2678 3735 1
2678 284 1
2678 1688 1
2678 850 1
2678 4029 1
2678 431 1
2099 1495 1
2099 4803 1
2099 1053 1
2099 3699 1
2099 1248 1
816 5770 1
816 166 1
816 4317 1
816 878 1
816 1359 1
121 703 1
121 3154 1
121 848 1
121 579 1
121 1928 1
121 578 1
1627 5136 1
1627 1879 1
1627 465 1
1627 4003 1
1627 4550 1
1627 157 1
1627 840 1
1608 3908 1
1608 5008 1
1608 2954 1
1608 3569 1
1608 5027 1
2586 781 1
2586 961 1
2586 1388 1
2586 4778 1
2586 2728 1
2586 4687 1
2586 578 1
1026 578 1
1026 4639 1
1026 1925 1
1026 1872 1
1026 1303 1
1026 1290 1
1026 195 1
1026 3020 1
1026 2478 1
1026 867 1
1026 1327 1
65 324 1
65 709 1
65 4956 1
65 92 1
65 1635 1
65 4486 1
65 2653 1
65 3688 1
2043 221 1
2043 40 1
2043 2292 1
2043 346 1
2043 1174 1
2043 3981 1
2043 799 1
2043 5134 1
2043 848 1
2043 1219 1
2043 2729 1
2043 448 1
2043 2081 1
2043 580 1
2043 240 1
2043 828 1
2043 230 1
2043 34 1
1701 1151 1
1701 1842 1
1701 2521 1
1701 2923 1
1701 3822 1
1701 1477 1
1701 764 1
1701 3862 1
186 347 1
186 814 1
186 16 1
186 3127 1
186 5162 1
186 4053 1
186 3974 1
186 815 1
572 3344 1
572 2999 1
572 5315 1
572 1798 1
572 1896 1
572 2050 1
140 2425 1
140 1756 1
140 458 1
140 1148 1
140 316 1
140 642 1
1566 4869 1
1566 5392 1
1566 1393 1
1566 5827 1
1566 1480 1
1566 3023 1
1566 1506 1
1020 1138 1
1020 5316 1
1020 2608 1
1020 55 1
1020 1932 1
1020 92 1
1020 5826 1
1020 61 1
1020 968 1
1020 674 1
1913 1991 1
1913 5262 1
1913 848 1
1913 970 1
1913 881 1
1913 764 1
1913 4221 1
1913 701 1
1913 5376 1
742 3457 1
742 287 1
742 36 1
742 1797 1
742 415 1
742 5571 1
742 2421 1
742 1984 1
742 1996 1
742 2358 1
742 3885 1
742 1689 1
742 836 1
742 2923 1
742 3281 1
742 102 1
742 1327 1
626 2175 1
626 2624 1
626 1186 1
626 5686 1
626 3238 1
626 189 1
626 431 1
626 2176 1
811 208 1
811 2570 1
811 2386 1
811 584 1
811 57 1
811 788 1
811 2567 1
811 1786 1
811 4001 1
811 3148 1
811 5370 1
811 2923 1
811 4389 1
811 355 1
811 2333 1
811 2792 1
2363 2947 1
2363 3601 1
2363 5628 1
2363 2275 1
2363 3645 1
2363 2984 1
1680 3674 1
1680 1409 1
1680 4749 1
1680 1017 1
1680 1969 1
1680 419 1
1680 757 1
1680 320 1
1680 3911 1
1680 4001 1
1680 179 1
1680 429 1
1680 447 1
1680 196 1
1680 4002 1
1680 2338 1
203 4690 1
203 5166 1
203 497 1
203 390 1
203 1629 1
203 872 1
1323 396 1
1323 1528 1
1323 882 1
1323 1911 1
1323 3938 1
1323 777 1
1323 2804 1
1323 280 1
1323 1183 1
1323 4022 1
1323 1074 1
1932 1708 1
1932 600 1
1932 580 1
1932 1192 1
1932 34 1
2721 17 1
2721 4379 1
2721 218 1
2721 2957 1
2721 2591 1
2721 1219 1
2721 2062 1
2721 535 1
2721 195 1
2721 1533 1
2721 315 1
2721 1984 1
2721 1078 1
2721 430 1
2721 368 1
1580 1882 1
1580 4045 1
1580 1183 1
1580 18 1
1580 2379 1
1580 4238 1
1580 4532 1
1580 1585 1
1580 323 1
1580 681 1
1580 4153 1
1580 59 1
1580 4085 1
1580 4295 1
1580 3940 1
1580 1603 1
1580 822 1
1580 5048 1
1580 703 1
1580 1586 1
1580 196 1
1580 235 1
1580 1904 1
1580 5559 1
1580 938 1
1580 2001 1
1580 5820 1
1580 5350 1
1580 5405 1
1580 1327 1
2306 281 1
2306 36 1
2306 5835 1
2306 780 1
2306 1354 1
2306 2627 1
2306 1350 1
2306 1634 1
1891 965 1
1891 624 1
1891 60 1
1891 1955 1
1891 2671 1
1891 2818 1
1495 196 1
1495 5611 1
1495 878 1
1495 4433 1
1495 259 1
2514 651 1
2514 782 1
2514 5002 1
2514 1583 1
2514 3042 1
945 900 1
945 4018 1
945 3223 1
945 785 1
945 2822 1
945 2824 1
945 239 1
969 136 1
969 2655 1
969 317 1
969 648 1
969 578 1
2630 795 1
2630 341 1
2630 32 1
2630 3457 1
2630 659 1
2630 36 1
2630 4811 1
2630 80 1
2630 1713 1
2630 284 1
2630 3528 1
2630 702 1
2630 4812 1
2630 1462 1
2630 429 1
2630 319 1
2630 178 1
2630 196 1
2630 235 1
2630 3952 1
2630 1872 1
1960 5625 1
1960 193 1
1960 951 1
1960 1201 1
1960 700 1
1960 3878 1
1960 34 1
1735 55 1
1735 938 1
1735 3793 1
1735 4893 1
1735 2760 1
207 5188 1
207 5296 1
207 4667 1
207 892 1
207 4934 1
207 3560 1
207 4720 1
265 325 1
265 2358 1
265 17 1
265 3334 1
265 4979 1
265 1058 1
642 1060 1
642 2379 1
642 3888 1
642 1290 1
642 1653 1
642 1053 1
518 3326 1
518 447 1
518 2530 1
518 1053 1
518 1976 1
518 3248 1
415 578 1
415 733 1
415 928 1
415 1426 1
415 3473 1
415 1029 1
415 828 1
415 373 1
415 1277 1
415 757 1
415 183 1
415 4668 1
2385 4644 1
2385 837 1
2385 2544 1
2385 4828 1
2385 3272 1
436 1675 1
436 3013 1
436 1680 1
436 4055 1
436 1670 1
436 1672 1
436 142 1
436 2806 1
436 1133 1
436 4185 1
436 3458 1
436 1681 1
436 989 1
436 4591 1
436 1673 1
436 2646 1
436 2087 1
436 3222 1
436 36 1
436 4160 1
436 4283 1
436 1854 1
436 704 1
436 1228 1
436 184 1
436 2487 1
436 572 1
436 867 1
436 5556 1
436 1886 1
436 1626 1
436 4703 1
436 1116 1
436 1667 1
436 1800 1
436 949 1
436 1676 1
436 3827 1
436 1398 1
436 217 1
436 4 1
436 1253 1
436 5552 1
436 1117 1
436 3849 1
436 90 1
436 1665 1
436 5292 1
436 1814 1
436 1677 1
436 1682 1
436 1678 1
436 5125 1
436 1674 1
436 5553 1
436 28 1
436 835 1
436 2875 1
436 312 1
436 153 1
436 1591 1
436 5096 1
790 5588 1
790 3514 1
790 2137 1
790 2551 1
790 106 1
790 2193 1
790 1830 1
790 3611 1
790 4565 1
790 5633 1
790 3603 1
790 2710 1
790 2755 1
790 71 1
790 3635 1
790 2022 1
790 1434 1
790 69 1
790 1372 1
790 1521 1
790 4739 1
790 2179 1
790 2511 1
790 5630 1
790 5760 1
790 2418 1
790 4612 1
790 1832 1
790 4207 1
790 3870 1
790 2336 1
790 5761 1
790 2194 1
790 2513 1
790 2512 1
790 650 1
790 3395 1
790 3014 1
790 2068 1
790 1334 1
790 112 1
790 3639 1
790 4561 1
790 483 1
790 5222 1
2433 2600 1
2433 32 1
2433 269 1
2433 1979 1
2433 785 1
2433 1726 1
2433 1969 1
2433 1608 1
2433 4866 1
2433 315 1
2433 1854 1
2433 263 1
2433 4235 1
2433 2879 1
2433 3506 1
2433 2329 1
2433 452 1
2433 3811 1
2433 1053 1
2433 4143 1
1958 160 1
1958 4630 1
1958 4248 1
1958 1232 1
1958 1431 1
1958 4220 1
1958 4273 1
1958 4296 1
1958 4160 1
1958 2617 1
1958 699 1
1958 4518 1
1958 583 1
1958 1223 1
1958 1996 1
1958 4275 1
1958 4790 1
1958 3117 1
1958 4274 1
1958 235 1
1958 3118 1
1958 2999 1
1958 1228 1
1958 355 1
337 1730 1
337 1673 1
337 3828 1
337 653 1
337 2758 1
337 506 1
337 3916 1
337 447 1
337 2457 1
337 2734 1
337 1904 1
337 669 1
1488 2731 1
1488 1419 1
1488 1399 1
1488 188 1
1488 989 1
1284 1025 1
1284 505 1
1284 3470 1
1284 4688 1
1284 1852 1
1284 5276 1
1284 2809 1
1284 2810 1
1284 3788 1
1284 4142 1
1284 1450 1
1284 5052 1
1284 796 1
1284 3686 1
445 1710 1
445 133 1
445 5520 1
445 5329 1
445 3269 1
445 99 1
445 4015 1
1747 3068 1
1747 4003 1
1747 155 1
1747 725 1
1747 940 1
1747 3475 1
1747 4869 1
1747 336 1
1747 5685 1
1747 4680 1
1747 3842 1
1747 3092 1
1747 1083 1
1747 1991 1
1747 3399 1
1747 665 1
1747 2785 1
1747 2053 1
1603 1253 1
1603 3633 1
1603 828 1
1603 99 1
1603 2114 1
1603 232 1
1603 192 1
398 1151 1
398 4744 1
398 833 1
398 2039 1
398 4273 1
398 2473 1
398 2209 1
398 1576 1
398 2479 1
2279 5205 1
2279 32 1
2279 1319 1
2279 1452 1
2279 2371 1
2279 4255 1
2279 2084 1
2279 1349 1
2279 4366 1
2279 3077 1
2279 2847 1
2279 5648 1
2279 2954 1
2279 1329 1
2279 1603 1
2279 1222 1
2279 3683 1
2279 320 1
2279 4009 1
2279 3604 1
2279 699 1
2279 2184 1
2279 7 1
2279 3364 1
2279 1996 1
2279 1227 1
2279 447 1
2279 5666 1
2279 5273 1
2279 1889 1
2279 4389 1
2279 239 1
2279 4549 1
2279 2129 1
2279 60 1
2279 1123 1
2279 1455 1
2279 1711 1
2279 1698 1
1149 684 1
1149 5014 1
1149 3131 1
1149 4824 1
1149 1401 1
1149 1355 1
1149 3966 1
1149 4278 1
1149 783 1
1149 1465 1
1149 3259 1
1149 822 1
1149 3506 1
1149 2871 1
1149 3260 1
1149 1442 1
1149 162 1
1274 166 1
1274 738 1
1274 3483 1
1274 1427 1
1274 4644 1
1274 3484 1
1274 963 1
1274 4324 1
1274 1996 1
1274 563 1
1274 1846 1
1274 4747 1
1274 178 1
1274 2991 1
1274 298 1
1274 5564 1
1274 3938 1
1274 1583 1
1274 1808 1
500 1528 1
500 1444 1
500 1879 1
500 3960 1
500 2199 1
500 200 1
500 175 1
500 2178 1
22 2341 1
22 4980 1
22 1938 1
22 2809 1
22 292 1
22 843 1
22 2399 1
22 1329 1
22 3612 1
22 4981 1
22 36 1
22 3373 1
22 3109 1
22 496 1
22 3555 1
22 1254 1
706 1924 1
706 1163 1
706 4528 1
706 298 1
706 60 1
1465 1297 1
1465 5085 1
1465 5748 1
1465 1877 1
1465 788 1
1465 3731 1
1465 269 1
1465 920 1
1465 2834 1
1465 2711 1
1465 1930 1
1465 860 1
1465 2460 1
1465 4678 1
1465 2504 1
1465 1833 1
1465 3732 1
1465 3445 1
1465 3015 1
1465 1786 1
1465 3885 1
1465 4024 1
1465 5739 1
1465 1053 1
1465 4258 1
430 695 1
430 17 1
430 4451 1
430 4742 1
430 3560 1
1317 3218 1
1317 580 1
1317 458 1
1317 189 1
1317 738 1
126 2527 1
126 407 1
126 3914 1
126 166 1
126 1000 1
126 4384 1
741 5081 1
741 3371 1
741 2026 1
741 2415 1
741 4962 1
741 5654 1
741 1572 1
741 949 1
741 2416 1
741 42 1
741 2022 1
741 499 1
741 2417 1
741 5154 1
787 843 1
787 2830 1
787 831 1
787 4983 1
787 2691 1
787 605 1
787 4527 1
787 610 1
781 5206 1
781 868 1
781 879 1
781 586 1
781 625 1
781 166 1
781 4783 1
1119 951 1
1119 4643 1
1119 1606 1
1119 2536 1
1119 3983 1
267 5022 1
267 1099 1
267 1094 1
267 2504 1
267 315 1
267 1095 1
267 429 1
267 2879 1
267 2213 1
267 4305 1
267 744 1
1753 4289 1
1753 1535 1
1753 648 1
1753 847 1
1753 4194 1
232 3114 1
232 4109 1
232 3121 1
232 963 1
232 739 1
232 3343 1
232 5184 1
232 702 1
232 960 1
232 4381 1
232 429 1
232 964 1
232 695 1
232 3340 1
232 355 1
232 4838 1
232 1181 1
232 3816 1
232 802 1
693 5291 1
693 1015 1
693 1105 1
693 3683 1
693 1103 1
991 5112 1
991 3015 1
991 94 1
991 1456 1
991 1427 1
991 349 1
991 648 1
1152 2222 1
1152 3973 1
1152 463 1
1152 2058 1
1152 2821 1
1152 99 1
1152 3046 1
1152 1053 1
1152 2051 1
1152 5039 1
2119 5619 1
2119 4903 1
2119 2175 1
2119 2627 1
2119 5213 1
2119 968 1
1087 244 1
1087 1563 1
1087 3191 1
1087 218 1
1087 2817 1
1087 1452 1
1087 1344 1
1087 2957 1
1087 1944 1
1087 4248 1
1087 932 1
1087 126 1
1087 5 1
1087 4304 1
1087 279 1
1087 1969 1
1087 4516 1
1087 530 1
1087 1167 1
1087 704 1
1087 20 1
1087 1595 1
1087 230 1
1087 1984 1
1087 2119 1
1087 2426 1
1087 417 1
1087 58 1
1087 3128 1
1087 178 1
1087 580 1
1087 1232 1
1087 1710 1
1087 3127 1
1087 828 1
1087 1254 1
1087 3432 1
1087 290 1
1373 80 1
1373 2109 1
1373 3208 1
1373 463 1
1373 2896 1
2267 3469 1
2267 920 1
2267 633 1
2267 2084 1
2267 203 1
2267 270 1
2267 4375 1
2267 2460 1
2267 2196 1
2267 4388 1
2267 1828 1
2267 3763 1
2267 5170 1
2267 3652 1
2267 1975 1
2267 1834 1
2267 60 1
2267 867 1
2267 4712 1
613 3696 1
613 2161 1
613 99 1
613 360 1
613 367 1
613 3792 1
1502 2585 1
1502 2660 1
1502 4188 1
1502 3132 1
1502 2531 1
2054 645 1
2054 3246 1
2054 2245 1
2054 528 1
2054 938 1
2054 4369 1
2054 92 1
2054 5850 1
2054 2674 1
2054 3752 1
253 16 1
253 5290 1
253 1041 1
253 284 1
253 1042 1
253 3042 1
253 1040 1
2627 4504 1
2627 4594 1
2627 2585 1
2627 3246 1
2627 4486 1
2627 648 1
2337 3383 1
2337 679 1
2337 1 1
2337 1814 1
2337 5647 1
2337 704 1
2337 4551 1
2337 4602 1
2337 4897 1
2337 506 1
2337 2593 1
2337 3696 1
2337 951 1
2337 1873 1
2337 2333 1
2337 431 1
2636 1750 1
2636 27 1
2636 721 1
2636 5456 1
2636 1105 1
2381 5121 1
2381 1452 1
2381 2707 1
2381 4109 1
2381 1055 1
2381 3140 1
2381 3461 1
2381 4432 1
2381 722 1
2381 1533 1
2381 2580 1
2381 1991 1
2381 5370 1
2381 349 1
2381 799 1
2381 580 1
2381 3307 1
2381 695 1
2381 3916 1
2381 2082 1
2412 2222 1
2412 1328 1
2412 2097 1
2412 1667 1
2412 642 1
2412 463 1
2412 80 1
7 25 1
7 240 1
7 1521 1
7 1094 1
7 232 1
7 16 1
1340 78 1
1340 1477 1
1340 3441 1
1340 957 1
1340 2281 1
1340 1536 1
1340 4740 1
1340 2669 1
1340 3161 1
1340 2286 1
1340 101 1
1340 2864 1
1340 5777 1
1340 636 1
1340 2013 1
1340 3567 1
1340 4256 1
1340 2198 1
1340 1951 1
1340 761 1
1340 843 1
1340 2574 1
1340 2437 1
1340 1872 1
1340 1948 1
1340 707 1
1340 2173 1
1340 4482 1
1340 4926 1
1340 1998 1
1340 1095 1
1340 4061 1
1340 694 1
1340 178 1
1340 289 1
1340 3758 1
1340 549 1
1340 3568 1
1340 1891 1
1340 3558 1
1340 360 1
1340 2479 1
1340 34 1
1340 2236 1
1340 3648 1
1340 4525 1
1340 4183 1
1340 3274 1
1340 3569 1
1340 1085 1
1340 578 1
1340 5481 1
1340 4083 1
1340 1543 1
1340 4804 1
1340 2401 1
1340 5181 1
1340 3315 1
1340 886 1
1340 1400 1
1340 767 1
1340 3954 1
1340 2265 1
1340 2052 1
1340 4974 1
1340 1253 1
1340 5866 1
1340 785 1
1340 296 1
1340 5385 1
1340 85 1
1340 3713 1
1340 2701 1
1340 31 1
1340 1188 1
1340 971 1
1340 1212 1
1340 3092 1
1340 315 1
1340 2165 1
1340 1856 1
1340 5150 1
1340 250 1
1340 2337 1
1340 2733 1
1340 703 1
1340 196 1
1340 3563 1
1340 567 1
1340 2730 1
1340 2001 1
1340 4485 1
1340 3555 1
1340 1053 1
1340 3560 1
1340 3119 1
1700 2233 1
1700 5252 1
1700 910 1
1700 4913 1
1700 2096 1
1700 2764 1
1700 945 1
1700 2118 1
1700 2813 1
1700 2297 1
619 3756 1
619 3442 1
619 878 1
619 2789 1
619 528 1
2510 403 1
2510 534 1
2510 4511 1
2510 5 1
2510 1608 1
2510 5793 1
2510 2878 1
2510 2880 1
2510 3911 1
2510 4001 1
2510 3258 1
2510 3507 1
2510 4922 1
2510 56 1
2510 2098 1
2510 196 1
2510 3179 1
2510 2222 1
2510 1957 1
2510 368 1
2510 3660 1
2510 2338 1
1163 2596 1
1163 3275 1
1163 3472 1
1163 5734 1
1163 733 1
1163 5832 1
795 336 1
795 1271 1
795 1521 1
795 2534 1
795 2193 1
1923 346 1
1923 781 1
1923 3768 1
1923 1380 1
1923 80 1
1923 4305 1
1923 739 1
1923 2214 1
1720 970 1
1720 4322 1
1720 3614 1
1720 5333 1
1720 416 1
1720 1575 1
1720 1708 1
1720 4371 1
1720 1942 1
1720 920 1
1720 465 1
1720 4043 1
1720 5390 1
1720 976 1
1720 2698 1
1720 4017 1
1720 2120 1
1720 2191 1
1720 1598 1
1720 698 1
1720 1069 1
1720 3403 1
1720 580 1
1720 3246 1
1720 81 1
1720 5091 1
1720 5149 1
1206 1665 1
1206 3372 1
1206 914 1
1206 856 1
1206 377 1
1206 36 1
1206 5518 1
1206 978 1
1206 2045 1
1206 5506 1
1206 3369 1
1206 5493 1
1206 1334 1
1206 5650 1
1206 3370 1
1206 60 1
1206 2022 1
250 1814 1
250 39 1
250 4231 1
250 781 1
250 152 1
250 1029 1
250 848 1
250 5245 1
250 1794 1
250 4521 1
250 1172 1
250 1797 1
250 190 1
250 704 1
250 3225 1
250 55 1
250 188 1
250 3814 1
250 29 1
250 34 1
1602 677 1
1602 919 1
1602 1781 1
1602 5128 1
1602 1327 1
1602 1856 1
648 795 1
648 544 1
648 4374 1
648 5637 1
648 650 1
648 1470 1
648 2677 1
648 2227 1
648 447 1
648 2226 1
648 1387 1
648 188 1
648 2406 1
369 1491 1
369 1494 1
369 4769 1
369 462 1
369 3690 1
1588 372 1
1588 2078 1
1588 1440 1
1588 1626 1
1588 1409 1
1588 5014 1
1588 4365 1
1588 1695 1
1588 4750 1
1588 3889 1
1588 2959 1
1588 2985 1
1588 3957 1
1588 5273 1
1588 3435 1
1588 183 1
1588 1309 1
1588 1000 1
1588 1071 1
2063 3396 1
2063 1515 1
2063 2958 1
2063 965 1
2063 1183 1
2063 4131 1
2063 2146 1
1403 3659 1
1403 576 1
1403 3753 1
1403 3259 1
1403 1984 1
1403 3660 1
1403 5293 1
1403 824 1
1403 3179 1
1403 55 1
1403 298 1
1403 867 1
793 1438 1
793 4837 1
793 479 1
793 855 1
793 2524 1
793 1724 1
793 1219 1
793 383 1
793 2525 1
531 1587 1
531 1604 1
531 867 1
531 157 1
531 2146 1
504 383 1
504 321 1
504 16 1
504 2039 1
504 867 1
504 3718 1
504 3304 1
504 4640 1
2216 4515 1
2216 2086 1
2216 1629 1
2216 1801 1
2216 5649 1
2216 670 1
2216 4391 1
2216 2906 1
2216 784 1
2216 2860 1
2216 3859 1
2216 1174 1
2216 4516 1
2216 2821 1
2216 848 1
2216 10 1
2216 2481 1
2216 4931 1
2216 710 1
2216 5885 1
2216 2979 1
2216 2688 1
2216 5417 1
2216 20 1
2216 4513 1
2216 2611 1
2216 4397 1
2216 447 1
2216 3425 1
2216 686 1
2216 3749 1
2216 2218 1
2216 1084 1
2216 227 1
2216 3304 1
2216 4514 1
2038 4573 1
2038 2671 1
2038 5287 1
2038 1299 1
2038 1814 1
2038 5528 1
2038 4944 1
2038 5386 1
2038 4163 1
2038 4354 1
2038 4150 1
2038 2244 1
900 3417 1
900 3813 1
900 1770 1
900 1310 1
900 2225 1
900 5059 1
900 770 1
900 5801 1
900 2750 1
900 2752 1
900 1197 1
900 1727 1
900 5559 1
900 465 1
900 700 1
900 1053 1
900 2704 1
1503 30 1
1503 32 1
1503 295 1
1503 513 1
1503 3917 1
1503 2710 1
1503 4504 1
1503 1854 1
1503 261 1
1503 3216 1
1503 1094 1
1503 2624 1
1503 3771 1
1503 3774 1
1503 117 1
1503 3776 1
1503 1095 1
1503 4269 1
1503 5568 1
1503 3775 1
1503 1960 1
1503 3609 1
1503 1771 1
1503 5294 1
1503 5167 1
1503 465 1
1503 3772 1
1503 2403 1
1503 3746 1
1503 4415 1
1503 1455 1
1503 3472 1
1613 2125 1
1613 5339 1
1613 4235 1
1613 1495 1
1613 2051 1
1613 134 1
1613 648 1
1613 3919 1
1613 2004 1
1613 4859 1
1613 1333 1
1613 3830 1
1613 3673 1
1613 294 1
1613 1192 1
1613 1996 1
1613 4768 1
1613 3111 1
1613 2619 1
1613 3999 1
1613 530 1
1613 3915 1
1613 3920 1
1613 3912 1
1613 3390 1
1613 5109 1
1613 3547 1
1613 2170 1
1613 2554 1
1613 45 1
1613 1208 1
1613 178 1
1613 5657 1
1613 363 1
1613 3758 1
1613 1975 1
1613 1356 1
1613 3921 1
1613 867 1
1613 2408 1
1613 3913 1
1613 1243 1
1613 3934 1
1613 352 1
1613 1255 1
1613 748 1
1613 2776 1
1613 210 1
1613 1009 1
1613 3645 1
1613 873 1
1613 7 1
1613 58 1
1613 4669 1
1613 2934 1
1613 811 1
1613 366 1
1613 5420 1
1613 4387 1
1613 1385 1
1613 1310 1
1613 3751 1
1613 3219 1
1613 3218 1
1613 377 1
1613 1483 1
1613 5 1
1613 4028 1
1613 3602 1
1613 1786 1
1613 4385 1
1613 3916 1
1613 2615 1
1613 188 1
1613 5282 1
1613 1000 1
1613 4258 1
2319 3413 1
2319 2710 1
2319 3224 1
2319 2896 1
2319 650 1
2319 1948 1
2319 707 1
2319 3666 1
2319 2836 1
2319 1470 1
2319 3136 1
2319 1587 1
2319 4208 1
2319 5052 1
2319 2664 1
2319 4271 1
258 1137 1
258 867 1
258 1062 1
258 675 1
258 4047 1
845 2734 1
845 2245 1
845 1015 1
845 1482 1
845 1603 1
845 669 1
845 2248 1
2519 1477 1
2519 4528 1
2519 2897 1
2519 3493 1
2519 294 1
2519 1032 1
2519 4496 1
2530 2724 1
2530 1533 1
2530 2880 1
2530 704 1
2530 4129 1
2530 4428 1
2530 2232 1
2530 33 1
2530 1079 1
2530 232 1
2530 4002 1
2444 4508 1
2444 454 1
2444 3912 1
2444 1423 1
2444 4416 1
2444 916 1
2444 704 1
2444 506 1
2444 4684 1
2444 3373 1
2444 703 1
2444 3374 1
2444 938 1
2444 2001 1
2444 4668 1
2444 1053 1
2444 290 1
1057 4083 1
1057 2984 1
1057 3925 1
1057 5280 1
1057 2049 1
1057 1426 1
1057 1713 1
1057 156 1
1057 1922 1
1057 263 1
1057 179 1
1057 3384 1
1057 63 1
1057 1582 1
1057 1523 1
2017 4325 1
2017 2224 1
2017 2854 1
2017 5416 1
2017 5231 1
2017 5787 1
2017 5415 1
2017 147 1
2017 5262 1
2017 3338 1
2017 5020 1
2017 3753 1
2017 1252 1
2017 2593 1
2017 1530 1
2017 1038 1
2017 293 1
2017 496 1
2017 4326 1
2782 1183 1
2782 5796 1
2782 1934 1
2782 540 1
2782 1254 1
2782 373 1
2782 2866 1
2782 324 1
2782 4010 1
2782 3302 1
2782 2280 1
1658 24 1
1658 3979 1
1658 4938 1
1658 5771 1
1658 2502 1
1658 2152 1
2445 4528 1
2445 1354 1
2445 867 1
2445 3688 1
2445 1378 1
1861 1881 1
1861 5625 1
1861 439 1
1861 5431 1
1861 3555 1
1861 1053 1
809 16 1
809 3169 1
809 625 1
809 2821 1
809 3555 1
809 3954 1
809 712 1
809 4112 1
2398 1827 1
2398 403 1
2398 751 1
2398 3219 1
2398 5663 1
2398 5819 1
2398 2938 1
2398 819 1
2398 4654 1
2398 111 1
2398 2090 1
554 5101 1
554 1739 1
554 1209 1
554 1892 1
554 235 1
554 1546 1
554 1109 1
554 2764 1
1259 598 1
1259 663 1
1259 3132 1
1259 189 1
1259 3458 1
1900 281 1
1900 2039 1
1900 1372 1
1900 1085 1
1900 5875 1
881 5795 1
881 2726 1
881 1056 1
881 2727 1
881 1068 1
881 543 1
881 889 1
881 331 1
881 4678 1
881 1849 1
881 2465 1
881 452 1
881 2725 1
881 1105 1
1611 2347 1
1611 625 1
1611 785 1
1611 579 1
1611 2114 1
1611 893 1
1611 968 1
1611 3202 1
1177 4846 1
1177 1253 1
1177 17 1
1177 789 1
1177 3299 1
1177 422 1
1177 4003 1
1695 2341 1
1695 2256 1
1695 5642 1
1695 188 1
1695 4866 1
1695 1968 1
405 3044 1
405 2053 1
405 1642 1
405 1219 1
405 584 1
405 1506 1
75 610 1
75 372 1
75 3742 1
75 32 1
75 2049 1
75 781 1
75 1554 1
75 1017 1
75 420 1
75 80 1
75 535 1
75 1034 1
75 5109 1
75 4989 1
75 4226 1
75 4905 1
75 1342 1
75 373 1
75 3706 1
75 2713 1
75 580 1
75 1724 1
75 2455 1
75 368 1
75 188 1
75 1256 1
75 175 1
1654 3102 1
1654 940 1
1654 3606 1
1654 4127 1
1654 5369 1
1654 3598 1
1654 3973 1
1654 799 1
1654 3479 1
1654 5169 1
1654 2888 1
1654 1124 1
1654 2081 1
1654 1100 1
1654 580 1
1654 1454 1
1654 289 1
1654 4173 1
1654 316 1
1654 3939 1
1654 4783 1
866 1055 1
866 164 1
866 1756 1
866 1053 1
866 2696 1
866 5794 1
2144 5139 1
2144 4442 1
2144 1040 1
2144 28 1
2144 5670 1
2144 5629 1
2144 1858 1
826 5777 1
826 1268 1
826 3478 1
826 2604 1
826 3475 1
826 1046 1
826 904 1
826 5663 1
826 3479 1
826 3125 1
826 3476 1
826 4923 1
826 762 1
826 289 1
826 2611 1
826 1732 1
826 1061 1
826 42 1
826 465 1
826 5352 1
892 3828 1
892 4135 1
892 479 1
892 4618 1
892 5250 1
892 349 1
892 2735 1
892 2734 1
892 933 1
892 5360 1
892 5277 1
892 4840 1
892 1071 1
1170 1093 1
1170 2320 1
1170 796 1
1170 4611 1
1170 2685 1
1170 623 1
1170 1760 1
2496 4882 1
2496 1162 1
2496 1021 1
2496 1044 1
2496 1342 1
2496 1590 1
2496 4269 1
2496 737 1
2496 4459 1
2496 1742 1
2496 1591 1
2404 447 1
2404 1337 1
2404 863 1
2404 241 1
2404 1606 1
1991 5674 1
1991 956 1
1991 2897 1
1991 1468 1
1991 195 1
1991 2230 1
2189 3593 1
2189 244 1
2189 3575 1
2189 2599 1
2189 507 1
2189 1554 1
2189 2014 1
2189 36 1
2189 654 1
2189 5271 1
2189 188 1
2189 284 1
2189 402 1
2189 1533 1
2189 4495 1
2189 20 1
2189 1638 1
2189 3399 1
2189 199 1
2189 868 1
2189 3510 1
2189 447 1
2189 818 1
2189 196 1
2189 235 1
2189 2222 1
2189 2876 1
2189 1186 1
2189 2536 1
2189 272 1
2634 4540 1
2634 418 1
2634 91 1
2634 108 1
2634 2131 1
2634 1477 1
2634 5565 1
2634 648 1
2634 1769 1
2634 382 1
2634 954 1
2634 1133 1
2634 2175 1
2634 4338 1
2634 3161 1
2634 1501 1
2634 1673 1
2634 4123 1
2634 1174 1
2634 4109 1
2634 4632 1
2634 4568 1
2634 1572 1
2634 2685 1
2634 271 1
2634 2434 1
2634 4597 1
2634 2170 1
2634 5665 1
2634 4270 1
2634 1061 1
2634 2620 1
2634 2915 1
2634 1455 1
2634 1040 1
2634 1235 1
2634 3257 1
2634 497 1
2634 2117 1
2634 1738 1
2634 1521 1
2634 61 1
2634 3582 1
2634 2106 1
2634 2936 1
2634 1028 1
2634 2926 1
2634 2812 1
2634 111 1
2634 155 1
2634 2198 1
2634 5205 1
2634 2580 1
2634 3182 1
2634 2733 1
2634 4514 1
2634 1000 1
1366 4976 1
1366 2231 1
1366 1570 1
1366 104 1
1366 1583 1
1366 1168 1
1204 3367 1
1204 3329 1
1204 2579 1
1204 3862 1
1204 4493 1
1204 4383 1
1204 274 1
1204 3364 1
1204 1227 1
1204 1220 1
1204 1872 1
1204 2570 1
1204 1603 1
1204 5135 1
1204 1193 1
1204 5647 1
1204 1574 1
1204 1653 1
1204 1223 1
1204 1722 1
1204 4527 1
1204 5554 1
1204 5017 1
1204 2628 1
1204 1232 1
1204 2222 1
1204 3365 1
1204 1519 1
1204 311 1
1204 426 1
1204 1084 1
1204 1126 1
1204 2333 1
1204 1711 1
1204 3618 1
719 1514 1
719 848 1
719 2883 1
719 2886 1
719 1223 1
719 76 1
719 2106 1
719 1069 1
719 447 1
719 624 1
719 3665 1
719 2280 1
146 18 1
146 3300 1
146 270 1
146 663 1
146 1506 1
1786 4114 1
1786 1547 1
1786 1349 1
1786 4028 1
1786 60 1
1786 4675 1
1786 1522 1
1786 2767 1
1786 3682 1
2447 1052 1
2447 2 1
2447 169 1
2447 2747 1
2447 757 1
2447 2496 1
2447 1069 1
2447 2129 1
2447 4582 1
2447 29 1
2447 5776 1
1692 249 1
1692 3493 1
1692 1296 1
1692 426 1
1692 1713 1
1692 1734 1
1692 5714 1
1385 288 1
1385 1447 1
1385 346 1
1385 3631 1
1385 2198 1
1385 2001 1
1385 3787 1
1385 126 1
1385 2512 1
1385 2898 1
1385 5090 1
1385 4777 1
1385 20 1
1385 1385 1
1385 2752 1
1385 1095 1
1385 1956 1
1385 5703 1
1385 605 1
1385 2483 1
1385 822 1
1385 1069 1
1385 2872 1
1385 1904 1
1385 2196 1
1385 3409 1
1385 34 1
1385 1327 1
1385 290 1
2145 506 1
2145 5330 1
2145 1156 1
2145 4444 1
2145 40 1
1864 3102 1
1864 544 1
1864 4246 1
1864 2829 1
1864 3858 1
1864 398 1
1864 592 1
1864 407 1
1864 1533 1
1864 4424 1
1864 708 1
1864 5167 1
2138 1794 1
2138 1691 1
2138 469 1
2138 543 1
2138 3730 1
2138 1700 1
2138 2050 1
2138 2750 1
2138 2465 1
2138 4848 1
2138 695 1
2138 1891 1
2138 1896 1
785 910 1
785 5456 1
785 963 1
785 2504 1
785 1711 1
2205 416 1
2205 5036 1
2205 781 1
2205 4504 1
2205 5010 1
2205 3659 1
2205 702 1
2205 4503 1
2205 373 1
2205 5138 1
2205 456 1
2205 3220 1
2205 2363 1
2205 3262 1
2205 1909 1
2205 634 1
2205 4044 1
2205 312 1
2205 4671 1
2205 4505 1
2205 209 1
2205 3132 1
2205 3046 1
2205 1565 1
2205 3503 1
2109 1232 1
2109 2670 1
2109 447 1
2109 3029 1
2109 3676 1
2109 2498 1
961 248 1
961 1151 1
961 3954 1
961 5209 1
961 366 1
961 1148 1
961 1524 1
961 3029 1
961 2957 1
961 5796 1
961 3633 1
961 2873 1
961 704 1
961 2867 1
961 4053 1
961 2866 1
961 2222 1
961 1136 1
961 742 1
961 5167 1
2394 366 1
2394 1006 1
2394 1175 1
2394 764 1
2394 701 1
2394 712 1
2394 3458 1
1824 2968 1
1824 206 1
1824 1187 1
1824 1510 1
1824 5416 1
1824 1922 1
1863 100 1
1863 2181 1
1863 650 1
1863 3909 1
1863 530 1
1863 4189 1
1863 1427 1
815 1519 1
815 137 1
815 3616 1
815 3329 1
815 2579 1
815 2578 1
815 629 1
815 1100 1
815 3903 1
815 452 1
815 1003 1
815 1520 1
815 183 1
815 2850 1
2115 2156 1
2115 4369 1
2115 2114 1
2115 136 1
2115 4416 1
2428 1764 1
2428 2053 1
2428 2039 1
2428 3014 1
2428 1576 1
1049 119 1
1049 1952 1
1049 4229 1
1049 412 1
1049 1480 1
1049 1472 1
1049 1088 1
1049 506 1
1049 1996 1
1049 2989 1
1049 2534 1
440 5528 1
440 1003 1
440 3205 1
440 1520 1
440 1233 1
440 284 1
1187 1929 1
1187 27 1
1187 3879 1
1187 2348 1
1187 525 1
1187 4171 1
1187 2309 1
1187 60 1
1187 2353 1
1187 1935 1
1187 3008 1
1187 1069 1
1187 1433 1
1187 3244 1
1187 624 1
1187 1463 1
1187 965 1
2397 528 1
2397 2711 1
2397 2300 1
2397 1167 1
2397 3298 1
204 1227 1
204 874 1
204 2444 1
204 3933 1
204 1896 1
204 3791 1
138 2059 1
138 5230 1
138 272 1
138 1879 1
138 3398 1
138 637 1
138 578 1
1360 5032 1
1360 1762 1
1360 269 1
1360 2084 1
1360 270 1
1360 4119 1
1360 284 1
1360 2115 1
1360 3142 1
1360 4680 1
1360 271 1
1360 788 1
1360 4364 1
2441 900 1
2441 1338 1
2441 2062 1
2441 1919 1
2441 535 1
2441 4419 1
2441 189 1
2441 751 1
2441 2400 1
1053 1770 1
1053 4580 1
1053 3068 1
1053 1603 1
1053 2786 1
2208 787 1
2208 3085 1
2208 274 1
2208 4939 1
2208 791 1
2208 1724 1
2208 4508 1
2208 198 1
2208 2504 1
2208 1794 1
2208 4509 1
2208 4884 1
2208 2119 1
2208 1018 1
2208 1100 1
2208 1582 1
2208 2615 1
2208 3409 1
2208 316 1
2208 1053 1
2208 272 1
1919 5377 1
1919 80 1
1919 1354 1
1919 92 1
1919 4892 1
1817 57 1
1817 3127 1
1817 2339 1
1817 5250 1
1817 834 1
1652 2681 1
1652 366 1
1652 3877 1
1652 1175 1
1652 3971 1
1543 218 1
1543 4225 1
1543 2840 1
1543 4683 1
1543 5006 1
1543 2353 1
1543 1052 1
1543 2499 1
1543 3387 1
1543 2614 1
1543 267 1
1543 447 1
1543 4804 1
1543 1136 1
1543 2641 1
1543 3046 1
2477 358 1
2477 78 1
2477 965 1
2477 1672 1
2477 3407 1
2477 5058 1
2477 1918 1
2477 3072 1
2477 246 1
2477 3173 1
2477 1328 1
2477 294 1
2477 5730 1
2477 3603 1
2477 4114 1
2477 1572 1
2477 271 1
2477 4795 1
2477 1069 1
2477 3097 1
2477 4433 1
2477 60 1
2477 867 1
2477 2022 1
2477 4937 1
2477 436 1
2477 4703 1
2477 4875 1
2477 4677 1
2477 4700 1
2477 1798 1
2477 2511 1
2477 437 1
2477 1889 1
2477 3371 1
2477 4701 1
2477 1310 1
2477 172 1
2477 1871 1
2477 1674 1
2477 949 1
2477 1197 1
2477 624 1
1469 1695 1
1469 3876 1
1469 2123 1
1469 4618 1
1469 258 1
1469 5780 1
1469 2363 1
1469 830 1
1469 704 1
1469 4708 1
1469 4769 1
1469 1484 1
1469 1931 1
1469 3737 1
1469 1476 1
1469 2222 1
1469 4300 1
1469 2077 1
1469 4783 1
2098 789 1
2098 103 1
2098 4788 1
2098 1750 1
2098 5264 1
2098 5489 1
2098 309 1
2098 248 1
2098 1501 1
2098 5633 1
2098 1068 1
2098 848 1
2098 3343 1
2098 3970 1
2098 5524 1
2098 1211 1
2098 5312 1
2098 5324 1
2098 4858 1
2098 178 1
2098 1742 1
2098 3511 1
2098 867 1
2098 2779 1
2098 5837 1
2098 2745 1
2098 1764 1
2098 206 1
2098 3159 1
2098 497 1
2098 463 1
2098 3433 1
2098 2054 1
2098 3509 1
2098 3315 1
2098 1398 1
2098 237 1
2098 1400 1
2098 3371 1
2098 2862 1
2098 785 1
2098 291 1
2098 5779 1
2098 654 1
2098 2512 1
2098 5630 1
2098 3092 1
2098 4923 1
2098 2810 1
2098 5811 1
2098 4408 1
2098 3374 1
2098 624 1
2347 5156 1
2347 4395 1
2347 3790 1
2347 1328 1
2347 1514 1
2347 3761 1
2347 3140 1
2347 867 1
2347 4157 1
2347 1390 1
2171 4484 1
2171 2507 1
2171 4816 1
2171 5515 1
2171 157 1
764 3673 1
764 1188 1
764 1483 1
764 2478 1
764 5317 1
764 407 1
764 4412 1
764 2243 1
764 2479 1
764 322 1
275 1140 1
275 1814 1
275 469 1
275 3104 1
275 5082 1
275 513 1
275 534 1
275 5400 1
275 1060 1
275 5399 1
275 1162 1
275 1021 1
275 968 1
275 2429 1
275 5140 1
275 5051 1
275 2366 1
275 1141 1
275 3271 1
275 4513 1
275 570 1
275 4904 1
275 3225 1
275 68 1
275 3696 1
1711 4927 1
1711 498 1
1711 5188 1
1711 5131 1
1711 848 1
1711 1859 1
1711 2866 1
1711 29 1
1711 1359 1
2757 4540 1
2757 4911 1
2757 4373 1
2757 4161 1
2757 1750 1
2757 4184 1
2757 5776 1
2757 3010 1
2757 2273 1
2757 613 1
2757 3888 1
2757 2543 1
2757 2718 1
2757 3541 1
2757 1184 1
2757 3623 1
2757 5881 1
2757 2374 1
2757 2376 1
2757 1604 1
2757 5666 1
2757 410 1
2757 717 1
2757 3769 1
2757 4302 1
2757 2135 1
2757 1226 1
2757 2310 1
2757 2621 1
2757 4339 1
2757 749 1
2757 5887 1
2757 729 1
2757 4100 1
2757 4907 1
2757 3345 1
2757 3360 1
2757 3213 1
2757 517 1
2757 4040 1
2757 1223 1
2757 2870 1
2757 1177 1
2757 4910 1
2757 4773 1
2757 4584 1
2757 47 1
2757 1698 1
989 5231 1
989 2914 1
989 155 1
989 469 1
989 377 1
989 203 1
989 60 1
989 4017 1
989 1862 1
989 893 1
989 1577 1
989 5819 1
989 3445 1
989 1636 1
989 929 1
989 2102 1
989 1069 1
989 1867 1
989 2098 1
989 174 1
989 1317 1
989 624 1
989 2620 1
989 2915 1
989 2684 1
989 1071 1
2641 2222 1
2641 1797 1
2641 4528 1
2641 3525 1
2641 317 1
2641 1999 1
2168 5031 1
2168 1 1
2168 4731 1
2168 1917 1
2168 867 1
2168 1922 1
2168 64 1
2168 1069 1
2168 298 1
2168 60 1
2168 4963 1
2168 1327 1
1646 1506 1
1646 3593 1
1646 416 1
1646 90 1
1646 3399 1
1646 2251 1
1646 654 1
1646 5 1
1646 3964 1
1646 4017 1
1646 1948 1
1646 2627 1
1646 198 1
1646 660 1
1646 839 1
1646 1095 1
1646 2682 1
1646 3891 1
1646 5444 1
1646 3179 1
1646 1710 1
1646 2469 1
1646 69 1
1646 4143 1
1646 1399 1
1197 346 1
1197 210 1
1197 3332 1
1197 2026 1
1197 213 1
1197 349 1
2050 2340 1
2050 4366 1
2050 4229 1
2050 1006 1
2050 1431 1
2050 2310 1
2050 1755 1
1730 1591 1
1730 2385 1
1730 2582 1
1730 4902 1
1730 1487 1
1523 544 1
1523 1319 1
1523 4353 1
1523 4780 1
1523 5720 1
1523 1457 1
1523 5652 1
1523 2759 1
1523 1223 1
1523 1069 1
1523 3122 1
1523 3681 1
1523 1852 1
325 677 1
325 1870 1
325 1329 1
325 238 1
325 4925 1
325 3375 1
1178 3300 1
1178 3301 1
1178 1303 1
1178 2605 1
1178 3302 1
1207 703 1
1207 336 1
1207 1404 1
1207 744 1
1207 1711 1
338 5364 1
338 3104 1
338 172 1
338 397 1
338 2719 1
338 676 1
338 2830 1
338 3121 1
338 2301 1
338 4040 1
338 960 1
338 4786 1
338 5413 1
338 4817 1
338 1507 1
2157 3090 1
2157 3001 1
2157 2177 1
2157 4471 1
2157 5370 1
2157 774 1
2157 1544 1
1457 1936 1
1457 55 1
1457 1372 1
1457 60 1
1457 3720 1
1457 1986 1
2304 4250 1
2304 3978 1
2304 866 1
2304 244 1
2304 4251 1
2304 5022 1
2304 5276 1
2304 842 1
2304 403 1
2304 4246 1
2304 4504 1
2304 5091 1
2304 18 1
2304 1273 1
2304 2321 1
2304 1029 1
2304 5151 1
2304 188 1
2304 284 1
2304 4434 1
2304 637 1
2304 1096 1
2304 297 1
2304 5478 1
2304 1863 1
2304 1095 1
2304 634 1
2304 204 1
2304 1965 1
2304 2360 1
2304 447 1
2304 921 1
2304 196 1
2304 235 1
2304 2222 1
2304 809 1
2304 4249 1
2304 60 1
2304 867 1
2304 1378 1
2304 157 1
2580 4235 1
2580 1477 1
2580 5839 1
2580 2967 1
2580 3441 1
2580 3612 1
2580 2955 1
2580 4166 1
2580 4063 1
2580 2159 1
1841 4690 1
1841 3915 1
1841 848 1
1841 202 1
1841 28 1
1841 738 1
274 1134 1
274 387 1
274 5286 1
274 1053 1
274 1135 1
1252 4461 1
1252 78 1
1252 2716 1
1252 552 1
1252 1039 1
2457 1689 1
2457 1477 1
2457 614 1
2457 2504 1
2457 4687 1
230 1419 1
230 848 1
230 956 1
230 829 1
230 3176 1
230 3088 1
982 1691 1
982 3870 1
982 3029 1
982 4768 1
982 4869 1
982 2512 1
982 650 1
982 1948 1
982 5524 1
982 5754 1
982 312 1
982 447 1
982 2201 1
982 3229 1
496 1929 1
496 3241 1
496 3862 1
496 2720 1
496 1427 1
496 662 1
496 3492 1
496 1598 1
496 3479 1
496 4362 1
496 4017 1
496 1859 1
496 1862 1
496 1833 1
496 1854 1
496 1856 1
496 2631 1
496 289 1
496 941 1
496 1855 1
496 1860 1
496 2923 1
496 4177 1
496 5603 1
1351 738 1
1351 32 1
1351 5836 1
1351 428 1
1351 1219 1
1351 166 1
1351 189 1
1351 751 1
1351 162 1
1848 346 1
1848 1153 1
1848 5645 1
1848 781 1
1848 36 1
1848 142 1
1848 1630 1
1848 5880 1
1848 637 1
1848 130 1
1848 1172 1
1848 250 1
1848 417 1
1848 1128 1
1848 793 1
1848 4932 1
1848 3127 1
1848 426 1
1848 1029 1
1848 2280 1
2600 1744 1
2600 2033 1
2600 163 1
2600 4258 1
2600 3971 1
2600 2 1
1776 2481 1
1776 965 1
1776 1680 1
1776 4170 1
1776 4099 1
1776 1091 1
1776 382 1
1776 442 1
1776 4108 1
1776 2137 1
1776 5623 1
1776 106 1
1776 5265 1
1776 636 1
1776 1519 1
1776 3029 1
1776 2068 1
1776 513 1
1776 2579 1
1776 4246 1
1776 1572 1
1776 526 1
1776 4106 1
1776 1661 1
1776 64 1
1776 681 1
1776 583 1
1776 5324 1
1776 1069 1
1776 1604 1
1776 3246 1
1776 3621 1
1776 1520 1
1776 4963 1
1776 3485 1
1776 1455 1
1776 5666 1
1776 1460 1
1776 1941 1
1776 1729 1
1776 4703 1
1776 92 1
1776 3203 1
1776 2310 1
1776 949 1
1776 5760 1
1776 4103 1
1776 5494 1
1776 2815 1
1776 2418 1
1776 729 1
1776 4100 1
1776 3371 1
1776 764 1
1776 4006 1
1776 4888 1
1776 2425 1
1776 4561 1
1776 4101 1
1776 3210 1
1776 1457 1
1776 765 1
1776 20 1
1776 1339 1
1776 1223 1
1776 2870 1
1776 1003 1
1776 2001 1
1776 5820 1
474 521 1
474 551 1
474 5195 1
474 4038 1
474 1789 1
474 5179 1
474 550 1
474 5191 1
474 4525 1
474 549 1
474 4138 1
739 2377 1
739 69 1
739 368 1
739 812 1
739 101 1
739 4561 1
739 581 1
739 349 1
739 1352 1
739 3682 1
1346 1281 1
1346 1101 1
1346 3094 1
1346 3577 1
1346 1277 1
1346 3144 1
1346 4610 1
1346 5493 1
1346 3648 1
1346 4513 1
1346 1100 1
1346 4208 1
1346 3639 1
1346 60 1
1346 2022 1
1346 559 1
156 269 1
156 1381 1
156 970 1
156 241 1
156 3555 1
156 271 1
1716 4650 1
1716 2193 1
1716 4035 1
1716 3869 1
1716 4034 1
2633 3104 1
2633 1665 1
2633 4422 1
2633 765 1
2633 5888 1
2633 5498 1
2633 5324 1
2633 3635 1
2633 1453 1
2633 1336 1
2633 3519 1
2633 1433 1
2633 4331 1
2633 2129 1
2633 867 1
2633 5864 1
2633 1327 1
2633 4130 1
205 1904 1
205 938 1
205 1148 1
205 166 1
205 200 1
205 34 1
88 235 1
88 1486 1
88 1789 1
88 5128 1
88 604 1
88 412 1
88 4835 1
88 5126 1
88 413 1
88 2440 1
432 18 1
432 292 1
432 3374 1
432 2871 1
432 23 1
432 3422 1
432 1404 1
432 3718 1
432 321 1
432 290 1
990 544 1
990 4115 1
990 269 1
990 530 1
990 270 1
990 1554 1
990 271 1
990 788 1
990 506 1
990 452 1
990 1582 1
990 1053 1
2275 785 1
2275 1148 1
2275 739 1
2275 3526 1
2275 1667 1
2275 34 1
1892 5535 1
1892 2072 1
1892 2769 1
1892 1055 1
1892 4539 1
1892 1470 1
1892 3788 1
1892 2486 1
1892 2129 1
1892 5052 1
1892 867 1
2406 4463 1
2406 3377 1
2406 188 1
2406 2941 1
2406 5576 1
2406 1775 1
2406 1779 1
947 2214 1
947 4957 1
947 5262 1
947 1321 1
947 5019 1
947 2829 1
947 1302 1
947 781 1
947 164 1
947 2830 1
947 5765 1
947 4759 1
947 1859 1
947 338 1
947 2301 1
947 2831 1
947 832 1
947 169 1
947 1984 1
947 4132 1
947 447 1
947 3374 1
947 3696 1
947 2828 1
947 4195 1
1939 484 1
1939 3486 1
1939 3504 1
1939 1303 1
1939 2890 1
1939 4561 1
1562 3695 1
1562 670 1
1562 2817 1
1562 5713 1
1562 4860 1
1562 4931 1
1562 2601 1
1562 5171 1
1562 2738 1
1562 4459 1
1562 942 1
1562 165 1
1562 1873 1
1562 227 1
1926 1904 1
1926 938 1
1926 2001 1
1926 4006 1
1926 2141 1
1926 322 1
910 2728 1
910 751 1
910 3504 1
910 1963 1
910 2773 1
910 3831 1
910 4327 1
910 5806 1
910 4410 1
910 799 1
910 2681 1
910 2833 1
910 848 1
910 279 1
910 3538 1
910 3197 1
910 642 1
910 2494 1
910 4858 1
910 5789 1
910 4026 1
910 5805 1
910 4927 1
910 616 1
910 324 1
910 5483 1
910 2222 1
910 2032 1
910 823 1
910 3516 1
910 29 1
910 371 1
2065 700 1
2065 2851 1
2065 5094 1
2065 3016 1
2065 2 1
1444 607 1
1444 2734 1
1444 496 1
1444 810 1
1444 529 1
1444 604 1
1444 4687 1
1444 1245 1
1444 1071 1
1509 5466 1
1509 1764 1
1509 2500 1
1509 2800 1
1509 810 1
1509 3782 1
1509 1932 1
2420 2053 1
2420 831 1
2420 631 1
2420 2816 1
2420 257 1
2420 5525 1
2420 2019 1
2420 356 1
2420 2403 1
2420 802 1
155 696 1
155 5247 1
155 712 1
155 697 1
155 292 1
155 11 1
155 5249 1
155 4604 1
155 648 1
155 3584 1
319 1311 1
319 2897 1
319 2079 1
319 188 1
319 881 1
319 2300 1
319 4640 1
1308 1316 1
1308 3653 1
1308 3180 1
1308 2033 1
1308 834 1
2160 528 1
2160 1719 1
2160 4230 1
2160 904 1
2160 4111 1
1595 1665 1
1595 915 1
1595 152 1
1595 1554 1
1595 848 1
1595 2058 1
1595 4477 1
1595 1864 1
1595 783 1
1595 4129 1
1595 698 1
1595 429 1
1595 2367 1
1595 368 1
1595 426 1
1595 3260 1
1595 99 1
1595 230 1
1628 275 1
1628 4079 1
1628 3938 1
1628 777 1
1628 1054 1
1628 3284 1
1628 4692 1
1628 1811 1
1628 3862 1
1628 1816 1
1628 3218 1
1628 3449 1
1628 2365 1
1628 1422 1
1628 1797 1
1628 1744 1
1628 1175 1
1628 2671 1
1628 5809 1
1628 4725 1
1628 4803 1
1628 838 1
1628 2447 1
1628 937 1
1628 889 1
1628 699 1
1628 2110 1
1628 1397 1
1628 455 1
1628 2508 1
1628 2483 1
1628 1325 1
1628 5145 1
1628 4036 1
1628 4411 1
1628 5422 1
1628 2544 1
1628 2999 1
1628 780 1
1628 4668 1
1628 1382 1
1752 1904 1
1752 2039 1
1752 938 1
1752 2001 1
1752 963 1
1752 528 1
1362 2658 1
1362 884 1
1362 3639 1
1362 3879 1
1362 788 1
1362 3603 1
1362 3606 1
1362 920 1
1362 18 1
1362 846 1
1362 4772 1
1362 270 1
1362 3333 1
1362 976 1
1362 3607 1
1362 1290 1
1362 5425 1
1362 412 1
1362 2019 1
1362 3604 1
1362 5469 1
1362 4787 1
1362 2751 1
1362 1832 1
1362 5355 1
1362 1582 1
1362 293 1
1362 1207 1
1362 426 1
1362 1123 1
1362 2022 1
1362 4104 1
1362 34 1
782 2158 1
782 1911 1
782 2684 1
782 2653 1
782 111 1
782 5090 1
782 3305 1
782 1447 1
782 2264 1
782 200 1
782 819 1
782 34 1
915 855 1
915 241 1
915 2327 1
915 2129 1
915 2780 1
915 4168 1
915 576 1
2587 77 1
2587 1593 1
2587 1163 1
2587 965 1
2587 1168 1
2587 2122 1
2587 648 1
2587 821 1
2587 2560 1
2587 5291 1
2587 531 1
2587 18 1
2587 3620 1
2587 2379 1
2587 1922 1
2587 1069 1
2587 580 1
2587 2999 1
2587 60 1
2587 1455 1
2587 731 1
2587 405 1
2587 748 1
2587 3414 1
2587 3278 1
2587 4880 1
2587 4103 1
2587 2424 1
2587 1390 1
2587 2789 1
2587 1276 1
2587 3695 1
2587 1289 1
2587 2701 1
2587 976 1
2587 2301 1
2587 5347 1
2587 3092 1
2587 2165 1
2587 199 1
2587 191 1
2587 188 1
2587 1638 1
2587 4072 1
1003 2671 1
1003 5620 1
1003 5517 1
1003 2701 1
1003 5656 1
1003 2072 1
1003 2769 1
1003 4862 1
1003 80 1
1003 1815 1
1003 2954 1
1003 2993 1
1003 284 1
1003 835 1
1003 454 1
1003 4751 1
1003 4158 1
1003 245 1
1003 704 1
1003 2081 1
1003 1843 1
1003 2955 1
1003 240 1
1003 2129 1
1003 3851 1
1258 2104 1
1258 2225 1
1258 746 1
1258 2545 1
1258 1404 1
1258 1576 1
527 4222 1
527 1936 1
527 5623 1
527 5130 1
527 1937 1
527 92 1
527 166 1
527 3720 1
527 1935 1
527 16 1
2454 4652 1
2454 269 1
2454 1183 1
2454 3982 1
2454 3095 1
2454 3965 1
2454 1812 1
2454 33 1
2454 2483 1
2454 557 1
2454 2872 1
2454 5281 1
2454 368 1
2454 2999 1
2454 2897 1
2454 60 1
2616 1788 1
2616 166 1
2616 1563 1
2616 2561 1
2616 269 1
2616 4767 1
2616 3373 1
2616 5060 1
2616 418 1
2616 4968 1
2616 2466 1
2280 2222 1
2280 4343 1
2280 4604 1
2280 3121 1
2280 92 1
2280 4579 1
2280 5352 1
2280 175 1
2280 4578 1
1521 1326 1
1521 1209 1
1521 1038 1
1521 3269 1
1521 528 1
1521 3186 1
1521 1808 1
1160 2510 1
1160 3269 1
1160 3439 1
1160 535 1
1160 3270 1
1160 3613 1
1160 783 1
1955 2039 1
1955 1809 1
1955 5692 1
1955 1446 1
1955 1715 1
1955 431 1
1558 82 1
1558 793 1
1558 2222 1
1558 3728 1
1558 247 1
1558 17 1
1558 5798 1
1558 221 1
1558 4520 1
928 1957 1
928 4944 1
928 5340 1
928 284 1
928 4835 1
928 3622 1
928 2460 1
1535 3217 1
1535 3452 1
1535 867 1
1535 1798 1
1535 61 1
1535 1711 1
1505 3780 1
1505 645 1
1505 604 1
1505 2245 1
1505 5186 1
1505 285 1
1505 1071 1
1505 1245 1
2777 3483 1
2777 1694 1
2777 416 1
2777 2394 1
2777 1299 1
2777 3754 1
2777 389 1
2777 1538 1
2777 4923 1
2777 199 1
2777 5537 1
2777 1868 1
2777 4150 1
2777 2104 1
2777 3007 1
2777 665 1
2777 1100 1
2777 4924 1
2140 3527 1
2140 3014 1
2140 1566 1
2140 5048 1
2140 3616 1
2140 1319 1
2140 5780 1
2140 44 1
2140 147 1
2140 2279 1
2140 1183 1
2140 2937 1
2140 3364 1
2140 2379 1
2140 4017 1
2140 501 1
2140 3011 1
2140 2258 1
2140 3555 1
2140 1794 1
2140 1577 1
2140 5396 1
2140 5748 1
2140 4213 1
2140 4160 1
2140 839 1
2140 5370 1
2140 1996 1
2140 179 1
2140 3510 1
2140 1223 1
2140 312 1
2140 447 1
2140 2216 1
2140 174 1
2140 1123 1
2140 453 1
2140 298 1
2140 60 1
2140 2787 1
2140 2003 1
958 607 1
958 5745 1
958 5746 1
958 1759 1
958 3634 1
958 5475 1
958 968 1
958 15 1
2226 2251 1
2226 2638 1
2226 1532 1
2226 867 1
2226 2927 1
1764 1817 1
1764 1200 1
1764 3575 1
1764 166 1
1764 968 1
1953 4502 1
1953 3029 1
1953 2592 1
1953 2394 1
1953 3329 1
1953 5654 1
1953 1678 1
1953 4754 1
1953 654 1
1953 2442 1
1953 3612 1
1953 4675 1
1953 3142 1
1953 5117 1
1953 200 1
1953 5634 1
1953 3369 1
1953 3006 1
1953 2439 1
1953 5092 1
1953 3276 1
1953 1082 1
1953 5426 1
1953 409 1
1953 1604 1
1953 4270 1
1953 1904 1
1953 3882 1
1953 5862 1
1953 4637 1
2009 1582 1
2009 1349 1
2009 1231 1
2009 1059 1
2009 3325 1
2009 3923 1
2009 1455 1
571 36 1
571 1532 1
571 1578 1
571 497 1
571 284 1
571 739 1
571 178 1
571 413 1
571 1600 1
2040 5761 1
2040 4499 1
2040 3094 1
2040 4365 1
2040 4876 1
2040 3014 1
2040 1661 1
2040 2938 1
2040 3737 1
2040 112 1
2040 938 1
2040 5222 1
2139 4546 1
2139 705 1
2139 2411 1
2139 4628 1
2139 2928 1
2139 220 1
2139 5699 1
2139 3142 1
2139 2708 1
2788 1495 1
2788 3473 1
2788 5052 1
2788 157 1
2788 776 1
2788 1538 1
737 489 1
737 920 1
737 2191 1
737 788 1
737 289 1
737 2152 1
737 4385 1
737 2411 1
737 810 1
737 2787 1
737 1565 1
737 2408 1
737 1583 1
737 674 1
2315 5047 1
2315 5077 1
2315 37 1
2315 291 1
2315 354 1
578 3224 1
578 3076 1
578 235 1
578 53 1
578 1480 1
195 1989 1
195 16 1
195 92 1
195 451 1
195 3471 1
81 1017 1
81 240 1
81 2135 1
81 1610 1
81 134 1
81 392 1
1081 473 1
1081 100 1
1081 878 1
1081 3825 1
1081 3575 1
1081 3500 1
1081 2161 1
1081 2300 1
1081 1896 1
2693 235 1
2693 1486 1
2693 2288 1
2693 3095 1
2693 38 1
2693 4872 1
2693 4431 1
2693 811 1
1169 2527 1
1169 1925 1
1169 4860 1
1169 2356 1
1169 1154 1
711 1378 1
711 1 1
711 2348 1
711 799 1
711 17 1
711 702 1
711 448 1
711 4090 1
711 673 1
711 2636 1
711 2355 1
711 1053 1
2561 597 1
2561 2215 1
2561 1324 1
2561 5645 1
2561 3607 1
2561 3732 1
2561 2170 1
2561 4765 1
2561 665 1
2561 3498 1
2561 3613 1
2561 3816 1
122 2799 1
122 4233 1
122 341 1
122 32 1
122 5210 1
122 1068 1
122 3597 1
122 587 1
122 848 1
122 266 1
122 2826 1
122 582 1
122 584 1
122 2 1
122 1684 1
122 315 1
122 583 1
122 2081 1
122 588 1
122 2701 1
122 310 1
122 184 1
122 793 1
122 580 1
122 4430 1
122 240 1
122 1975 1
122 1075 1
122 400 1
913 196 1
913 1871 1
913 1998 1
913 5167 1
913 5724 1
913 3110 1
913 271 1
913 3010 1
570 2873 1
570 484 1
570 2288 1
570 60 1
570 2961 1
570 4252 1
570 3037 1
1579 1929 1
1579 1566 1
1579 2261 1
1579 1882 1
1579 536 1
1579 5151 1
1579 1611 1
1579 2053 1
1579 23 1
1579 1034 1
1579 1026 1
1579 2631 1
1579 1117 1
1579 447 1
1579 2372 1
1579 1387 1
1579 2094 1
1579 3365 1
1579 5068 1
1579 1053 1
1173 77 1
1173 1536 1
1173 867 1
1173 3293 1
1173 463 1
1173 672 1
692 884 1
692 1109 1
692 4263 1
692 543 1
692 3876 1
692 3915 1
692 2053 1
692 5376 1
692 4521 1
692 4544 1
692 2465 1
692 4018 1
692 5615 1
692 1591 1
1060 3083 1
1060 2350 1
1060 3429 1
1060 4880 1
1060 2039 1
1060 682 1
1060 2129 1
1060 2792 1
1060 2114 1
1298 4356 1
1298 5790 1
1298 37 1
1298 4650 1
1298 2781 1
2069 624 1
2069 2858 1
2069 700 1
2069 294 1
2069 4029 1
2069 2216 1
1898 3705 1
1898 2788 1
1898 1328 1
1898 458 1
1898 828 1
1898 2355 1
1930 58 1
1930 1377 1
1930 1133 1
1930 17 1
1930 469 1
1930 1814 1
1930 4257 1
1930 5421 1
1930 178 1
1930 235 1
1930 1582 1
1930 3814 1
1930 802 1
1659 4912 1
1659 4343 1
1659 2122 1
1659 3121 1
1659 636 1
1659 1446 1
1659 904 1
1659 3887 1
2255 1495 1
2255 1610 1
2255 4017 1
2255 956 1
2255 3171 1
2255 1224 1
2255 1442 1
322 1320 1
322 1319 1
322 5407 1
322 848 1
322 1303 1
322 2685 1
322 1321 1
322 187 1
322 417 1
322 5452 1
322 1322 1
322 1327 1
322 162 1
0 4120 1
0 580 1
0 2222 1
0 458 1
0 1116 1
0 4934 1
0 1053 1
0 2 1
2089 4398 1
2089 2245 1
2089 1904 1
2089 3402 1
2089 2352 1
2609 2249 1
2609 603 1
2609 1813 1
2609 4378 1
2609 5228 1
2609 83 1
2609 3798 1
2609 1593 1
2609 100 1
2609 3967 1
2609 2519 1
2609 369 1
2609 2184 1
2609 3010 1
2609 3540 1
2609 3072 1
2609 1415 1
2609 246 1
2609 1151 1
2609 754 1
2609 294 1
2609 3549 1
2609 1519 1
2609 4635 1
2609 2579 1
2609 1174 1
2609 3725 1
2609 4120 1
2609 2084 1
2609 1872 1
2609 919 1
2609 3889 1
2609 4803 1
2609 271 1
2609 386 1
2609 1193 1
2609 3110 1
2609 1087 1
2609 3140 1
2609 2923 1
2609 1520 1
2609 1873 1
2609 1596 1
2609 355 1
2609 3935 1
2609 841 1
2609 1994 1
2609 2776 1
2609 5305 1
2609 5873 1
2609 264 1
2609 463 1
2609 2114 1
2609 3130 1
2609 374 1
2609 764 1
2609 2000 1
2609 787 1
2609 1289 1
2609 3862 1
2609 3213 1
2609 3608 1
2609 159 1
2609 4636 1
2609 2580 1
2609 4411 1
2609 5370 1
2609 2870 1
2609 703 1
2609 4804 1
2609 1003 1
2609 2350 1
2609 4266 1
2609 1053 1
896 2743 1
896 4874 1
896 284 1
896 611 1
896 262 1
896 4898 1
896 5800 1
896 143 1
896 3742 1
1956 1174 1
1956 799 1
1956 1785 1
1956 2128 1
1956 5091 1
1956 5785 1
1956 4408 1
1956 1049 1
1956 3374 1
1956 695 1
1956 3427 1
1956 1309 1
1956 815 1
1098 509 1
1098 3161 1
1098 1952 1
1098 4294 1
1098 1939 1
1098 3160 1
1098 4050 1
1098 5757 1
1098 840 1
1098 3604 1
1098 2769 1
908 933 1
908 92 1
908 2630 1
908 989 1
908 142 1
908 546 1
413 954 1
413 678 1
413 535 1
413 1073 1
413 166 1
2045 1003 1
2045 1006 1
2045 1520 1
2045 1798 1
2045 2470 1
2045 1519 1
2045 3010 1
2118 680 1
2118 3977 1
2118 5236 1
2118 1749 1
2118 1554 1
2118 4419 1
2118 885 1
2118 4420 1
2118 880 1
2118 4305 1
2118 188 1
2118 230 1
1522 2962 1
1522 1369 1
1522 11 1
1522 5879 1
1522 2339 1
1522 189 1
1214 247 1
1214 2899 1
1214 866 1
1214 406 1
1214 4343 1
1214 2010 1
1214 172 1
1214 403 1
1214 1046 1
1214 5 1
1214 4401 1
1214 4252 1
1214 210 1
1214 1412 1
1214 960 1
1214 199 1
1214 4513 1
1214 435 1
1214 3418 1
1214 850 1
1214 1177 1
1214 1729 1
1214 5142 1
1214 42 1
1214 2769 1
1214 3814 1
1214 3229 1
517 1906 1
517 345 1
517 580 1
517 2776 1
517 829 1
2126 3416 1
2126 1753 1
2126 2126 1
2126 458 1
2126 486 1
2126 1378 1
1246 4377 1
1246 580 1
1246 1035 1
1246 1742 1
1246 2021 1
1246 241 1
1246 989 1
1246 3714 1
2305 345 1
2305 196 1
2305 5 1
2305 3319 1
2305 484 1
2305 3941 1
2305 486 1
2305 1277 1
2305 3159 1
2305 2592 1
1399 808 1
1399 372 1
1399 2843 1
1399 790 1
1399 873 1
1399 295 1
1399 641 1
1399 1869 1
1399 3862 1
1399 1944 1
1399 2328 1
1399 2702 1
1399 208 1
1399 584 1
1399 1193 1
1399 1044 1
1399 702 1
1399 3648 1
1399 1718 1
1399 3885 1
1399 2923 1
1399 3758 1
1399 2700 1
1399 3409 1
1399 3427 1
1399 3613 1
1399 1058 1
2494 4718 1
2494 869 1
2494 2480 1
2494 2114 1
2494 288 1
2494 1409 1
2494 3756 1
2494 525 1
2494 1533 1
2494 1608 1
2494 1982 1
2494 184 1
2494 4415 1
2494 4979 1
233 5337 1
233 1732 1
233 4491 1
233 965 1
233 966 1
1639 3948 1
1639 166 1
1639 4371 1
1639 1877 1
1639 1836 1
1639 3219 1
1639 3597 1
1639 799 1
1639 1029 1
1639 3092 1
1639 1991 1
1639 580 1
1639 34 1
950 1041 1
950 4886 1
950 2838 1
950 781 1
950 2839 1
950 70 1
950 2045 1
950 5810 1
950 5355 1
950 3246 1
950 3537 1
950 1941 1
1199 3333 1
1199 976 1
1199 3676 1
1199 2437 1
1199 5061 1
1199 131 1
1199 3334 1
1199 2717 1
1199 3955 1
1199 496 1
1782 881 1
1782 2300 1
1782 2115 1
1782 3005 1
1782 1000 1
1782 4111 1
885 5797 1
885 458 1
885 17 1
885 175 1
885 738 1
1437 3365 1
1437 2214 1
1437 3311 1
1437 2825 1
1437 1238 1
1437 853 1
1437 1174 1
1437 3597 1
1437 1785 1
1437 896 1
1437 535 1
1437 2972 1
1437 2688 1
1437 1470 1
1437 289 1
1437 4300 1
1437 2690 1
1437 4927 1
1437 2098 1
1437 1092 1
1437 1387 1
1437 3877 1
1437 5487 1
1437 1123 1
1437 1826 1
1437 3503 1
1437 1442 1
2778 2131 1
2778 5705 1
2778 1928 1
2778 2767 1
2778 2786 1
1022 3115 1
1022 4197 1
1022 1777 1
1022 4732 1
1022 291 1
1022 5827 1
1022 3011 1
2313 878 1
2313 4272 1
2313 4343 1
2313 2833 1
2313 3708 1
2313 2909 1
2313 5637 1
2313 1783 1
2313 940 1
2313 2957 1
2313 4811 1
2313 773 1
2313 4304 1
2313 2089 1
2313 1854 1
2313 4869 1
2313 3015 1
2313 3617 1
2313 438 1
2313 1630 1
2313 3688 1
2313 5227 1
2313 188 1
2313 230 1
2313 104 1
2313 34 1
388 5456 1
388 1873 1
388 1542 1
388 4912 1
388 1794 1
1077 39 1
1077 2778 1
1077 1223 1
1077 1298 1
1077 2425 1
1077 3006 1
1077 1457 1
1077 323 1
1077 966 1
1077 765 1
1077 3330 1
1077 681 1
1077 2708 1
1077 3899 1
1077 3814 1
1077 117 1
1077 1600 1
1077 839 1
1077 762 1
1077 3105 1
1077 4150 1
1077 3373 1
1077 1842 1
1077 2498 1
1077 2884 1
1077 2375 1
1077 2659 1
1077 1254 1
541 900 1
541 1358 1
541 1943 1
541 1555 1
541 3439 1
2320 4164 1
2320 75 1
2320 3429 1
2320 3280 1
2320 3912 1
2320 1770 1
2320 2129 1
2320 3110 1
2320 2552 1
2320 2191 1
872 2564 1
872 1422 1
872 2224 1
872 5719 1
872 2933 1
308 1819 1
308 280 1
308 4255 1
308 1232 1
308 4668 1
308 4803 1
308 5446 1
308 1794 1
308 554 1
308 1340 1
308 2024 1
243 5341 1
243 1007 1
243 3561 1
243 2010 1
243 261 1
243 4414 1
243 4551 1
243 5063 1
243 2298 1
243 2483 1
243 301 1
243 447 1
243 3378 1
243 5355 1
243 1008 1
243 1123 1
243 5350 1
243 797 1
243 5352 1
243 303 1
1784 30 1
1784 928 1
1784 4391 1
1784 1754 1
1784 684 1
1784 918 1
1784 1951 1
1784 5649 1
1784 133 1
1784 2698 1
1784 1606 1
1784 3272 1
1784 1295 1
1784 702 1
1784 3957 1
1784 762 1
1784 4001 1
1784 2252 1
1784 447 1
1784 2350 1
1784 2469 1
1784 3626 1
1784 3537 1
1784 802 1
1784 1186 1
855 542 1
855 2599 1
855 2650 1
855 5676 1
855 3103 1
855 2648 1
855 389 1
855 151 1
855 3518 1
855 757 1
855 2483 1
855 5682 1
855 5729 1
855 3630 1
855 5669 1
855 3114 1
855 2108 1
2769 3693 1
2769 447 1
2769 799 1
2769 407 1
2769 17 1
2769 758 1
2769 733 1
2769 648 1
595 548 1
595 270 1
595 1541 1
595 1559 1
595 1180 1
595 2118 1
595 271 1
595 2178 1
595 788 1
595 1459 1
595 2116 1
595 5262 1
595 3184 1
595 1181 1
2159 656 1
2159 5475 1
2159 38 1
2159 5032 1
2159 5808 1
1952 1835 1
1952 110 1
1952 1471 1
1952 113 1
1952 590 1
1952 1992 1
1952 1935 1
370 1213 1
370 3181 1
370 2552 1
370 1288 1
370 3438 1
370 3191 1
370 27 1
370 662 1
370 300 1
370 2326 1
370 5506 1
370 1203 1
244 1015 1
244 1012 1
244 1493 1
244 5272 1
244 5023 1
244 3833 1
244 2702 1
244 2112 1
244 1013 1
244 4160 1
244 2426 1
244 3749 1
244 4028 1
244 227 1
1282 1002 1
1282 2181 1
1282 945 1
1282 4806 1
1282 916 1
1282 5319 1
1282 2887 1
1282 4769 1
1282 2764 1
1282 1727 1
1282 942 1
1282 3749 1
1282 4028 1
1282 1763 1
1282 1693 1
1282 1000 1
1282 943 1
1282 4514 1
1386 469 1
1386 2732 1
1386 3489 1
1386 408 1
1386 1695 1
1386 4626 1
1386 5540 1
1386 1029 1
1386 407 1
1386 3633 1
1386 1812 1
1386 2119 1
1386 3617 1
1386 1128 1
1386 708 1
1386 5806 1
1386 496 1
1386 1000 1
2511 3102 1
2511 3992 1
2511 4101 1
2511 4733 1
2511 1577 1
2511 506 1
2511 1843 1
2511 3118 1
2511 5669 1
2511 2316 1
2511 3763 1
306 1161 1
306 1524 1
306 5389 1
306 1273 1
306 1934 1
306 2353 1
306 5276 1
306 1467 1
306 3774 1
306 1856 1
306 1274 1
306 1087 1
306 4279 1
306 1949 1
2593 1151 1
2593 3186 1
2593 961 1
2593 3313 1
2593 230 1
827 790 1
827 781 1
827 4520 1
827 5010 1
827 377 1
827 420 1
827 848 1
827 2588 1
827 5571 1
827 2888 1
827 5135 1
827 425 1
827 5012 1
827 1100 1
827 3386 1
827 2605 1
827 447 1
827 5416 1
827 5188 1
827 2606 1
827 4720 1
827 4151 1
827 2607 1
1302 1867 1
1302 795 1
1302 16 1
1302 3383 1
1302 2705 1
1302 434 1
290 785 1
290 1788 1
290 166 1
290 1885 1
290 3112 1
290 794 1
290 2957 1
290 1275 1
290 1055 1
290 2328 1
290 4241 1
290 5195 1
290 1713 1
290 783 1
290 1984 1
290 307 1
290 1208 1
290 1254 1
290 34 1
1104 1540 1
1104 5765 1
1104 5283 1
1104 5565 1
1104 4356 1
1719 3298 1
1719 521 1
1719 4852 1
1719 2901 1
1719 3623 1
1719 3341 1
1719 5195 1
1719 4030 1
1719 517 1
1719 592 1
1719 4038 1
1719 1789 1
1719 1792 1
1719 3641 1
1719 5179 1
1719 3622 1
1719 5191 1
1719 4039 1
1719 5196 1
1719 4525 1
1719 1838 1
1719 549 1
1719 4835 1
1719 3558 1
1719 3357 1
346 1400 1
346 703 1
346 1401 1
346 1157 1
346 1036 1
346 4529 1
346 188 1
346 896 1
1401 709 1
1401 2735 1
1401 5079 1
1401 1084 1
1401 1318 1
1401 3656 1
1401 1647 1
1401 3920 1
1865 728 1
1865 228 1
1865 4190 1
1865 3921 1
1865 3334 1
2660 4379 1
2660 1814 1
2660 3157 1
2660 1 1
2660 1942 1
2660 1055 1
2660 5625 1
2660 4048 1
2660 5788 1
2660 258 1
2660 2363 1
2660 1991 1
2660 5220 1
2660 1092 1
2660 240 1
2660 5687 1
2660 739 1
1894 1534 1
1894 80 1
1894 1265 1
1894 956 1
1894 611 1
1894 5794 1
1894 2205 1
1894 4866 1
350 5380 1
350 1419 1
350 1156 1
350 16 1
350 2924 1
350 3119 1
350 236 1
350 847 1
350 1696 1
1030 157 1
1030 4543 1
1030 1476 1
1030 235 1
1030 5564 1
1030 418 1
1030 91 1
1030 108 1
1030 2262 1
1030 479 1
1030 57 1
1030 2007 1
1030 109 1
1030 137 1
1030 3029 1
1030 1696 1
1030 3034 1
1030 1042 1
1030 3167 1
1030 704 1
1030 5188 1
1030 496 1
1030 3409 1
1030 1941 1
1030 95 1
1030 1471 1
1030 61 1
1030 2114 1
1030 1385 1
1030 4748 1
1030 2480 1
1030 5213 1
1030 265 1
1030 2676 1
1030 664 1
1030 2425 1
1030 459 1
1030 4529 1
1030 5148 1
1030 765 1
1030 1992 1
1030 3387 1
1030 4428 1
1030 5811 1
1030 310 1
1030 2239 1
1030 3737 1
1030 196 1
1030 5794 1
1030 2589 1
1030 2722 1
1420 2718 1
1420 469 1
1420 3616 1
1420 940 1
1420 920 1
1420 761 1
1420 2954 1
1420 4040 1
1420 2112 1
1420 315 1
1420 1638 1
1420 1984 1
1420 762 1
1420 5785 1
1420 3877 1
1420 880 1
1420 465 1
1420 1379 1
1420 230 1
1420 1711 1
1420 34 1
1922 570 1
1922 865 1
1922 342 1
1922 3435 1
1922 465 1
675 4056 1
675 2297 1
675 3620 1
675 2698 1
675 49 1
675 1308 1
675 5320 1
675 701 1
675 2178 1
675 2293 1
675 3655 1
675 250 1
675 2230 1
675 793 1
675 1220 1
675 368 1
675 554 1
675 4582 1
675 1821 1
675 546 1
2796 2702 1
2796 4933 1
2796 528 1
2796 3447 1
2796 290 1
774 1119 1
774 5372 1
774 4252 1
774 2121 1
774 4093 1
2107 1319 1
2107 377 1
2107 3364 1
2107 2635 1
2107 270 1
2107 4997 1
2107 848 1
2107 1862 1
2107 4620 1
2107 1854 1
2107 1996 1
2107 813 1
2107 191 1
2107 3312 1
2107 4044 1
2107 4412 1
64 5076 1
64 309 1
64 1024 1
64 2439 1
64 132 1
64 246 1
64 1151 1
64 968 1
64 304 1
64 3196 1
64 3747 1
64 294 1
64 5085 1
64 5077 1
64 4135 1
64 3092 1
64 973 1
64 19 1
64 24 1
64 5080 1
64 2084 1
64 305 1
64 2374 1
64 3912 1
64 271 1
64 386 1
64 953 1
64 699 1
64 2020 1
64 4147 1
64 4164 1
64 2923 1
64 3626 1
64 867 1
64 872 1
64 546 1
64 1240 1
64 210 1
64 4302 1
64 1226 1
64 497 1
64 1798 1
64 3848 1
64 3650 1
64 4094 1
64 3524 1
64 4236 1
64 3315 1
64 5082 1
64 4351 1
64 4100 1
64 299 1
64 1068 1
64 1276 1
64 291 1
64 296 1
64 2159 1
64 288 1
64 147 1
64 3862 1
64 1055 1
64 2702 1
64 2076 1
64 5064 1
64 297 1
64 4116 1
64 1786 1
64 289 1
64 310 1
64 4408 1
64 306 1
64 2756 1
64 461 1
64 302 1
64 188 1
64 5091 1
1921 4537 1
1921 5572 1
1921 2994 1
1921 1418 1
1921 1810 1
1921 4627 1
1507 1250 1
1507 4115 1
1507 3734 1
1507 1809 1
1507 1038 1
1507 5765 1
1507 5621 1
1507 5059 1
1507 3860 1
1507 2933 1
1507 1209 1
1507 4773 1
1507 1340 1
1507 2024 1
483 428 1
483 1811 1
483 3862 1
483 525 1
483 1816 1
483 4613 1
483 5584 1
483 1815 1
483 3654 1
483 1812 1
483 187 1
483 320 1
483 4858 1
483 575 1
483 572 1
483 4323 1
483 360 1
2715 1450 1
2715 2666 1
2715 291 1
2715 4546 1
2715 323 1
2715 866 1
1612 774 1
1612 152 1
1612 4530 1
1612 3909 1
1612 5372 1
1612 3910 1
1612 290 1
2529 1761 1
2529 3627 1
2529 989 1
2529 2976 1
2529 269 1
2529 274 1
2529 1533 1
2529 1095 1
2529 823 1
2529 3409 1
2529 4070 1
1314 4302 1
1314 1221 1
1314 3525 1
1314 198 1
1314 1213 1
1314 2415 1
593 85 1
593 5671 1
593 1293 1
593 2110 1
593 2685 1
593 3656 1
593 2319 1
593 704 1
593 276 1
593 574 1
593 2112 1
593 2111 1
593 3780 1
170 4596 1
170 4510 1
170 4471 1
170 1811 1
170 1294 1
170 1303 1
170 778 1
170 963 1
170 553 1
170 2964 1
170 1868 1
170 3379 1
170 2733 1
170 2104 1
170 4543 1
170 2201 1
170 3493 1
170 752 1
170 453 1
170 2792 1
125 3147 1
125 2160 1
125 599 1
125 593 1
125 4221 1
904 4591 1
904 2036 1
904 5077 1
904 935 1
904 3034 1
904 2433 1
904 278 1
904 4767 1
904 3915 1
904 5328 1
904 200 1
904 1551 1
904 5321 1
904 5447 1
904 1146 1
904 3629 1
904 1074 1
904 4517 1
904 5687 1
904 81 1
904 2876 1
904 175 1
2042 5720 1
2042 5120 1
2042 311 1
2042 2250 1
2042 67 1
2042 4358 1
2042 4791 1
2042 2287 1
2042 4962 1
26 55 1
26 106 1
26 60 1
26 867 1
26 93 1
26 3459 1
26 1327 1
695 1263 1
695 5719 1
695 3850 1
695 739 1
695 1798 1
695 829 1
695 1999 1
695 1570 1
1356 4499 1
1356 2702 1
1356 2181 1
1356 3152 1
1356 650 1
1356 3491 1
1356 2191 1
1356 1595 1
1356 998 1
1356 448 1
1356 3684 1
1356 2477 1
1356 1643 1
1356 3109 1
1356 426 1
1356 4412 1
1356 866 1
1356 2333 1
2247 513 1
2247 4345 1
2247 2001 1
2247 3900 1
2247 198 1
2247 4552 1
2247 1679 1
2247 1922 1
2247 5824 1
2247 3066 1
2247 4513 1
2247 1069 1
2247 1464 1
2247 1343 1
2247 673 1
2247 1904 1
2247 298 1
2247 593 1
2247 5445 1
2247 998 1
1031 3036 1
1031 92 1
1031 1533 1
1031 3688 1
1031 1679 1
491 403 1
491 2198 1
491 3736 1
491 2322 1
491 133 1
491 297 1
491 4513 1
491 1837 1
491 1471 1
491 196 1
491 235 1
491 1904 1
491 298 1
491 2001 1
607 941 1
607 3301 1
607 1969 1
607 1148 1
607 2146 1
610 3949 1
610 2154 1
610 2084 1
610 270 1
610 663 1
610 788 1
610 1595 1
610 634 1
610 2155 1
610 1591 1
610 2218 1
1650 167 1
1650 3969 1
1650 172 1
1650 5523 1
1650 1944 1
1650 4383 1
1650 3474 1
1650 5841 1
1650 2702 1
1650 1925 1
1650 1175 1
1650 3121 1
1650 1094 1
1650 3904 1
1650 4244 1
1650 2551 1
1650 960 1
1650 5370 1
1650 1866 1
1650 5427 1
1650 4790 1
1650 1177 1
1650 3374 1
1650 1207 1
1650 1706 1
1650 2001 1
1650 3106 1
1650 3746 1
981 2500 1
981 2891 1
981 2062 1
981 1904 1
981 1258 1
981 771 1
1242 4693 1
1242 160 1
1242 4698 1
1242 5164 1
1242 3219 1
1242 1194 1
1242 2968 1
1242 2776 1
1242 1797 1
1242 1232 1
1242 3607 1
1242 700 1
1242 2572 1
1242 2363 1
1242 5621 1
1242 1543 1
1242 506 1
1242 3020 1
1242 1325 1
1242 703 1
1242 1220 1
1242 311 1
1242 2316 1
1242 3141 1
1242 1510 1
2424 295 1
2424 1236 1
2424 787 1
2424 2335 1
2424 2852 1
2424 1183 1
2424 4119 1
2424 3189 1
2424 4675 1
2424 1123 1
2424 2191 1
2424 553 1
2424 5524 1
2424 3878 1
2424 4597 1
2424 2554 1
2424 3873 1
2424 1868 1
2424 819 1
2424 4662 1
2424 3553 1
2424 281 1
2424 4676 1
2424 1070 1
2424 3312 1
2424 567 1
2424 298 1
2424 1233 1
2424 60 1
2424 867 1
2424 3302 1
2424 1821 1
2424 2165 1
2424 780 1
2602 5622 1
2602 100 1
2602 3312 1
2602 3523 1
2602 1760 1
623 850 1
623 126 1
623 3109 1
623 2231 1
623 5194 1
623 1925 1
623 989 1
623 2848 1
1835 210 1
1835 5 1
1835 5623 1
1835 4189 1
1835 5007 1
519 2056 1
519 5188 1
519 11 1
519 686 1
519 465 1
519 1724 1
519 3989 1
519 5533 1
519 2923 1
1361 2466 1
1361 5022 1
1361 271 1
1361 4493 1
1361 430 1
1361 3597 1
1361 3615 1
1361 3602 1
1361 3598 1
1361 976 1
1361 2698 1
1361 1350 1
1361 2575 1
1361 5192 1
1361 3599 1
1361 1538 1
1361 1358 1
1361 2560 1
1361 2170 1
1361 5153 1
1361 1996 1
1361 2690 1
1361 4028 1
1361 5311 1
1361 270 1
1361 5541 1
1361 3439 1
1361 2158 1
1361 1356 1
1361 3712 1
1361 99 1
1361 1638 1
1361 175 1
1361 1442 1
255 1048 1
255 434 1
255 484 1
255 1047 1
255 1315 1
255 4771 1
135 631 1
135 1258 1
135 1894 1
135 61 1
135 1519 1
2035 2126 1
2035 623 1
2035 1265 1
2035 60 1
2035 4349 1
2035 431 1
2387 1422 1
2387 3823 1
2387 1687 1
2387 1725 1
2387 4072 1
2387 239 1
409 1227 1
409 3973 1
409 284 1
409 166 1
409 1053 1
409 1192 1
1153 2126 1
1153 1328 1
1153 29 1
1153 648 1
1153 5616 1
1390 22 1
1390 1298 1
1390 2460 1
1390 2371 1
1390 1478 1
1390 2045 1
1390 5475 1
1390 5493 1
1390 762 1
1390 1590 1
1390 1904 1
1390 3639 1
1390 938 1
1390 2001 1
1390 1251 1
1390 2022 1
2677 4857 1
2677 3403 1
2677 23 1
2677 1205 1
2677 2452 1
2677 4858 1
2677 289 1
2677 5683 1
2677 1709 1
2677 2488 1
2677 298 1
2677 5820 1
2677 4326 1
2677 5807 1
2677 1442 1
848 2640 1
848 1495 1
848 497 1
848 828 1
848 166 1
848 925 1
848 136 1
848 2639 1
848 2480 1
320 2687 1
320 4266 1
320 60 1
320 1315 1
320 2351 1
320 1314 1
2129 2222 1
2129 3045 1
2129 4433 1
2129 732 1
2129 2101 1
1478 1554 1
1478 2222 1
1478 5066 1
1478 3747 1
1478 370 1
2415 2701 1
2415 24 1
2415 799 1
2415 4370 1
2415 1227 1
2415 2128 1
2415 1084 1
2415 3656 1
2415 4623 1
2415 832 1
2415 2733 1
2415 3865 1
2415 5016 1
2415 3754 1
2415 5360 1
2415 426 1
2415 4668 1
2415 29 1
1541 3569 1
1541 133 1
1541 1616 1
1541 1617 1
1541 861 1
1541 1219 1
1541 4743 1
1541 1085 1
1541 4239 1
1541 4482 1
1984 5419 1
1984 3086 1
1984 407 1
1984 1105 1
1984 834 1
1984 4296 1
1984 3183 1
1984 3618 1
201 153 1
201 1857 1
201 5291 1
201 270 1
201 4304 1
201 313 1
201 637 1
201 271 1
45 133 1
45 183 1
45 1404 1
45 2897 1
45 4613 1
45 5039 1
45 514 1
2537 431 1
2537 2071 1
2537 3266 1
2537 1478 1
2537 2959 1
2537 4738 1
2537 2196 1
2537 3390 1
2537 1984 1
2537 1069 1
2537 2872 1
2537 447 1
2537 624 1
2537 298 1
2537 5564 1
2537 5736 1
2537 1583 1
523 580 1
523 1419 1
523 655 1
523 604 1
523 1916 1
523 3142 1
523 1548 1
523 2548 1
523 5186 1
1915 1921 1
1915 528 1
1915 2577 1
1915 1603 1
1915 904 1
1915 463 1
1915 2320 1
1775 2148 1
1775 1311 1
1775 1426 1
1775 843 1
1775 5 1
1775 4098 1
1775 2878 1
1775 704 1
1775 996 1
1775 409 1
1775 3780 1
1775 3563 1
1775 1582 1
1775 46 1
1775 5039 1
1775 802 1
1107 3343 1
1107 151 1
1107 5386 1
1107 3185 1
1107 2848 1
1107 1414 1
1107 3101 1
1107 2504 1
1107 3855 1
1107 962 1
331 3312 1
331 11 1
331 1534 1
331 2309 1
331 80 1
331 2806 1
331 614 1
331 2120 1
331 1328 1
1965 57 1
1965 2524 1
1965 1148 1
1965 2406 1
1965 4495 1
1965 290 1
550 1842 1
550 2251 1
550 304 1
550 1059 1
550 5638 1
1017 1326 1
1017 989 1
1017 4415 1
1017 1548 1
1017 4618 1
1017 1916 1
1017 2979 1
1017 5250 1
1017 157 1
1017 2978 1
74 5106 1
74 3659 1
74 1567 1
74 5105 1
74 1379 1
74 2886 1
74 733 1
74 290 1
914 5807 1
914 2319 1
914 1068 1
914 817 1
914 5681 1
914 3843 1
914 5576 1
914 1487 1
172 759 1
172 4135 1
172 172 1
172 761 1
172 95 1
172 5202 1
172 642 1
172 377 1
172 3957 1
172 447 1
172 1017 1
172 60 1
2455 2158 1
2455 458 1
2455 931 1
2455 134 1
2455 317 1
2455 3240 1
667 516 1
667 4320 1
667 4682 1
667 2001 1
667 2773 1
667 2278 1
667 3293 1
667 616 1
667 866 1
251 4334 1
251 5111 1
251 1571 1
251 1033 1
251 4468 1
251 3862 1
251 1037 1
251 1034 1
251 1595 1
251 2554 1
251 289 1
251 465 1
251 1468 1
251 4328 1
877 1627 1
877 3684 1
877 78 1
877 5776 1
877 1495 1
877 2122 1
877 2430 1
877 3584 1
877 903 1
877 2286 1
877 5795 1
877 1634 1
877 2718 1
877 1580 1
877 1554 1
877 1731 1
877 386 1
877 1757 1
877 45 1
877 184 1
877 4786 1
877 1387 1
877 686 1
877 862 1
877 236 1
877 272 1
877 497 1
877 131 1
877 1177 1
877 1403 1
877 2618 1
877 652 1
877 2424 1
877 3442 1
877 3588 1
877 432 1
877 5751 1
877 738 1
877 129 1
877 147 1
877 2706 1
877 1401 1
877 676 1
877 4040 1
877 315 1
877 153 1
877 55 1
877 170 1
877 188 1
818 3172 1
818 299 1
818 4913 1
818 4582 1
818 1608 1
21 1582 1
21 16 1
21 988 1
21 166 1
21 847 1
2386 4645 1
2386 3183 1
2386 1244 1
2386 835 1
2386 454 1
2386 1775 1
2068 920 1
2068 4767 1
2068 270 1
2068 2972 1
2068 788 1
2068 3613 1
2068 580 1
2068 1975 1
2068 290 1
2068 1053 1
2068 4386 1
1273 2088 1
1273 482 1
1273 4502 1
1273 3475 1
1273 3478 1
1273 1421 1
1273 1816 1
1273 2079 1
1273 3480 1
1273 2555 1
1273 4485 1
1273 3479 1
1273 5809 1
1273 3612 1
1273 1935 1
1273 1216 1
1273 3476 1
1273 5051 1
1273 4286 1
1273 704 1
1273 2631 1
1273 2227 1
1273 5304 1
1273 3481 1
1273 1515 1
1273 3726 1
1273 293 1
1273 3430 1
656 3118 1
656 3383 1
656 4458 1
656 4710 1
656 157 1
656 1538 1
1845 2317 1
1845 2072 1
1845 287 1
1845 2937 1
1845 1233 1
1845 1687 1
1845 1290 1
1845 3266 1
1845 4809 1
1845 3267 1
1845 198 1
1845 4221 1
1845 4168 1
1845 2048 1
1845 660 1
1845 4006 1
1845 1223 1
1845 1674 1
1845 4513 1
1845 3891 1
1845 950 1
1845 1453 1
1845 1569 1
1845 1458 1
1845 1433 1
1845 3012 1
1845 1372 1
1845 55 1
1845 5802 1
1845 3029 1
1845 188 1
1845 3814 1
1845 3485 1
1845 3635 1
1845 1583 1
58 270 1
58 197 1
58 3045 1
58 1277 1
58 271 1
58 869 1
2131 2940 1
2131 5858 1
2131 2548 1
2131 2715 1
2131 341 1
2131 3348 1
2131 4444 1
2131 1109 1
2131 543 1
2131 156 1
2131 1300 1
2131 2465 1
2131 2995 1
2131 694 1
2131 562 1
2131 1899 1
2131 1975 1
1050 1128 1
1050 36 1
1050 3019 1
1050 17 1
1050 284 1
1050 307 1
1400 469 1
1400 32 1
1400 1242 1
1400 3577 1
1400 1043 1
1400 4504 1
1400 1618 1
1400 4516 1
1400 4043 1
1400 266 1
1400 3651 1
1400 3654 1
1400 1096 1
1400 3776 1
1400 3092 1
1400 5063 1
1400 3655 1
1400 2170 1
1400 1441 1
1400 2611 1
1400 5439 1
1400 1384 1
1400 580 1
1400 4203 1
1400 2158 1
1400 849 1
1400 2531 1
1400 99 1
1400 360 1
1400 5167 1
1272 3474 1
1272 3429 1
1272 1040 1
1272 3473 1
1272 1411 1
1272 5693 1
1272 783 1
1272 1168 1
178 3086 1
178 5264 1
178 1105 1
178 774 1
178 776 1
1165 1457 1
1165 3523 1
1165 2562 1
1165 5673 1
1165 3476 1
1165 506 1
1165 1843 1
1165 822 1
1165 5695 1
1165 2884 1
1165 1839 1
1165 3281 1
1165 3247 1
1165 3536 1
1083 3430 1
1083 60 1
1083 390 1
1083 2152 1
1083 3119 1
1868 1380 1
1868 133 1
1868 1969 1
1868 61 1
1868 2632 1
1868 5263 1
2637 3822 1
2637 3743 1
2637 2826 1
2637 5410 1
2637 3618 1
2544 1419 1
2544 1086 1
2544 293 1
2544 773 1
2544 3410 1
1291 3624 1
1291 4331 1
1291 3504 1
1291 1354 1
1291 989 1
1291 2572 1
720 1395 1
720 3380 1
720 1301 1
720 791 1
720 77 1
720 991 1
720 3129 1
720 3723 1
720 134 1
720 745 1
720 4026 1
720 2808 1
720 1924 1
720 3310 1
720 1328 1
720 4732 1
720 1634 1
720 4053 1
720 5159 1
720 2363 1
720 2578 1
720 1785 1
720 848 1
720 5448 1
720 1428 1
720 2366 1
720 1092 1
720 4945 1
720 4968 1
720 2779 1
720 2912 1
720 1255 1
720 2753 1
720 5727 1
720 1667 1
720 4615 1
720 58 1
720 3588 1
720 1788 1
720 2191 1
720 1708 1
720 3092 1
720 3387 1
720 2368 1
720 2380 1
720 691 1
720 814 1
720 1724 1
720 4655 1
1756 4356 1
1756 4784 1
1756 5841 1
1756 60 1
1756 2781 1
691 3054 1
691 1168 1
691 17 1
691 29 1
691 578 1
2170 4437 1
2170 218 1
2170 2305 1
2170 1964 1
2170 147 1
2170 24 1
2170 1183 1
2170 4590 1
2170 3982 1
2170 4048 1
2170 1034 1
2170 3761 1
2170 291 1
2170 425 1
2170 2110 1
2170 245 1
2170 1095 1
2170 3647 1
2170 2329 1
2170 4398 1
2170 1189 1
2170 311 1
2170 4394 1
2170 2897 1
2170 2920 1
2108 1554 1
2108 1337 1
2108 356 1
2108 951 1
2108 2584 1
2108 1128 1
472 2313 1
472 155 1
472 2935 1
472 1754 1
472 1785 1
472 3398 1
472 5135 1
472 4736 1
472 704 1
472 228 1
472 1343 1
472 178 1
472 3754 1
472 453 1
472 1256 1
1263 1323 1
1263 912 1
1263 4567 1
1263 860 1
1263 2972 1
1263 3811 1
1263 989 1
1263 1967 1
1263 962 1
293 2416 1
293 1745 1
293 1225 1
293 308 1
293 1750 1
293 515 1
293 3010 1
293 1036 1
293 3161 1
293 3878 1
293 765 1
293 1696 1
293 39 1
293 1498 1
293 18 1
293 36 1
293 14 1
293 3970 1
293 1013 1
293 1228 1
293 4659 1
293 1604 1
293 1742 1
293 3485 1
293 1455 1
293 841 1
293 1888 1
293 1235 1
293 1226 1
293 1229 1
293 1234 1
293 1230 1
293 3653 1
293 1623 1
293 4298 1
293 2310 1
293 1915 1
293 2106 1
293 1028 1
293 4907 1
293 46 1
293 3791 1
293 3183 1
293 1691 1
293 31 1
293 1233 1
293 835 1
293 454 1
293 3325 1
293 2823 1
293 1223 1
293 2870 1
293 1220 1
293 2077 1
293 1698 1
688 458 1
688 17 1
688 166 1
688 2173 1
688 2056 1
688 2319 1
5 1849 1
5 1323 1
5 648 1
5 581 1
5 1136 1
5 2007 1
5 935 1
5 2981 1
5 915 1
5 3744 1
1379 3007 1
1379 1003 1
1379 2931 1
1379 1520 1
1379 1322 1
1379 358 1
1379 2579 1
1379 1519 1
1928 5205 1
1928 167 1
1928 2580 1
1928 1580 1
1928 3222 1
1928 920 1
1928 1017 1
1928 2084 1
1928 2062 1
1928 5 1
1928 4252 1
1928 4093 1
1928 2504 1
1928 3092 1
1928 273 1
1928 2682 1
1928 4253 1
1928 2350 1
1928 409 1
1928 580 1
1928 2222 1
1928 3973 1
1928 1766 1
1928 2717 1
997 722 1
997 1209 1
997 3269 1
997 3728 1
997 3408 1
997 2694 1
997 4514 1
1929 1183 1
1929 4255 1
1929 540 1
1929 1603 1
1929 966 1
1929 2888 1
1929 2204 1
1929 2870 1
1929 1604 1
1929 2350 1
1929 2479 1
1929 454 1
1352 2579 1
1352 269 1
1352 3736 1
1352 2322 1
1352 2129 1
1352 1990 1
1352 1992 1
1352 1167 1
1352 3586 1
1352 660 1
1352 1600 1
1352 1479 1
1352 1274 1
1352 2337 1
1352 1484 1
1352 694 1
1352 3512 1
1352 1471 1
1352 977 1
1352 4292 1
1352 1003 1
1352 1317 1
1352 624 1
1352 81 1
1352 102 1
1352 431 1
1352 4514 1
1102 3173 1
1102 4240 1
1102 3178 1
1102 241 1
1102 60 1
1102 3971 1
1102 3174 1
1102 3176 1
1102 2127 1
1102 2534 1
2164 33 1
2164 497 1
2164 4415 1
2164 1055 1
2164 2129 1
2164 4476 1
2164 1053 1
2164 531 1
2164 1535 1
533 2642 1
533 1945 1
533 3758 1
533 1879 1
533 2090 1
533 1181 1
533 1263 1
73 362 1
73 419 1
73 4719 1
73 5104 1
73 231 1
73 534 1
73 377 1
73 103 1
73 382 1
73 407 1
73 2229 1
73 3197 1
73 169 1
73 2682 1
73 580 1
73 363 1
73 368 1
73 849 1
73 358 1
73 360 1
73 1583 1
73 34 1
546 965 1
546 1904 1
546 4215 1
546 2700 1
546 259 1
546 383 1
546 1219 1
2696 341 1
2696 679 1
2696 218 1
2696 3918 1
2696 940 1
2696 2474 1
2696 5821 1
2696 2414 1
2696 671 1
2696 2834 1
2696 5067 1
2696 976 1
2696 535 1
2696 4874 1
2696 1073 1
2696 2066 1
2696 2063 1
2696 3220 1
2696 245 1
2696 391 1
2696 1863 1
2696 5068 1
2696 3638 1
2696 5657 1
2696 5345 1
2696 5070 1
2696 2288 1
2696 426 1
2696 1724 1
2696 751 1
2696 674 1
2696 4765 1
2696 1395 1
2696 175 1
2696 162 1
499 5610 1
499 795 1
499 1877 1
499 3219 1
499 2957 1
499 3449 1
499 1969 1
499 2610 1
499 814 1
499 739 1
499 614 1
1637 560 1
1637 3363 1
1637 4450 1
1637 2036 1
1637 5787 1
1637 2727 1
1637 275 1
1637 526 1
1637 2865 1
1637 1091 1
1637 1735 1
1637 51 1
1637 50 1
1637 5572 1
1637 3947 1
1637 3362 1
1402 1618 1
1402 2628 1
1402 5003 1
1402 4746 1
1402 1731 1
1402 675 1
2232 733 1
2232 2159 1
2232 244 1
2232 5077 1
2232 32 1
2232 641 1
2232 1554 1
2232 535 1
2232 828 1
2232 284 1
2232 2268 1
2232 1533 1
2232 3208 1
2232 704 1
2232 634 1
2232 4385 1
2232 1078 1
2232 301 1
2232 5867 1
2232 1710 1
2232 951 1
2232 426 1
2232 188 1
2232 739 1
2232 1638 1
2142 447 1
2142 1156 1
2142 1390 1
2142 3365 1
2142 16 1
2142 3948 1
2142 2645 1
2142 578 1
2643 3305 1
2643 965 1
2643 2743 1
2643 4914 1
2643 5341 1
2643 5090 1
488 453 1
488 1738 1
488 444 1
488 3971 1
488 2013 1
488 1135 1
2645 2292 1
2645 361 1
2645 1621 1
2645 679 1
2645 218 1
2645 1 1
2645 1942 1
2645 2591 1
2645 799 1
2645 3991 1
2645 195 1
2645 125 1
2645 5832 1
2645 5043 1
2645 4415 1
2645 426 1
2645 1565 1
2645 3944 1
1946 237 1
1946 3575 1
1946 4189 1
1946 5736 1
1946 4943 1
1440 485 1
1440 2672 1
1440 2583 1
1440 1386 1
1440 2065 1
1440 4515 1
1440 1608 1
1440 463 1
1440 16 1
2434 1604 1
2434 1771 1
2434 368 1
2434 709 1
2434 4944 1
2434 4806 1
2434 2118 1
2434 3330 1
2037 4834 1
2037 4886 1
2037 672 1
2037 4353 1
2037 5654 1
2037 397 1
2037 5633 1
2037 2512 1
2037 4638 1
2037 5888 1
2037 41 1
2037 3916 1
2037 2226 1
2037 4270 1
2037 3882 1
2037 3869 1
1568 1944 1
1568 3090 1
1568 3086 1
1568 3461 1
1568 4432 1
1568 1340 1
1568 1321 1
1568 3860 1
1568 5542 1
1568 4597 1
1568 1344 1
1568 4551 1
1568 178 1
1568 1317 1
1568 2031 1
1568 3754 1
1568 700 1
1568 4527 1
2713 2521 1
2713 4074 1
2713 5617 1
2713 125 1
2713 1960 1
264 313 1
264 1169 1
264 270 1
264 81 1
264 1091 1
264 157 1
264 5379 1
264 1167 1
264 1090 1
2345 4895 1
2345 3329 1
2345 2846 1
2345 5 1
2345 1391 1
2345 1975 1
2345 4380 1
2345 1814 1
2345 1519 1
792 989 1
792 244 1
792 2522 1
792 1068 1
792 3862 1
792 1175 1
792 637 1
792 968 1
792 733 1
792 4305 1
792 2876 1
792 29 1
1737 284 1
1737 2191 1
1737 3262 1
1737 1569 1
1737 447 1
1737 4658 1
1737 3895 1
1737 5405 1
1737 5026 1
1737 91 1
1737 1644 1
1737 2694 1
1737 1275 1
1737 1406 1
1737 1133 1
1737 3826 1
1737 2723 1
1737 2208 1
1737 3899 1
1737 3970 1
1737 4300 1
1737 3254 1
1737 537 1
1737 4164 1
1737 3534 1
1737 4645 1
1737 5021 1
1737 360 1
1737 1255 1
1737 2770 1
1737 2788 1
1737 92 1
1737 3535 1
1737 1779 1
1737 4369 1
1737 4899 1
1737 2982 1
1737 288 1
1737 1626 1
1737 4237 1
1737 5576 1
1737 1339 1
1737 310 1
1737 4914 1
1737 708 1
1737 5099 1
1737 4067 1
2071 95 1
2071 473 1
2071 4 1
2071 3973 1
2071 1311 1
2071 3814 1
2725 3311 1
2725 137 1
2725 795 1
2725 2005 1
2725 32 1
2725 781 1
2725 1017 1
2725 2499 1
2725 3654 1
2725 491 1
2725 4133 1
2725 1254 1
248 235 1
248 1486 1
248 16 1
248 2167 1
248 4892 1
248 259 1
248 5149 1
248 847 1
220 586 1
220 774 1
220 1053 1
220 1576 1
220 930 1
2737 16 1
2737 1002 1
2737 60 1
2737 61 1
2737 1328 1
44 3516 1
44 4017 1
44 2557 1
44 448 1
44 506 1
44 179 1
44 182 1
44 178 1
44 4548 1
44 3132 1
44 3939 1
44 157 1
211 3841 1
211 915 1
211 2194 1
211 3705 1
211 4811 1
211 2062 1
211 901 1
211 187 1
211 1984 1
211 5299 1
211 4018 1
211 5222 1
211 34 1
784 2734 1
784 2549 1
784 848 1
784 311 1
784 5354 1
784 604 1
784 3110 1
784 1245 1
784 1071 1
784 1440 1
1635 5458 1
1635 465 1
1635 3755 1
1635 3946 1
1635 2577 1
1635 4213 1
1635 2109 1
1635 4341 1
1635 1583 1
1404 3428 1
1404 491 1
1404 16 1
1404 2054 1
1404 1053 1
1404 4800 1
368 1764 1
368 970 1
368 785 1
368 92 1
368 4002 1
1103 1613 1
1103 3179 1
1103 1253 1
1103 140 1
1103 3468 1
743 3403 1
743 1367 1
743 3121 1
743 2310 1
743 1730 1
1055 857 1
1055 4449 1
1055 1198 1
1055 4092 1
1055 3730 1
1055 552 1
1804 3872 1
1804 36 1
1804 2309 1
1804 3215 1
1804 2759 1
1804 1956 1
1804 801 1
1804 76 1
1804 4152 1
1804 112 1
1804 1413 1
1804 3869 1
1804 5538 1
93 1068 1
93 5137 1
93 422 1
93 424 1
93 1929 1
93 2548 1
93 4254 1
93 423 1
93 428 1
93 2712 1
93 5138 1
93 5067 1
93 5135 1
93 425 1
93 1812 1
93 1211 1
93 429 1
93 1355 1
93 1582 1
93 3255 1
93 426 1
93 828 1
93 29 1
93 5136 1
399 2521 1
399 36 1
399 1579 1
399 1070 1
399 5527 1
399 1578 1
