994 2394 1
994 1770 1
994 3858 1
994 36 1
994 2000 1
994 5015 1
994 963 1
994 425 1
994 2580 1
994 3646 1
994 1397 1
994 1914 1
994 2920 1
994 1975 1
994 337 1
994 4968 1
2309 447 1
2309 1988 1
2309 600 1
2309 3666 1
2309 1636 1
2309 1675 1
2309 646 1
2309 847 1
2309 3028 1
2309 763 1
2309 821 1
2309 3199 1
2309 3037 1
2309 4591 1
2309 3034 1
2309 24 1
2309 18 1
2309 1864 1
2309 2319 1
2309 3753 1
2309 3988 1
2309 4218 1
2309 60 1
2309 329 1
2309 4289 1
2309 205 1
2309 4298 1
2309 1385 1
2309 7 1
2309 2500 1
2309 2803 1
2309 767 1
2309 4825 1
2309 93 1
2309 3157 1
2309 4888 1
2309 3722 1
2309 966 1
2309 20 1
2309 2810 1
2309 801 1
2309 5293 1
2309 5432 1
2309 3775 1
2309 1177 1
1019 726 1
1019 5197 1
1019 4529 1
1019 139 1
1019 5198 1
1019 1477 1
1019 4479 1
1019 1070 1
1019 881 1
1019 988 1
1019 2051 1
1019 1263 1
1019 450 1
1019 3305 1
1019 3540 1
1019 4038 1
1019 3002 1
1019 1036 1
1019 246 1
1019 2296 1
1019 1151 1
1019 5576 1
1019 2649 1
1019 2219 1
1019 399 1
1019 1527 1
1019 1772 1
1019 3429 1
1019 294 1
1019 910 1
1019 5288 1
1019 1814 1
1019 3682 1
1019 2548 1
1019 158 1
1019 469 1
1019 2039 1
1019 3091 1
1019 3597 1
1019 4511 1
1019 2096 1
1019 2449 1
1019 5646 1
1019 5456 1
1019 2337 1
1019 4732 1
1019 418 1
1019 412 1
1019 5315 1
1019 271 1
1019 5307 1
1019 2854 1
1019 4597 1
1019 1216 1
1019 3233 1
1019 2744 1
1019 178 1
1019 537 1
1019 580 1
1019 2923 1
1019 1742 1
1019 4645 1
1019 2544 1
1019 2999 1
1019 3626 1
1019 849 1
1019 4668 1
1019 3427 1
1019 1378 1
1019 5021 1
1019 2991 1
1019 4642 1
1019 4425 1
1019 2996 1
1019 1888 1
1019 244 1
1019 5825 1
1019 3820 1
1019 3283 1
1019 2264 1
1019 1234 1
1019 2233 1
1019 2254 1
1019 3653 1
1019 714 1
1019 3715 1
1019 4658 1
1019 4623 1
1019 264 1
1019 1776 1
1019 873 1
1019 1542 1
1019 2997 1
1019 1543 1
1019 5473 1
1019 1164 1
1019 1779 1
1019 1544 1
1019 1582 1
1019 2992 1
1019 3193 1
1019 764 1
1019 4899 1
1019 2982 1
1019 93 1
1019 4883 1
1019 3183 1
1019 1648 1
1019 3849 1
1019 1385 1
1019 1691 1
1019 3862 1
1019 31 1
1019 3140 1
1019 2046 1
1019 1541 1
1019 2993 1
1019 3100 1
1019 835 1
1019 454 1
1019 2813 1
1019 2504 1
1019 1423 1
1019 4480 1
1019 4509 1
1019 2297 1
1019 5435 1
1019 4030 1
1019 629 1
1019 548 1
1019 5562 1
1019 4125 1
1019 2221 1
1019 703 1
1019 1220 1
1019 2027 1
1019 1838 1
1019 1136 1
1019 1126 1
1019 541 1
1019 488 1
1019 2095 1
299 1522 1
299 1188 1
299 1806 1
299 528 1
299 530 1
873 4004 1
873 5418 1
873 2181 1
873 1308 1
873 1685 1
873 4934 1
873 5320 1
1080 3115 1
1080 2364 1
1080 2610 1
1080 360 1
1080 655 1
1785 32 1
1785 785 1
1785 843 1
1785 1029 1
1785 791 1
1785 3654 1
1785 1021 1
1785 1282 1
1785 1100 1
1785 191 1
1785 430 1
1785 2449 1
2756 1755 1
2756 1092 1
2756 3420 1
2756 2371 1
2756 1798 1
2756 2749 1
2756 290 1
921 353 1
921 3920 1
921 5352 1
921 3215 1
921 3872 1
1974 1689 1
1974 5604 1
1974 2000 1
1974 1309 1
1974 2163 1
91 1307 1
91 2078 1
91 416 1
91 3457 1
91 5133 1
91 5014 1
91 2701 1
91 4729 1
91 420 1
91 2302 1
91 3589 1
91 791 1
91 1568 1
91 673 1
91 417 1
91 580 1
91 2222 1
91 421 1
91 828 1
91 5134 1
91 418 1
1977 3374 1
1977 2245 1
1977 528 1
1977 3082 1
1977 2513 1
1492 4842 1
1492 3324 1
1492 989 1
1492 3695 1
1492 1801 1
1492 2829 1
1492 702 1
1492 1189 1
1492 2672 1
1492 1763 1
1492 1638 1
979 1227 1
979 1183 1
979 2251 1
979 2911 1
979 835 1
979 541 1
979 2671 1
934 1017 1
934 1828 1
934 203 1
934 4304 1
934 198 1
934 1833 1
934 5652 1
934 358 1
934 4249 1
934 2628 1
934 1829 1
934 3537 1
934 188 1
934 2278 1
934 2024 1
2033 3556 1
2033 4078 1
2033 974 1
2033 4069 1
2033 1668 1
2033 1244 1
2033 484 1
2033 5 1
2033 3069 1
2033 3204 1
247 587 1
247 111 1
247 1975 1
247 5361 1
247 309 1
247 866 1
247 271 1
247 1026 1
2484 846 1
2484 55 1
2484 1798 1
2484 2653 1
2484 623 1
1766 4724 1
1766 3606 1
1766 4391 1
1766 641 1
1766 428 1
1766 1834 1
1766 920 1
1766 4370 1
1766 2681 1
1766 2852 1
1766 2205 1
1766 3039 1
1766 5041 1
1766 1525 1
1766 1091 1
1766 1042 1
1766 893 1
1766 1358 1
1766 4134 1
1766 1781 1
1766 320 1
1766 4090 1
1766 2717 1
1766 506 1
1766 568 1
1766 703 1
1766 4505 1
1766 580 1
1766 2734 1
1766 2218 1
1766 157 1
1766 872 1
1766 815 1
1766 3792 1
697 2257 1
697 528 1
697 5516 1
697 81 1
697 227 1
697 1574 1
2509 447 1
2509 580 1
2509 528 1
2509 714 1
2509 1155 1
2509 5629 1
2509 207 1
2509 5314 1
2500 5740 1
2500 9 1
2500 1563 1
2500 889 1
2500 3016 1
2500 2319 1
2500 1044 1
2500 2081 1
2500 563 1
2500 3117 1
2500 665 1
2500 3819 1
2500 1891 1
2500 2534 1
1235 2394 1
1235 1554 1
1235 4089 1
1235 2062 1
1235 2363 1
1235 1088 1
1235 3271 1
1235 5626 1
1235 33 1
1235 1343 1
1235 2329 1
1235 3745 1
1235 465 1
1235 1053 1
1334 4773 1
1334 5623 1
1334 1489 1
1334 3548 1
1334 4006 1
1334 1583 1
2604 2544 1
2604 2666 1
2604 753 1
2604 2620 1
2604 2543 1
1431 185 1
1431 1713 1
1431 4712 1
1431 3696 1
1431 689 1
1431 3260 1
1431 3169 1
1431 2781 1
1431 2792 1
1319 4701 1
1319 4817 1
1319 3316 1
1319 158 1
1319 974 1
1319 1580 1
1319 4883 1
1319 287 1
1319 1873 1
1319 715 1
1319 1797 1
1319 5190 1
1319 3550 1
1319 166 1
1319 3317 1
1319 2951 1
1319 3532 1
1319 2998 1
1319 438 1
1319 4658 1
1319 537 1
1319 2027 1
1319 2382 1
1319 4645 1
1319 2986 1
1319 593 1
1319 4451 1
1319 5021 1
1944 866 1
1944 2718 1
1944 5792 1
1944 167 1
1944 1498 1
1944 274 1
1944 5138 1
1944 4040 1
1944 2575 1
1944 2183 1
1944 2483 1
1944 1177 1
1944 1003 1
1944 870 1
1944 431 1
1605 1424 1
1605 4561 1
1605 1564 1
1605 99 1
1605 3718 1
1605 189 1
57 1055 1
57 2962 1
57 2468 1
57 267 1
57 364 1
57 989 1
57 1378 1
564 3506 1
564 2039 1
564 2231 1
564 3939 1
564 2880 1
564 290 1
2116 3243 1
2116 989 1
2116 623 1
2116 866 1
2116 32 1
2116 536 1
2116 4427 1
2116 1475 1
2116 3903 1
2116 2500 1
2116 4782 1
2116 2918 1
2106 2139 1
2106 3506 1
2106 16 1
2106 4002 1
2106 3260 1
2106 3036 1
2106 166 1
2106 968 1
2106 848 1
2758 787 1
2758 5871 1
2758 1520 1
2758 777 1
2758 2804 1
2758 4635 1
2758 2579 1
2758 829 1
2758 3218 1
2758 4601 1
2758 2365 1
2758 1175 1
2758 778 1
2758 4913 1
2758 5685 1
2758 323 1
2758 2760 1
2758 1317 1
2758 1595 1
2758 5606 1
2758 5056 1
2758 2081 1
2758 4022 1
2758 4415 1
2758 4833 1
2758 2884 1
2758 1003 1
2758 2990 1
2758 3493 1
2758 240 1
2758 298 1
2758 1085 1
2758 1287 1
2758 2792 1
2758 1983 1
604 1328 1
604 1130 1
604 32 1
604 2138 1
604 5420 1
604 274 1
604 848 1
604 924 1
604 5310 1
604 2426 1
604 2042 1
604 1640 1
604 4002 1
2341 2532 1
2341 2798 1
2341 4720 1
2341 5354 1
2341 3650 1
2763 3473 1
2763 4366 1
2763 1872 1
2763 1873 1
2763 2751 1
2763 706 1
2763 5007 1
2763 3952 1
208 1975 1
208 4023 1
208 893 1
208 264 1
208 1167 1
208 384 1
323 1323 1
323 1326 1
323 5456 1
323 5457 1
323 4508 1
1564 1245 1
1564 2472 1
1564 5369 1
1564 1222 1
1564 1083 1
1564 2764 1
1564 4022 1
1564 690 1
1564 1455 1
1564 102 1
1564 1071 1
311 1298 1
311 3012 1
311 1297 1
311 4501 1
311 5190 1
311 4200 1
311 1058 1
2765 2859 1
2765 1253 1
2765 3442 1
2765 989 1
2765 2600 1
242 9 1
242 3739 1
242 3329 1
242 534 1
242 658 1
242 654 1
242 1232 1
242 23 1
242 3142 1
242 2029 1
242 545 1
242 1003 1
242 1000 1
242 546 1
1816 403 1
1816 24 1
1816 2328 1
1816 3833 1
1816 989 1
1816 3152 1
1816 796 1
1816 2217 1
1816 5625 1
1816 1854 1
1816 1600 1
1816 1996 1
1816 5810 1
1816 409 1
1816 3631 1
1816 12 1
1816 3558 1
1816 4200 1
1816 1327 1
1875 4206 1
1875 357 1
1875 2732 1
1875 189 1
1875 463 1
1925 166 1
1925 866 1
1925 137 1
1925 489 1
1925 3102 1
1925 4679 1
1925 3628 1
1925 915 1
1925 2701 1
1925 2328 1
1925 1554 1
1925 3633 1
1925 765 1
1925 5122 1
1925 934 1
1925 1984 1
1925 1223 1
1925 2733 1
1925 2484 1
1925 4060 1
1925 3762 1
1925 409 1
1925 368 1
1925 1233 1
970 848 1
970 1393 1
970 2876 1
970 262 1
970 2877 1
970 648 1
1614 4129 1
1614 2059 1
1614 677 1
1614 1055 1
1614 2167 1
1614 4241 1
1614 605 1
1614 5409 1
1614 623 1
18 78 1
18 1328 1
18 4970 1
18 4739 1
18 6 1
18 1149 1
223 235 1
223 1486 1
223 5317 1
223 5316 1
223 867 1
223 934 1
223 4872 1
1092 5381 1
1092 3152 1
1092 963 1
1092 2173 1
1092 1065 1
1092 3399 1
1092 3322 1
1092 3233 1
1092 3501 1
1092 1998 1
1092 2236 1
2367 787 1
2367 1263 1
2367 4041 1
2367 777 1
2367 2804 1
2367 4635 1
2367 85 1
2367 2348 1
2367 1811 1
2367 3862 1
2367 4120 1
2367 4632 1
2367 3492 1
2367 901 1
2367 3451 1
2367 778 1
2367 4636 1
2367 1251 1
2367 1193 1
2367 1593 1
2367 1339 1
2367 1159 1
2367 839 1
2367 506 1
2367 4022 1
2367 703 1
2367 4602 1
2367 4633 1
2367 4411 1
2367 3493 1
2367 2544 1
2367 4279 1
2367 298 1
2367 1873 1
2367 1595 1
2367 355 1
2367 998 1
2367 2024 1
1333 3922 1
1333 3999 1
1333 528 1
1333 2300 1
1333 4232 1
1333 5871 1
2747 3816 1
2747 2272 1
2747 4179 1
2747 3661 1
2747 3551 1
2747 962 1
2747 4096 1
2747 3693 1
2747 4241 1
2747 5795 1
2747 3074 1
2747 989 1
2747 3099 1
2747 1493 1
2747 3734 1
2747 1038 1
2747 1546 1
2747 5842 1
2747 4733 1
2747 3343 1
2747 1209 1
2747 2235 1
2747 2878 1
2747 2240 1
2747 4836 1
2747 563 1
2747 250 1
2747 1803 1
2747 2763 1
2747 1891 1
2747 2991 1
2747 231 1
2747 2241 1
2747 3794 1
2747 3257 1
2747 4324 1
2747 3339 1
2747 5838 1
2747 1808 1
2747 4810 1
2747 3164 1
2747 5118 1
2747 1664 1
2747 2700 1
2747 4851 1
2747 1323 1
2747 3345 1
2747 2323 1
2747 1250 1
2747 3358 1
2747 275 1
2747 3360 1
2747 3350 1
2747 543 1
2747 889 1
2747 3346 1
2747 2050 1
2747 2247 1
2747 4900 1
2747 3361 1
2747 3382 1
2747 2244 1
2747 2725 1
1794 228 1
1794 3470 1
1794 1701 1
1794 5151 1
1794 1820 1
1794 5668 1
2640 2193 1
2640 2287 1
2640 500 1
2640 781 1
2640 4785 1
2640 284 1
2640 1709 1
2640 5439 1
2640 3696 1
2640 4650 1
2640 99 1
2640 5222 1
601 1626 1
601 1708 1
601 5243 1
601 1662 1
601 3722 1
601 1969 1
601 1052 1
601 5673 1
601 2191 1
601 681 1
601 2452 1
601 1339 1
601 1996 1
601 1965 1
601 184 1
601 5273 1
601 2231 1
601 2129 1
601 2876 1
601 867 1
1988 1689 1
1988 1253 1
1988 1356 1
1988 163 1
1988 3336 1
1988 5836 1
858 750 1
858 2534 1
858 271 1
858 1148 1
858 3971 1
858 450 1
858 2173 1
858 4547 1
858 2671 1
858 336 1
2731 2001 1
2731 4238 1
2731 5 1
2731 1841 1
2731 4414 1
2731 704 1
2731 2329 1
2731 196 1
2731 677 1
2731 55 1
2731 938 1
2731 3153 1
2731 709 1
2731 4893 1
2731 2245 1
442 3742 1
442 1703 1
442 2650 1
442 2171 1
442 920 1
442 1700 1
442 3461 1
442 4803 1
442 5432 1
442 1705 1
442 2964 1
442 5563 1
442 757 1
442 3648 1
442 1697 1
442 3020 1
442 2611 1
442 4024 1
442 703 1
442 552 1
442 2756 1
442 1701 1
442 1706 1
442 4924 1
442 1071 1
442 1698 1
1046 3057 1
1046 3939 1
1046 3965 1
1046 4035 1
1046 431 1
636 5477 1
636 4535 1
636 2193 1
636 4035 1
636 1958 1
636 3869 1
636 4867 1
636 5222 1
4 345 1
4 4945 1
4 2187 1
4 1253 1
4 16 1
4 17 1
4 2585 1
4 4847 1
68 4552 1
68 2617 1
68 5097 1
68 2586 1
68 1884 1
68 323 1
68 5096 1
68 322 1
508 1893 1
508 3306 1
508 1105 1
508 1891 1
508 962 1
1309 996 1
1309 261 1
1309 2655 1
1309 166 1
1309 808 1
1638 3838 1
1638 2245 1
1638 590 1
1638 838 1
1638 5373 1
1638 3048 1
1638 1327 1
2743 101 1
2743 5519 1
2743 453 1
2743 1457 1
2743 2885 1
2743 1074 1
2743 386 1
2743 1298 1
2743 3874 1
1447 137 1
1447 3879 1
1447 1183 1
1447 3709 1
1447 386 1
1447 157 1
1447 2611 1
1447 1035 1
1447 3225 1
1447 452 1
1447 752 1
1447 797 1
1447 1203 1
2165 3931 1
2165 2300 1
2165 515 1
2165 774 1
2165 765 1
2165 2792 1
200 5289 1
200 3109 1
200 1183 1
200 1500 1
200 188 1
200 3078 1
200 1480 1
200 271 1
200 1168 1
451 1732 1
451 1372 1
451 938 1
451 4604 1
451 1731 1
451 5570 1
451 2109 1
451 3144 1
451 1730 1
2360 4357 1
2360 2673 1
2360 3139 1
2360 5702 1
2360 5565 1
2360 1577 1
721 5544 1
721 1310 1
721 2103 1
721 1183 1
721 164 1
721 5 1
721 2684 1
721 2371 1
721 3410 1
721 1833 1
721 276 1
721 5542 1
721 4602 1
721 447 1
721 1330 1
721 452 1
721 2231 1
721 2821 1
721 1251 1
721 1254 1
1239 529 1
1239 3964 1
1239 244 1
1239 795 1
1239 5662 1
1239 2005 1
1239 2414 1
1239 2207 1
1239 843 1
1239 5791 1
1239 4017 1
1239 2875 1
1239 2660 1
1239 1305 1
1239 5060 1
1239 3365 1
1239 823 1
1239 3132 1
1239 1254 1
141 3057 1
141 643 1
141 1608 1
141 1359 1
141 1058 1
1474 5833 1
1474 5737 1
1474 2014 1
1474 3447 1
1474 3292 1
1474 316 1
1474 195 1
1474 1190 1
1474 3037 1
1474 2211 1
1643 240 1
1643 4854 1
1643 2930 1
1643 2855 1
1643 3034 1
1643 385 1
1643 5709 1
1643 2835 1
1643 781 1
1643 5784 1
1643 3961 1
1643 4869 1
1643 848 1
1643 5399 1
1643 650 1
1643 1585 1
1643 1661 1
1643 2120 1
1643 4866 1
1643 5497 1
1643 5768 1
1643 3957 1
1643 4295 1
1643 2426 1
1643 4513 1
1643 3123 1
1643 634 1
1643 3117 1
1643 2367 1
1643 1586 1
1643 5828 1
1643 2283 1
1643 1454 1
1643 410 1
1643 1136 1
1643 55 1
1643 4689 1
1643 239 1
1643 2019 1
1643 2662 1
1643 2609 1
222 932 1
222 933 1
222 2428 1
222 931 1
222 2056 1
2113 3029 1
2113 416 1
2113 1319 1
2113 1748 1
2113 1409 1
2113 3213 1
2113 403 1
2113 5133 1
2113 24 1
2113 592 1
2113 4590 1
2113 126 1
2113 1669 1
2113 464 1
2113 60 1
2113 3740 1
2113 642 1
2113 313 1
2113 4923 1
2113 1982 1
2113 3701 1
2113 199 1
2113 3105 1
2113 3158 1
2113 314 1
2113 1069 1
2113 1080 1
2113 4415 1
2113 1458 1
2113 654 1
2113 240 1
2113 5303 1
2113 810 1
2113 2364 1
2113 486 1
2113 3688 1
2113 290 1
575 3167 1
575 1266 1
575 4366 1
575 1424 1
575 2071 1
575 2374 1
606 1367 1
606 1378 1
606 4345 1
606 1550 1
606 691 1
606 2870 1
606 952 1
606 3396 1
606 4782 1
606 624 1
606 4049 1
606 188 1
2435 2372 1
2435 1893 1
2435 2449 1
2435 3336 1
2435 1487 1
2177 5774 1
2177 5781 1
2177 2851 1
2177 4488 1
2177 1120 1
131 294 1
131 3029 1
131 4268 1
131 920 1
131 1554 1
131 4494 1
131 3121 1
131 28 1
131 1347 1
131 1126 1
131 4897 1
131 4274 1
131 619 1
131 5222 1
893 2111 1
893 4466 1
893 2736 1
893 2263 1
893 285 1
893 883 1
558 2021 1
558 1424 1
558 1335 1
558 1674 1
558 4604 1
2007 100 1
2007 17 1
2007 1667 1
2007 706 1
2007 290 1
927 152 1
927 4356 1
927 270 1
927 1253 1
927 3696 1
927 1783 1
927 465 1
1621 1624 1
1621 2655 1
1621 4114 1
1621 178 1
1621 3490 1
1172 369 1
1172 372 1
1172 155 1
1172 5278 1
1172 32 1
1172 39 1
1172 218 1
1172 3628 1
1172 426 1
1172 2299 1
1172 4824 1
1172 587 1
1172 80 1
1172 188 1
1172 1219 1
1172 1666 1
1172 2726 1
1172 583 1
1172 1629 1
1172 4915 1
1172 2230 1
1172 1965 1
1172 2879 1
1172 2222 1
1172 5034 1
1172 2876 1
1172 162 1
1526 1174 1
1526 4004 1
1526 1195 1
1526 1527 1
1526 1190 1
1000 4460 1
1000 3345 1
1000 5756 1
1000 2434 1
1000 2864 1
1000 2036 1
1000 5408 1
1000 5210 1
1000 2945 1
1000 403 1
1000 406 1
1000 909 1
1000 4569 1
1000 3346 1
1000 3236 1
1000 5707 1
1000 4878 1
1000 2949 1
1000 433 1
1000 1533 1
1000 2946 1
1000 2878 1
1000 5365 1
1000 716 1
1000 435 1
1000 173 1
1000 2038 1
1000 3947 1
1000 5 1
1000 5730 1
1000 157 1
1000 3234 1
116 5189 1
116 2320 1
116 535 1
116 1948 1
116 99 1
453 4723 1
453 4688 1
453 867 1
453 765 1
453 418 1
2700 32 1
2700 428 1
2700 147 1
2700 2966 1
2700 2957 1
2700 2954 1
2700 3837 1
2700 2805 1
2700 447 1
2700 2201 1
2700 3374 1
2700 3952 1
2700 1638 1
165 4449 1
165 3257 1
165 2117 1
165 368 1
165 2762 1
165 1219 1
165 4482 1
165 733 1
165 552 1
165 704 1
272 5395 1
272 2957 1
272 1183 1
272 5394 1
272 5393 1
272 3863 1
272 4028 1
272 156 1
272 198 1
272 425 1
272 5396 1
272 4027 1
272 1126 1
272 1909 1
272 1896 1
272 3399 1
272 122 1
272 801 1
272 5068 1
272 178 1
272 289 1
272 1131 1
272 2858 1
272 828 1
272 3299 1
272 1254 1
272 1128 1
272 34 1
522 428 1
522 2834 1
522 1913 1
522 36 1
522 1303 1
522 2371 1
522 966 1
522 2557 1
522 271 1
522 1723 1
522 2081 1
522 3660 1
522 1848 1
522 301 1
522 184 1
522 4018 1
522 3237 1
522 4336 1
522 55 1
522 4194 1
522 3432 1
1194 2386 1
1194 1358 1
1194 270 1
1194 3327 1
1194 271 1
1395 1148 1
1395 848 1
1395 3644 1
1395 578 1
1395 189 1
1395 1660 1
1395 16 1
67 319 1
67 953 1
67 289 1
67 1309 1
67 290 1
2740 2062 1
2740 1760 1
2740 650 1
2740 3117 1
2740 2821 1
2740 419 1
2740 2301 1
2740 1411 1
2740 4778 1
1135 3238 1
1135 2909 1
1135 3240 1
1135 368 1
1135 137 1
1135 5206 1
1135 3239 1
1135 218 1
1135 4481 1
1135 3244 1
1135 1683 1
1135 5014 1
1135 781 1
1135 2004 1
1135 2463 1
1135 269 1
1135 3217 1
1135 80 1
1135 188 1
1135 1567 1
1135 1564 1
1135 582 1
1135 3709 1
1135 840 1
1135 271 1
1135 3241 1
1135 1684 1
1135 2110 1
1135 2293 1
1135 1190 1
1135 221 1
1135 1971 1
1135 4408 1
1135 447 1
1135 1724 1
1135 3237 1
1135 3056 1
1135 1975 1
1135 3242 1
1135 828 1
1135 99 1
1135 976 1
957 2450 1
957 241 1
957 238 1
957 3791 1
957 588 1
957 17 1
957 5731 1
957 1638 1
957 2856 1
957 591 1
2414 1153 1
2414 2860 1
2414 5395 1
2414 2966 1
2414 280 1
2414 1183 1
2414 920 1
2414 103 1
2414 848 1
2414 703 1
2414 828 1
2414 1841 1
2414 2919 1
2414 5539 1
2414 271 1
2414 4685 1
2414 681 1
2414 788 1
2414 59 1
2414 757 1
2414 1159 1
2414 5063 1
2414 289 1
2414 76 1
2414 3379 1
2414 822 1
2414 447 1
2414 1064 1
2414 452 1
2414 4921 1
2414 1198 1
2414 677 1
2414 368 1
2414 4684 1
2414 453 1
2414 867 1
2414 738 1
2414 1053 1
2414 1896 1
2414 3887 1
2779 1518 1
2779 528 1
2779 938 1
2779 1137 1
2779 4925 1
160 2394 1
160 147 1
160 2070 1
160 715 1
160 5015 1
160 1073 1
160 712 1
160 5255 1
160 4940 1
160 178 1
160 2978 1
1961 100 1
1961 4942 1
1961 16 1
1961 426 1
1961 1571 1
1961 1190 1
1961 142 1
917 1253 1
917 298 1
917 465 1
917 60 1
917 1126 1
917 3548 1
917 2600 1
917 5391 1
2358 536 1
2358 36 1
2358 4555 1
2358 4005 1
2358 4892 1
2358 220 1
1056 5266 1
1056 484 1
1056 1486 1
1056 16 1
1056 60 1
1056 1798 1
1056 616 1
1056 3440 1
2162 1160 1
2162 3835 1
2162 627 1
2162 754 1
2162 750 1
2162 4259 1
2162 3549 1
2162 5451 1
2162 4110 1
2162 10 1
2162 3889 1
2162 4803 1
2162 2119 1
2162 4602 1
2162 1714 1
2162 2999 1
2162 1873 1
2162 2915 1
2162 4532 1
2162 3288 1
2162 1296 1
2162 1738 1
2162 2033 1
2162 1288 1
2162 873 1
2162 4470 1
2162 4472 1
2162 1241 1
2162 4387 1
2162 3880 1
2162 1135 1
2162 3337 1
2162 155 1
2162 85 1
2162 3754 1
2162 2079 1
2162 4473 1
2162 1162 1
2162 1480 1
2162 1653 1
2162 2379 1
2162 2792 1
2162 2201 1
2162 4266 1
2162 5820 1
2162 1053 1
1938 805 1
1938 919 1
1938 1738 1
1938 5885 1
1938 2530 1
1755 1627 1
1755 242 1
1755 484 1
1755 4080 1
1755 4914 1
1755 1277 1
735 1209 1
735 2084 1
735 238 1
735 1015 1
735 2218 1
735 4230 1
735 2728 1
1822 1486 1
1822 16 1
1822 1399 1
1822 284 1
1822 529 1
1822 4796 1
1822 6 1
1822 968 1
1822 5346 1
1519 2971 1
1519 690 1
1519 878 1
1519 3479 1
1519 796 1
2011 2348 1
2011 403 1
2011 5 1
2011 2460 1
2011 2557 1
2011 4482 1
2011 3701 1
2011 56 1
2011 2367 1
2011 3051 1
2011 718 1
2011 4712 1
1376 3350 1
1376 543 1
1376 1273 1
1376 3985 1
1376 4030 1
1376 4818 1
1376 2504 1
1376 4372 1
1376 3518 1
1376 196 1
1376 3819 1
1376 1105 1
390 269 1
390 5010 1
390 17 1
390 901 1
390 5521 1
390 274 1
390 968 1
390 1551 1
390 3390 1
390 5273 1
390 5520 1
390 4002 1
830 5775 1
830 3690 1
830 2609 1
830 1458 1
830 463 1
1550 663 1
1550 5802 1
1550 803 1
1550 290 1
1550 34 1
1890 1326 1
1890 3054 1
1890 1808 1
1890 2700 1
1890 543 1
310 1381 1
310 465 1
310 604 1
310 1478 1
310 1245 1
310 1672 1
310 1071 1
310 3522 1
142 3959 1
142 796 1
142 593 1
142 3772 1
142 771 1
142 2979 1
142 1007 1
987 2905 1
987 4388 1
987 5358 1
987 2576 1
987 2903 1
987 2218 1
987 4931 1
987 1288 1
525 1626 1
525 769 1
525 3277 1
525 403 1
525 18 1
525 164 1
525 1611 1
525 5 1
525 1930 1
525 4892 1
525 1219 1
525 1277 1
525 1216 1
525 2473 1
525 199 1
525 1095 1
525 762 1
525 673 1
525 3660 1
525 570 1
525 1976 1
525 196 1
525 4526 1
525 1007 1
525 311 1
525 3247 1
525 4642 1
2732 730 1
2732 915 1
2732 536 1
2732 4132 1
2732 5130 1
2732 5062 1
2732 4861 1
2732 1224 1
2732 1984 1
2732 681 1
2732 704 1
2732 4684 1
2732 2872 1
2732 2500 1
2732 1643 1
2732 2735 1
2732 60 1
2732 431 1
2732 34 1
31 2957 1
31 1432 1
31 4127 1
31 3321 1
31 1918 1
31 5002 1
31 2716 1
31 125 1
31 3771 1
31 62 1
31 1909 1
31 2298 1
31 1177 1
31 624 1
31 2346 1
31 2641 1
31 60 1
2084 30 1
2084 3495 1
2084 1608 1
2084 1551 1
2084 702 1
2084 429 1
2084 452 1
2084 5038 1
2084 240 1
2084 3127 1
2084 175 1
829 1447 1
829 2710 1
829 781 1
829 5778 1
829 5497 1
829 36 1
829 3014 1
829 2703 1
829 4928 1
829 4807 1
829 2298 1
829 2938 1
829 5183 1
829 4535 1
829 2602 1
829 3537 1
2744 447 1
2744 2776 1
2744 2158 1
2744 614 1
2744 4509 1
2744 2600 1
581 1869 1
581 2056 1
581 793 1
581 1116 1
581 2083 1
581 166 1
581 1544 1
2215 756 1
2215 4251 1
2215 2215 1
2215 36 1
2215 2504 1
2215 5647 1
2215 553 1
2215 3390 1
2215 281 1
2215 1771 1
2215 1079 1
117 5099 1
117 974 1
117 2986 1
117 540 1
117 515 1
117 4658 1
117 541 1
321 5451 1
321 1422 1
321 1317 1
321 1873 1
321 1318 1
454 1014 1
454 1739 1
454 1518 1
454 581 1
454 912 1
454 1162 1
454 1738 1
454 625 1
1979 4017 1
1979 2437 1
1979 3586 1
1979 2165 1
1979 4288 1
1979 691 1
1979 1069 1
1979 2872 1
1979 1604 1
1979 624 1
1979 465 1
1979 60 1
1979 1949 1
1120 3756 1
1120 915 1
1120 4754 1
1120 2062 1
1120 2442 1
1120 1538 1
1120 757 1
1120 56 1
1120 178 1
1120 60 1
1120 34 1
966 2687 1
966 690 1
966 2873 1
966 36 1
966 1072 1
567 206 1
567 2218 1
567 3853 1
567 227 1
567 989 1
567 963 1
2708 1043 1
2708 543 1
2708 3915 1
2708 4878 1
2708 3274 1
2708 4879 1
2708 4798 1
2708 5114 1
2708 4909 1
2708 5166 1
2708 4023 1
2708 3498 1
2708 4817 1
2708 2845 1
2229 3118 1
2229 5 1
2229 592 1
2229 1308 1
2229 5540 1
2229 4483 1
2229 431 1
2229 5296 1
1150 5850 1
1150 3990 1
1150 3147 1
1150 592 1
1150 704 1
1150 1607 1
1150 178 1
1150 4707 1
1150 669 1
1150 2024 1
1150 1071 1
2353 2634 1
2353 2173 1
2353 514 1
2353 3645 1
2353 4258 1
2342 4607 1
2342 488 1
2342 3470 1
2342 2256 1
2342 4883 1
2342 2991 1
2342 4418 1
1820 203 1
1820 4142 1
1820 4143 1
1820 5290 1
1820 60 1
1820 1407 1
1820 431 1
880 1518 1
880 1328 1
880 4433 1
880 1638 1
880 4008 1
880 34 1
1144 5656 1
1144 2450 1
1144 2649 1
1144 1803 1
1144 4346 1
1144 49 1
1144 981 1
1762 3538 1
1762 4604 1
1762 529 1
1762 3452 1
1762 419 1
1762 4040 1
1762 271 1
758 1109 1
758 295 1
758 3862 1
758 5520 1
758 543 1
758 1700 1
758 3077 1
758 1175 1
758 2504 1
758 2235 1
758 5749 1
758 3648 1
758 2465 1
758 2510 1
758 444 1
758 1768 1
758 2466 1
1951 1476 1
1951 590 1
1951 1454 1
1951 4631 1
1951 1484 1
1951 113 1
1951 902 1
1951 4620 1
1951 1924 1
1951 2722 1
2461 3588 1
2461 878 1
2461 709 1
2461 1495 1
2461 2314 1
2461 96 1
2105 3339 1
2105 2350 1
2105 3493 1
2105 1308 1
2105 1797 1
2105 5734 1
2105 4930 1
1306 1253 1
1306 848 1
1306 3690 1
1306 2257 1
1306 3516 1
1306 3517 1
1306 264 1
2351 5232 1
2351 1354 1
2351 3057 1
2351 4613 1
2351 3016 1
2351 3250 1
2351 317 1
2351 648 1
2351 1359 1
2351 2800 1
838 5668 1
838 133 1
838 4241 1
838 3292 1
838 4445 1
838 2626 1
2606 3232 1
2606 3623 1
2606 4372 1
2606 2433 1
2606 1452 1
2606 278 1
2606 3231 1
2606 889 1
2606 2596 1
2606 5759 1
2606 4063 1
2606 700 1
2606 561 1
2606 3956 1
2606 4678 1
2606 5192 1
2606 4610 1
2606 1044 1
2606 4798 1
2606 588 1
2606 694 1
2606 4909 1
2606 3256 1
2606 4799 1
2606 5857 1
2606 1870 1
2606 2085 1
2606 4695 1
2606 5546 1
2606 4796 1
2606 5181 1
2606 2150 1
2606 2169 1
2606 5676 1
2606 5520 1
2213 4512 1
2213 1754 1
2213 3219 1
2213 5782 1
2213 2939 1
2213 4511 1
2213 1017 1
2213 2318 1
2213 23 1
2213 2954 1
2213 2993 1
2213 4163 1
2213 5318 1
2213 55 1
412 280 1
412 5535 1
412 2135 1
412 4803 1
412 3023 1
1586 4258 1
1586 5589 1
1586 3971 1
1586 2534 1
1586 2013 1
1586 3887 1
1586 336 1
1839 2538 1
1839 2053 1
1839 4163 1
1839 1254 1
1839 1533 1
1839 1064 1
495 3204 1
495 4779 1
495 2794 1
495 3358 1
495 4640 1
495 4908 1
495 2712 1
495 3525 1
495 1277 1
495 1849 1
495 1851 1
495 2110 1
495 757 1
495 1100 1
495 4781 1
495 3768 1
495 2226 1
495 4398 1
495 1852 1
2551 5645 1
2551 2200 1
2551 4145 1
2551 5443 1
2551 1533 1
2551 2191 1
2551 660 1
2551 2235 1
2551 2247 1
2551 3404 1
2551 2841 1
2551 2257 1
2551 2534 1
2551 1181 1
1801 1262 1
1801 4311 1
1801 5450 1
1801 2012 1
1801 2562 1
1801 2376 1
1801 866 1
898 1668 1
898 5613 1
898 1495 1
898 189 1
898 2 1
2291 229 1
2291 2211 1
2291 4582 1
2291 1949 1
2291 5875 1
1325 4988 1
1325 2211 1
1325 4445 1
1325 2363 1
1325 155 1
1325 3926 1
1325 1952 1
1325 679 1
1325 215 1
1325 3131 1
1325 3961 1
1325 75 1
1325 3024 1
1325 3223 1
1325 284 1
1325 1219 1
1325 2063 1
1325 5033 1
1325 1723 1
1325 190 1
1325 320 1
1325 5703 1
1325 5805 1
1325 2098 1
1325 1988 1
1325 4005 1
1325 368 1
1325 3127 1
1325 3537 1
1325 175 1
1325 674 1
637 431 1
637 2199 1
637 3082 1
637 2196 1
637 5691 1
637 62 1
637 1904 1
637 938 1
637 2001 1
637 5692 1
637 4271 1
397 1566 1
397 1568 1
397 1575 1
397 3094 1
397 1567 1
397 1572 1
397 3598 1
397 645 1
397 4639 1
397 1461 1
397 5140 1
397 699 1
397 1569 1
397 2990 1
397 1573 1
397 1797 1
397 3430 1
397 1570 1
150 1754 1
150 684 1
150 377 1
150 1669 1
150 1724 1
150 1219 1
150 5245 1
150 4495 1
150 1428 1
150 2682 1
150 289 1
150 1075 1
150 685 1
150 921 1
150 324 1
150 686 1
150 60 1
150 614 1
150 687 1
150 5026 1
1993 679 1
1993 2049 1
1993 1401 1
1993 5637 1
1993 5072 1
1993 284 1
1993 454 1
1993 5885 1
1993 699 1
1993 1781 1
1993 161 1
1993 2372 1
1993 4323 1
557 778 1
557 1713 1
557 2019 1
557 3660 1
557 2319 1
557 2018 1
2464 311 1
2464 167 1
2464 2476 1
2464 2963 1
2464 1718 1
2464 2846 1
2464 1183 1
2464 3236 1
2464 2507 1
2464 1294 1
2464 2437 1
2464 3408 1
2464 663 1
2464 4234 1
2464 156 1
2464 1603 1
2464 2391 1
2464 1702 1
2464 757 1
2464 4039 1
2464 4340 1
2464 1228 1
2464 5178 1
2464 2016 1
2464 3384 1
2464 1343 1
2464 178 1
2464 3389 1
2464 3086 1
2464 963 1
2464 2871 1
2464 1745 1
2464 1340 1
2464 3302 1
2464 1053 1
2464 4911 1
1610 900 1
1610 709 1
1610 5328 1
1610 1969 1
1610 188 1
1610 259 1
1610 166 1
1610 1523 1
1617 632 1
1617 1188 1
1617 170 1
1617 2465 1
1617 451 1
1617 5501 1
1617 712 1
1500 1354 1
1500 2339 1
1500 198 1
1500 264 1
1500 450 1
1076 1808 1
1076 2039 1
1076 785 1
1076 2940 1
1076 5382 1
1076 733 1
1076 5256 1
1076 962 1
119 3197 1
119 1922 1
119 2196 1
119 3317 1
119 568 1
119 409 1
119 4645 1
119 4208 1
119 567 1
119 5201 1
119 3048 1
119 431 1
119 1698 1
2565 447 1
2565 580 1
2565 4062 1
2565 3728 1
2565 4828 1
2565 604 1
2565 2758 1
2565 2310 1
1532 1227 1
1532 453 1
1532 81 1
1532 989 1
1532 1871 1
2317 1054 1
2317 4309 1
2317 1236 1
2317 1232 1
2317 3325 1
2317 1480 1
2317 2107 1
2317 1249 1
2317 3758 1
2317 1573 1
2317 867 1
2317 157 1
2317 4386 1
766 904 1
766 3225 1
766 2369 1
766 1328 1
766 1123 1
766 456 1
497 142 1
497 2437 1
497 1559 1
497 2627 1
497 1277 1
497 1864 1
497 4367 1
497 2089 1
497 916 1
497 955 1
497 1863 1
497 583 1
497 1100 1
497 5171 1
497 1069 1
497 447 1
497 5170 1
497 1177 1
497 580 1
497 2469 1
497 1904 1
497 298 1
497 2364 1
497 1123 1
497 1000 1
497 1583 1
387 2222 1
387 272 1
387 2161 1
387 1539 1
387 2191 1
824 367 1
824 923 1
824 30 1
824 679 1
824 5338 1
824 2821 1
824 1616 1
824 1034 1
824 284 1
824 1219 1
824 3526 1
824 968 1
824 4866 1
824 245 1
824 2112 1
824 1764 1
824 332 1
824 2230 1
824 3128 1
824 2790 1
824 3538 1
824 3472 1
1567 3769 1
1567 3799 1
1567 3153 1
1567 3612 1
1567 2374 1
6 23 1
6 53 1
6 2499 1
6 2749 1
6 4360 1
256 159 1
256 1624 1
256 1049 1
256 4132 1
256 4334 1
256 5369 1
256 1052 1
256 4262 1
256 61 1
256 418 1
820 3102 1
820 679 1
820 2582 1
820 781 1
820 2584 1
820 1170 1
820 1017 1
820 2583 1
820 1948 1
820 707 1
820 903 1
820 1095 1
820 3450 1
820 324 1
820 298 1
820 3025 1
820 3046 1
820 1309 1
820 418 1
1763 1814 1
1763 237 1
1763 4089 1
1763 166 1
1763 2152 1
745 879 1
745 3879 1
745 915 1
745 635 1
745 4939 1
745 23 1
745 266 1
745 2429 1
745 4070 1
745 2426 1
745 1459 1
745 2102 1
745 1867 1
745 55 1
745 188 1
745 1638 1
745 360 1
745 34 1
1849 4852 1
1849 3742 1
1849 5415 1
1849 4118 1
1849 2766 1
1849 3218 1
1849 1401 1
1849 1617 1
1849 5765 1
1849 848 1
1849 783 1
1849 2 1
1849 2238 1
1849 4597 1
1849 1612 1
1849 1203 1
1849 2751 1
1849 1202 1
1849 1358 1
1849 4177 1
1849 3357 1
1849 4176 1
1014 4537 1
1014 5136 1
1014 2972 1
1014 2973 1
1014 3816 1
1014 3919 1
240 537 1
240 2027 1
240 974 1
240 988 1
240 989 1
1777 1593 1
1777 185 1
1777 4411 1
1777 3493 1
1777 2201 1
2264 294 1
2264 5535 1
2264 3751 1
2264 1025 1
2264 269 1
2264 1695 1
2264 270 1
2264 479 1
2264 788 1
2264 5493 1
2264 695 1
1196 1836 1
1196 2579 1
1196 24 1
1196 966 1
1196 765 1
1196 3330 1
1196 2183 1
1196 1223 1
1196 506 1
1196 3105 1
1196 76 1
1196 1336 1
1196 831 1
1196 1313 1
1196 1003 1
1196 624 1
1196 1996 1
1196 1221 1
1196 867 1
1196 1181 1
1196 1583 1
1196 1570 1
2288 1566 1
2288 1365 1
2288 1708 1
2288 918 1
2288 1418 1
2288 1224 1
2288 1039 1
2288 4866 1
2288 1868 1
2288 2216 1
2288 1049 1
2288 2923 1
2288 3886 1
2288 3109 1
2288 2615 1
2288 1053 1
2391 1739 1
2391 3982 1
2391 368 1
2391 1898 1
2391 469 1
2391 4021 1
2391 989 1
2391 1455 1
1455 478 1
1455 2597 1
1455 16 1
1455 1756 1
1455 1507 1
1455 4486 1
1179 1258 1
1179 221 1
1179 2843 1
1179 5150 1
1179 679 1
1179 4857 1
1179 284 1
1179 2301 1
1179 1935 1
1179 2878 1
1179 1856 1
1179 327 1
1179 3044 1
1179 2362 1
1179 2329 1
1179 363 1
1179 5806 1
1179 2897 1
1179 828 1
1179 3811 1
1179 742 1
1179 1053 1
1179 1651 1
730 878 1
730 3760 1
730 892 1
730 1708 1
730 4811 1
730 4294 1
730 1940 1
730 3962 1
730 310 1
730 496 1
730 2223 1
730 418 1
925 5317 1
925 3167 1
925 567 1
925 5379 1
925 3272 1
925 4514 1
1546 1055 1
1546 1643 1
1546 1390 1
1546 240 1
1546 1783 1
2032 5730 1
2032 416 1
2032 403 1
2032 2710 1
2032 920 1
2032 5650 1
2032 4345 1
2032 4772 1
2032 3907 1
2032 704 1
2032 3396 1
2032 3939 1
2032 3432 1
2032 2850 1
2028 2227 1
2028 4343 1
2028 2250 1
2028 2289 1
2028 284 1
2028 5032 1
2028 175 1
1702 1783 1
1702 3914 1
1702 4514 1
1702 1053 1
1702 578 1
869 419 1
869 5133 1
869 2701 1
869 3471 1
869 1154 1
869 506 1
869 178 1
869 580 1
869 368 1
869 157 1
869 4514 1
723 3769 1
723 4969 1
723 4421 1
723 4791 1
723 2378 1
723 4334 1
723 2759 1
723 2374 1
723 2376 1
723 1248 1
580 2884 1
580 453 1
580 1194 1
580 85 1
580 966 1
580 2082 1
1105 999 1
1105 3716 1
1105 3182 1
1105 976 1
1105 785 1
1105 1126 1
1105 4125 1
1105 4386 1
1105 5410 1
384 3454 1
384 976 1
384 3338 1
384 2421 1
384 1533 1
384 276 1
384 757 1
384 3911 1
384 199 1
384 434 1
384 3435 1
384 2730 1
384 486 1
384 2717 1
2722 928 1
2722 5671 1
2722 218 1
2722 4865 1
2722 3597 1
2722 799 1
2722 2425 1
2722 4622 1
2722 1987 1
2722 425 1
2722 4884 1
2722 190 1
2722 448 1
2722 3399 1
2722 289 1
2722 2380 1
2722 822 1
2722 184 1
2722 580 1
2722 3312 1
2722 5175 1
2722 4433 1
2722 1724 1
2736 1582 1
2736 3141 1
2736 1879 1
2736 2737 1
2736 774 1
2736 989 1
1141 1521 1
1141 5790 1
1141 3045 1
1141 2687 1
1141 3249 1
1141 291 1
1141 2696 1
1141 648 1
1141 1583 1
1141 2586 1
2146 2672 1
2146 1642 1
2146 625 1
2146 4445 1
2146 968 1
2146 5346 1
2794 4932 1
2794 3054 1
2794 2655 1
2794 3447 1
2794 789 1
2794 309 1
2794 3299 1
2794 5891 1
2794 1896 1
1213 17 1
1213 419 1
1213 111 1
1213 372 1
1213 915 1
1213 2062 1
1213 535 1
1213 284 1
1213 2685 1
1213 4003 1
1213 1428 1
1213 3387 1
1213 704 1
1213 819 1
1213 1338 1
1213 5758 1
1213 5103 1
1213 1975 1
1213 34 1
14 54 1
14 781 1
14 55 1
14 1137 1
14 4700 1
14 3104 1
367 3871 1
367 2706 1
367 465 1
367 1488 1
367 1917 1
367 2063 1
367 2068 1
367 64 1
367 196 1
367 1701 1
367 2351 1
367 55 1
367 1489 1
367 4963 1
367 157 1
367 5167 1
2329 2222 1
2329 2192 1
2329 4495 1
2329 4599 1
2329 5585 1
2329 188 1
2329 2883 1
2329 1608 1
2329 175 1
2329 2720 1
2437 1066 1
2437 3889 1
2437 166 1
2437 904 1
2437 528 1
2380 3365 1
2380 2053 1
2380 5567 1
2380 4316 1
2380 2332 1
2380 3125 1
2485 2521 1
2485 4709 1
2485 3440 1
2485 2506 1
2485 453 1
2485 835 1
2485 4710 1
2485 4989 1
2485 2856 1
2485 2304 1
458 203 1
458 1646 1
458 5573 1
458 5300 1
458 3946 1
458 2501 1
458 867 1
458 3782 1
458 989 1
458 4936 1
1316 817 1
1316 112 1
1316 2193 1
1316 4867 1
1316 3215 1
1316 3652 1
2302 396 1
2302 4696 1
2302 1028 1
2302 867 1
2302 5283 1
2574 5695 1
2574 4633 1
2574 586 1
2574 1190 1
2574 1167 1
2053 3973 1
2053 1744 1
2053 663 1
2053 156 1
2053 1219 1
2053 250 1
2053 545 1
2053 2856 1
2053 2372 1
2053 3409 1
2053 4765 1
2053 2408 1
1069 3096 1
1069 663 1
1069 1361 1
1069 764 1
1069 701 1
944 2699 1
944 2222 1
944 2821 1
944 2597 1
944 1638 1
944 1896 1
944 290 1
1547 2712 1
1547 447 1
1547 3826 1
1547 313 1
1547 1183 1
1547 1031 1
1547 316 1
1931 528 1
1931 2225 1
1931 323 1
1931 2301 1
1931 1427 1
1070 2235 1
1070 3282 1
1070 3097 1
1070 5838 1
1070 5487 1
1644 1626 1
1644 2655 1
1644 1442 1
1644 2265 1
1644 1092 1
1644 1826 1
1644 848 1
1644 390 1
1644 29 1
1644 34 1
2608 1253 1
2608 1968 1
2608 1140 1
2608 5779 1
2608 3705 1
2608 702 1
2608 190 1
2608 373 1
2608 4257 1
2608 2349 1
2608 1254 1
864 1682 1
864 1369 1
864 4700 1
864 2339 1
864 3942 1
864 3229 1
674 420 1
674 843 1
674 878 1
674 3472 1
674 202 1
2382 4503 1
2382 2903 1
2382 3818 1
2382 4435 1
2382 1359 1
1660 269 1
1660 1811 1
1660 1942 1
1660 3981 1
1660 932 1
1660 1598 1
1660 2000 1
1660 2967 1
1660 4746 1
1660 5041 1
1660 2760 1
1660 3458 1
1660 1854 1
1660 1653 1
1660 448 1
1660 1581 1
1660 312 1
1660 5688 1
1660 2231 1
1042 43 1
1042 3054 1
1042 5079 1
1042 387 1
1042 1571 1
1827 163 1
1827 663 1
1827 5642 1
1827 945 1
1827 963 1
1827 4022 1
1827 3599 1
1827 5882 1
1827 289 1
1827 1078 1
1827 5422 1
1827 4151 1
2567 196 1
2567 907 1
2567 5 1
2567 48 1
2567 2417 1
2567 284 1
2082 677 1
2082 2572 1
2082 99 1
2082 166 1
2082 3043 1
1754 644 1
1754 2132 1
1754 5463 1
1754 390 1
1754 2178 1
2172 1712 1
2172 3703 1
2172 156 1
2172 2930 1
2172 1885 1
2172 4371 1
2172 1392 1
2036 1952 1
2036 2092 1
2036 4371 1
2036 3876 1
2036 848 1
2036 1026 1
2036 1833 1
2036 313 1
2036 199 1
2036 1689 1
2036 4420 1
2036 938 1
775 1061 1
775 4892 1
775 2051 1
775 3208 1
775 5539 1
2175 5876 1
2175 5659 1
2175 1822 1
2175 341 1
2175 5688 1
2175 2394 1
2175 257 1
2175 5804 1
2175 5526 1
2175 543 1
2175 4857 1
2175 4502 1
2175 3982 1
2175 773 1
2175 3280 1
2175 1559 1
2175 271 1
2175 1984 1
2175 5054 1
2175 903 1
2175 417 1
2175 2461 1
2175 184 1
2175 447 1
2175 1166 1
2175 4023 1
2175 5546 1
2175 1873 1
2175 5637 1
2175 5218 1
2175 1309 1
429 2216 1
429 4309 1
429 1760 1
429 3102 1
429 2053 1
429 240 1
429 4469 1
429 1288 1
429 5039 1
429 34 1
2058 3231 1
2058 889 1
2058 4817 1
2058 3487 1
2058 4879 1
2058 5881 1
2058 4372 1
2058 2508 1
2058 3630 1
2058 2725 1
2058 5457 1
2058 1980 1
2058 1891 1
2058 1693 1
158 1310 1
158 341 1
158 5252 1
158 3224 1
158 1042 1
158 2809 1
158 1188 1
158 203 1
158 3136 1
158 5253 1
158 23 1
158 1948 1
158 707 1
158 3413 1
158 1533 1
158 4769 1
158 1922 1
158 660 1
158 2815 1
158 702 1
158 704 1
158 1095 1
158 506 1
158 417 1
158 3421 1
158 1203 1
158 310 1
158 703 1
158 708 1
158 240 1
158 418 1
812 2571 1
812 5 1
812 4049 1
812 55 1
812 4977 1
812 2706 1
812 2653 1
812 5440 1
2615 1188 1
2615 2627 1
2615 2196 1
2615 1446 1
2615 1344 1
2615 4769 1
2615 1069 1
2615 624 1
2615 4266 1
2615 60 1
2615 431 1
2263 275 1
2263 1686 1
2263 3879 1
2263 31 1
2263 5208 1
2263 3487 1
2263 4562 1
2263 2575 1
2263 968 1
2263 271 1
2263 3840 1
2263 5592 1
2263 4608 1
2263 506 1
2263 1100 1
2263 3091 1
2263 3640 1
2263 703 1
2263 4817 1
2263 4668 1
2263 867 1
2263 1638 1
2263 157 1
2263 3600 1
2791 2185 1
2791 4724 1
2791 3367 1
2791 3859 1
2791 269 1
2791 2079 1
2791 584 1
2791 271 1
2791 2178 1
2791 3617 1
2791 568 1
2791 3824 1
1998 866 1
1998 4638 1
1998 3674 1
1998 385 1
1998 5005 1
1998 4155 1
1998 292 1
1998 5297 1
1998 584 1
1998 271 1
1998 788 1
1998 699 1
1998 5140 1
1998 634 1
1998 1996 1
1998 2354 1
1998 1556 1
1998 5352 1
1968 1476 1
1968 1163 1
1968 382 1
1968 4165 1
1968 1804 1
1968 4284 1
1968 1478 1
1968 5274 1
1968 1800 1
1968 1455 1
1855 1188 1
1855 2244 1
1855 5175 1
1855 646 1
1855 40 1
1855 706 1
886 4732 1
886 4134 1
886 2462 1
886 385 1
886 2640 1
886 1991 1
886 1896 1
886 641 1
886 5734 1
886 1437 1
886 2664 1
649 5695 1
649 4242 1
649 5035 1
649 656 1
649 2822 1
357 164 1
357 398 1
357 4362 1
357 515 1
357 1606 1
357 1437 1
469 1772 1
469 552 1
469 1580 1
469 1770 1
469 1554 1
469 778 1
469 281 1
469 1771 1
469 5418 1
469 1382 1
469 5167 1
403 991 1
403 978 1
403 313 1
403 2500 1
403 5349 1
403 1367 1
403 1594 1
403 5372 1
403 271 1
403 4320 1
643 2728 1
643 3756 1
643 2212 1
643 80 1
643 2058 1
643 3837 1
643 3573 1
643 2112 1
643 1448 1
643 3132 1
643 3046 1
643 2210 1
1563 4131 1
1563 3849 1
1563 1140 1
1563 4891 1
1563 2326 1
1563 3285 1
1563 295 1
1563 2092 1
1563 3862 1
1563 3853 1
1563 2365 1
1563 3854 1
1563 5143 1
1563 3850 1
1563 5809 1
1563 5532 1
1563 451 1
1563 1478 1
1563 5501 1
1563 2293 1
1563 4160 1
1563 4183 1
1563 122 1
1563 4203 1
1563 2085 1
1563 5616 1
1563 1596 1
1563 2534 1
1563 1512 1
1563 674 1
2088 1069 1
2088 5316 1
2088 2608 1
2088 2794 1
2088 291 1
955 2852 1
955 1483 1
955 2191 1
955 1538 1
955 1193 1
955 2580 1
955 2849 1
955 5683 1
955 703 1
955 1771 1
955 2350 1
955 413 1
955 2850 1
371 1496 1
371 1497 1
371 4049 1
371 1297 1
371 5507 1
371 93 1
1286 155 1
1286 1438 1
1286 469 1
1286 3495 1
1286 3284 1
1286 531 1
1286 1706 1
1286 269 1
1286 2414 1
1286 3999 1
1286 2955 1
1286 80 1
1286 5809 1
1286 885 1
1286 651 1
1286 710 1
1286 5797 1
1286 5376 1
1286 4884 1
1286 1595 1
1286 1190 1
1286 245 1
1286 5785 1
1286 5447 1
1286 122 1
1286 5867 1
1286 3373 1
1286 312 1
1286 3432 1
1286 4761 1
1286 3179 1
1286 3493 1
1286 4203 1
1286 4394 1
1286 188 1
1286 1000 1
1790 2606 1
1790 3583 1
1790 3210 1
1790 3772 1
1790 1408 1
1770 2820 1
1770 3883 1
1770 4385 1
1770 1098 1
1770 625 1
1770 2630 1
1770 93 1
1770 968 1
899 928 1
899 147 1
899 1298 1
899 2737 1
899 2997 1
899 2630 1
899 328 1
899 2747 1
899 5568 1
899 3399 1
899 310 1
899 5165 1
899 1945 1
899 4398 1
899 5290 1
899 2748 1
899 866 1
1594 1477 1
1594 5456 1
1594 3895 1
1594 2764 1
1594 4069 1
1594 5667 1
1594 422 1
1594 4098 1
956 2852 1
956 2853 1
956 1873 1
956 451 1
956 2854 1
2059 1770 1
2059 2146 1
2059 3721 1
2059 5536 1
2059 403 1
2059 4374 1
2059 3364 1
2059 2379 1
2059 3726 1
2059 4375 1
2059 3121 1
2059 3643 1
2059 4287 1
2059 2923 1
2059 2469 1
2059 55 1
1651 1203 1
1651 4120 1
1651 1183 1
1651 530 1
1651 164 1
1651 2979 1
1651 1606 1
1651 1976 1
234 1522 1
234 971 1
234 453 1
234 1899 1
234 1481 1
234 970 1
234 5330 1
234 968 1
1074 381 1
1074 291 1
1074 839 1
1074 2980 1
1074 3105 1
1074 76 1
1074 3891 1
1074 4280 1
1074 703 1
1074 1604 1
1074 1003 1
1074 1520 1
1074 3639 1
1074 867 1
1074 2664 1
1074 3106 1
1267 2379 1
1267 2158 1
1267 528 1
1267 1614 1
1267 4931 1
1267 1248 1
1432 989 1
1432 879 1
1432 3316 1
1432 1952 1
1432 3879 1
1432 1814 1
1432 4247 1
1432 1533 1
1432 386 1
1432 4393 1
1432 4160 1
1432 4875 1
1432 1330 1
1432 196 1
1432 1317 1
1432 2928 1
1432 2880 1
1307 3857 1
1307 4494 1
1307 3343 1
1307 2050 1
1307 4539 1
1307 3518 1
1307 1344 1
1307 1735 1
1307 2426 1
1307 3361 1
1307 716 1
1307 890 1
1307 1325 1
1307 2372 1
1307 3819 1
1307 2478 1
1307 5329 1
2196 4776 1
2196 2394 1
2196 5761 1
2196 4499 1
2196 3094 1
2196 3341 1
2196 4120 1
2196 280 1
2196 1692 1
2196 4498 1
2196 2301 1
2196 712 1
2196 2068 1
2196 3015 1
2196 3268 1
2196 1873 1
2196 453 1
2196 5763 1
1147 50 1
1147 1528 1
1147 1572 1
1147 240 1
1147 2039 1
1147 808 1
1147 178 1
1147 989 1
1147 136 1
1129 795 1
1129 1814 1
1129 469 1
1129 928 1
1129 346 1
1129 1 1
1129 1836 1
1129 1174 1
1129 2957 1
1129 543 1
1129 3218 1
1129 1626 1
1129 2833 1
1129 142 1
1129 2565 1
1129 848 1
1129 791 1
1129 28 1
1129 2266 1
1129 1608 1
1129 2356 1
1129 245 1
1129 4487 1
1129 4730 1
1129 2973 1
1129 1983 1
1129 178 1
1129 2713 1
1129 580 1
1129 3408 1
1129 316 1
1129 739 1
1129 1053 1
1129 1128 1
1129 3208 1
1129 34 1
260 1440 1
260 1068 1
260 787 1
260 804 1
260 2399 1
260 1073 1
260 3701 1
260 5373 1
260 4137 1
260 4756 1
260 1269 1
260 2880 1
260 1786 1
260 1069 1
260 952 1
260 1074 1
260 3826 1
260 1070 1
260 1932 1
260 60 1
260 867 1
260 1071 1
260 418 1
396 528 1
396 2314 1
396 1253 1
396 3016 1
396 3842 1
1125 5 1
1125 463 1
1125 650 1
1125 1085 1
1125 861 1
1125 3144 1
1125 111 1
339 2840 1
339 189 1
339 825 1
339 4228 1
339 1483 1
339 1445 1
339 1372 1
339 1373 1
339 8 1
339 783 1
690 3236 1
690 3425 1
690 1477 1
690 4695 1
690 1990 1
690 1043 1
1908 4877 1
1908 1422 1
1908 668 1
1908 3270 1
1908 2857 1
1908 20 1
1908 2805 1
1908 5882 1
1908 941 1
1908 1976 1
1908 3051 1
1908 4238 1
1908 2001 1
2707 338 1
2707 452 1
2707 5291 1
2707 1518 1
2707 3383 1
2707 1162 1
2707 753 1
2090 641 1
2090 2403 1
2090 371 1
2090 4089 1
2090 3403 1
2090 1034 1
2090 579 1
2090 5064 1
2090 297 1
2090 702 1
2090 5621 1
2090 2375 1
2090 5452 1
2090 566 1
2090 1611 1
2090 5807 1
2090 1123 1
2090 1254 1
2090 232 1
2090 4399 1
2090 3874 1
1005 2587 1
1005 341 1
1005 1665 1
1005 5151 1
1005 4542 1
1005 5820 1
1005 2878 1
1005 2872 1
1005 677 1
1005 368 1
1005 60 1
1005 870 1
1005 34 1
254 2600 1
254 2274 1
254 5364 1
254 1043 1
254 5272 1
254 36 1
254 924 1
254 3584 1
254 1044 1
254 5365 1
254 545 1
254 3885 1
2154 3318 1
2154 1639 1
2154 4179 1
2154 3661 1
2154 2136 1
2154 5591 1
2154 4465 1
2154 5084 1
2154 2811 1
2154 4342 1
2154 4846 1
2154 1148 1
2154 989 1
2154 513 1
2154 2066 1
2154 1572 1
2154 2374 1
2154 3194 1
2154 3037 1
2154 563 1
2154 5657 1
2154 875 1
2154 3409 1
2154 1808 1
2154 4020 1
2154 1255 1
2154 3167 1
2154 4818 1
2154 1742 1
2154 3344 1
2154 2700 1
2154 1779 1
2154 4863 1
2154 1028 1
2154 4462 1
2154 4899 1
2154 5743 1
2154 3219 1
2154 152 1
2154 31 1
2154 889 1
2154 18 1
2154 2813 1
2154 2494 1
2154 4644 1
2154 977 1
2154 1053 1
25 4831 1
25 3952 1
25 2161 1
25 102 1
25 4989 1
25 104 1
66 269 1
66 4114 1
66 270 1
66 5062 1
66 3092 1
66 315 1
66 318 1
66 3399 1
66 122 1
66 1100 1
66 184 1
66 447 1
66 178 1
66 3952 1
66 316 1
66 5094 1
285 1151 1
285 5412 1
285 1175 1
285 2920 1
285 2191 1
285 98 1
763 1729 1
763 3294 1
763 1424 1
763 650 1
763 431 1
1772 2222 1
1772 3973 1
1772 2679 1
1772 1393 1
1772 1813 1
1772 189 1
1772 5864 1
1205 136 1
1205 3054 1
1205 3909 1
1205 2705 1
1205 3368 1
562 3316 1
562 158 1
562 5408 1
562 2860 1
562 5645 1
562 4370 1
562 5646 1
562 645 1
562 5648 1
562 49 1
562 1091 1
562 966 1
562 765 1
562 3105 1
562 399 1
562 832 1
562 553 1
562 5435 1
562 3006 1
562 3051 1
562 1223 1
562 839 1
562 4257 1
562 4662 1
562 5549 1
562 3007 1
562 1458 1
562 5145 1
562 1220 1
562 2027 1
562 722 1
562 2032 1
562 2700 1
562 593 1
562 1084 1
562 5021 1
562 1455 1
562 4514 1
2702 2640 1
2702 1175 1
2702 4362 1
2702 5169 1
2702 3581 1
2702 1786 1
2702 4269 1
2702 1471 1
2702 4761 1
2702 2534 1
2702 336 1
404 5113 1
404 2702 1
404 5530 1
404 2358 1
404 1591 1
404 92 1
404 4335 1
404 1154 1
276 5294 1
276 3511 1
276 3249 1
276 232 1
276 162 1
1268 3467 1
1268 2222 1
1268 5 1
1268 5244 1
1268 4113 1
1268 380 1
1211 4635 1
1211 4647 1
1211 1176 1
1211 1183 1
1211 889 1
1211 1687 1
1211 2186 1
1211 1329 1
1211 451 1
1211 3855 1
1211 2050 1
1211 4473 1
1211 2081 1
1211 2252 1
1211 3379 1
1211 3382 1
1211 3384 1
1211 178 1
1211 452 1
1211 2923 1
1211 2350 1
1211 1289 1
1211 3383 1
1211 1105 1
1211 2620 1
1211 5608 1
1211 3161 1
1850 1043 1
1850 1439 1
1850 1298 1
1850 2809 1
1850 5 1
1850 2711 1
1850 1546 1
1850 765 1
1850 3330 1
1850 830 1
1850 839 1
1850 2170 1
1850 1605 1
1850 3891 1
1850 2870 1
1850 4280 1
1850 1604 1
1850 3022 1
1850 1233 1
1850 2885 1
1850 3814 1
1850 1698 1
152 2140 1
152 2884 1
152 1253 1
152 3260 1
152 981 1
152 709 1
2482 3433 1
2482 4374 1
2482 24 1
2482 2793 1
2482 976 1
2482 4675 1
2482 2173 1
2482 1598 1
2482 4469 1
2482 5426 1
2482 4761 1
2482 5347 1
2482 2534 1
2482 2333 1
1795 749 1
1795 5883 1
1795 1957 1
1795 3452 1
1795 463 1
221 1867 1
221 1118 1
221 528 1
221 5315 1
221 5314 1
221 4431 1
221 4770 1
1729 490 1
1729 2598 1
1729 2786 1
1729 288 1
1729 4058 1
1729 257 1
1729 2456 1
1729 1816 1
1729 848 1
1729 23 1
1729 1969 1
1729 1428 1
1729 184 1
1729 37 1
1729 325 1
1729 2659 1
1729 1254 1
1729 3247 1
901 1532 1
901 17 1
901 1285 1
901 1606 1
901 2754 1
884 3787 1
884 837 1
884 2544 1
884 234 1
884 5521 1
884 1574 1
884 2984 1
884 2466 1
2097 878 1
2097 3269 1
2097 4407 1
2097 1642 1
2097 4156 1
2097 2211 1
943 5711 1
943 1354 1
943 4892 1
943 2819 1
943 2786 1
943 1219 1
943 2895 1
943 2818 1
2490 4475 1
2490 31 1
2490 5646 1
2490 1285 1
2490 3100 1
2490 2630 1
2490 3453 1
2490 968 1
2490 809 1
2490 3092 1
2490 1018 1
2490 204 1
2490 2372 1
2490 1975 1
2490 5772 1
2490 1638 1
2490 2024 1
2490 2095 1
2792 4696 1
2792 2457 1
2792 644 1
2792 5783 1
2792 60 1
2792 4898 1
2792 418 1
2185 2600 1
2185 1908 1
2185 461 1
2185 147 1
2185 3982 1
2185 2120 1
2185 3092 1
2185 1726 1
2185 320 1
2185 2585 1
2185 4173 1
2185 298 1
1973 991 1
1973 4353 1
1973 3275 1
1973 4292 1
1973 2608 1
1973 1047 1
1973 650 1
1973 867 1
1973 1095 1
2085 1102 1
2085 463 1
2085 4142 1
2085 465 1
2085 188 1
2085 166 1
2085 2717 1
2085 2191 1
2085 3566 1
1029 866 1
1029 800 1
1029 1882 1
1029 1814 1
1029 274 1
1029 23 1
1029 4746 1
1029 5832 1
1029 770 1
1029 5034 1
1029 4433 1
1029 3644 1
2178 159 1
2178 782 1
2178 2565 1
2178 1219 1
2178 456 1
2178 783 1
2178 2426 1
2178 447 1
2178 1049 1
2178 196 1
2178 426 1
2178 2531 1
2178 739 1
2178 1128 1
1195 2776 1
1195 665 1
1195 668 1
1195 454 1
1195 2031 1
2020 520 1
2020 2958 1
2020 5450 1
2020 892 1
2020 1414 1
2020 2440 1
2372 4389 1
2372 528 1
2372 3685 1
2372 2531 1
2372 1053 1
1517 1477 1
1517 1975 1
1517 284 1
1517 2763 1
1517 3772 1
1517 5211 1
1517 4486 1
1517 4413 1
1517 3931 1
1517 5551 1
1888 56 1
1888 484 1
1888 907 1
1888 1455 1
1888 1666 1
798 3820 1
798 1169 1
798 1811 1
798 2543 1
798 5662 1
798 2963 1
798 4760 1
798 1038 1
798 1546 1
798 3069 1
798 4509 1
798 5056 1
798 1735 1
798 929 1
798 3613 1
798 1518 1
798 1087 1
798 552 1
798 4889 1
798 452 1
798 2539 1
798 2544 1
798 4266 1
798 3388 1
798 1053 1
798 1896 1
1289 680 1
1289 4361 1
1289 5545 1
1289 3500 1
1289 4493 1
1289 4140 1
1289 1554 1
1289 2455 1
1289 2886 1
1289 1410 1
1289 4905 1
1289 4196 1
1289 954 1
1289 3501 1
1289 3696 1
1398 1209 1
1398 939 1
1398 4238 1
1398 688 1
1398 3285 1
1398 4547 1
1398 166 1
1398 5839 1
1398 3456 1
1009 3606 1
1009 2394 1
1009 2963 1
1009 2966 1
1009 269 1
1009 1304 1
1009 2962 1
1009 2507 1
1009 5822 1
1009 389 1
1009 663 1
1009 10 1
1009 2964 1
1009 2110 1
1009 1397 1
1009 2728 1
1009 1718 1
1009 4653 1
1009 5560 1
1009 1192 1
1009 2201 1
1009 3758 1
1009 5436 1
661 3352 1
661 977 1
661 2062 1
661 2256 1
661 4550 1
661 3860 1
661 2107 1
661 1223 1
661 3620 1
661 1720 1
661 409 1
661 1387 1
661 2257 1
661 4323 1
2301 1200 1
2301 1130 1
2301 4339 1
2301 795 1
2301 286 1
2301 3242 1
2301 671 1
2301 5072 1
2301 1674 1
2301 5192 1
2301 1551 1
2301 447 1
2301 4658 1
2301 1049 1
2301 5038 1
2301 3626 1
2301 3775 1
2301 1523 1
993 2923 1
993 1518 1
993 1317 1
993 1131 1
993 298 1
993 774 1
993 2280 1
2201 4473 1
2201 356 1
2201 4912 1
2201 4279 1
2201 5228 1
2201 5180 1
2201 5211 1
2201 2674 1
2201 648 1
2201 463 1
1343 1836 1
1343 5782 1
1343 786 1
1343 5778 1
1343 3604 1
1343 5819 1
1343 3046 1
1343 184 1
1343 1259 1
1343 3568 1
1343 828 1
1343 69 1
1343 1638 1
611 2062 1
611 3397 1
611 848 1
611 1422 1
611 3217 1
611 221 1
1006 3434 1
1006 2300 1
1006 1190 1
1006 271 1
1006 2956 1
747 178 1
747 366 1
747 3301 1
747 1360 1
747 2156 1
747 3016 1
747 3718 1
747 40 1
747 3742 1
1591 498 1
1591 5465 1
1591 3588 1
1591 878 1
1591 166 1
1591 137 1
1591 469 1
1591 152 1
1591 420 1
1591 5134 1
1591 258 1
1591 868 1
1591 1395 1
1493 2394 1
1493 4118 1
1493 1188 1
1493 3471 1
1493 2 1
1493 2119 1
1493 3962 1
1493 3489 1
1493 3763 1
1493 3634 1
1493 5537 1
1493 1873 1
1493 3427 1
1493 1126 1
1493 1000 1
1873 3585 1
1873 3862 1
1873 781 1
1873 4376 1
1873 1401 1
1873 5835 1
1873 3982 1
1873 5509 1
1873 1201 1
1873 5610 1
1873 5885 1
1873 456 1
1873 2946 1
1873 1653 1
1873 3392 1
1873 1786 1
1873 417 1
1873 4346 1
1873 580 1
1873 4203 1
1873 1693 1
1873 4200 1
1873 5282 1
1616 3918 1
1616 2788 1
1616 2158 1
1616 3260 1
1616 828 1
1616 2563 1
1616 5074 1
1616 2173 1
182 739 1
182 797 1
182 789 1
182 1248 1
182 615 1
182 794 1
182 1101 1
182 284 1
182 1539 1
182 134 1
182 136 1
182 2004 1
182 1024 1
182 4026 1
182 4846 1
182 1148 1
182 806 1
182 27 1
182 788 1
182 5270 1
182 5138 1
182 4503 1
182 1219 1
182 681 1
182 1095 1
182 1049 1
182 363 1
182 867 1
182 3432 1
182 1311 1
182 948 1
182 4448 1
182 1260 1
182 202 1
182 1487 1
182 1377 1
182 2365 1
182 749 1
182 1540 1
182 1253 1
182 1968 1
182 785 1
182 803 1
182 422 1
182 738 1
182 777 1
182 2203 1
182 798 1
182 800 1
182 641 1
182 790 1
182 2701 1
182 23 1
182 2578 1
182 968 1
182 20 1
182 3899 1
182 801 1
182 818 1
182 3637 1
182 5091 1
182 488 1
182 2210 1
1391 1828 1
1391 1829 1
1391 3639 1
1391 3370 1
1391 486 1
1391 2511 1
2463 3723 1
2463 590 1
2463 110 1
2463 3581 1
2463 4147 1
1116 3607 1
1116 1738 1
1116 1038 1
1116 5254 1
1116 1053 1
1116 3848 1
427 4557 1
427 2254 1
427 1648 1
427 554 1
427 1649 1
427 2813 1
427 2095 1
878 4653 1
878 2968 1
878 5055 1
878 270 1
878 1477 1
878 3453 1
599 372 1
599 469 1
599 928 1
599 679 1
599 2041 1
599 142 1
599 848 1
599 284 1
599 419 1
599 702 1
599 1658 1
599 204 1
599 4915 1
599 634 1
599 907 1
599 99 1
599 34 1
599 1128 1
599 175 1
599 528 1
2595 965 1
2595 1232 1
2595 2572 1
2595 3631 1
2595 1059 1
2595 3878 1
2595 3485 1
2595 1455 1
2595 544 1
530 1128 1
530 793 1
530 580 1
530 16 1
530 1685 1
530 733 1
530 531 1
530 660 1
1229 2433 1
1229 3405 1
1229 3347 1
1229 2198 1
1229 2555 1
1229 1017 1
1229 2724 1
1229 3403 1
1229 4063 1
1229 522 1
1229 2460 1
1229 3011 1
1229 4093 1
1229 4936 1
1229 4649 1
1229 825 1
1229 979 1
1229 4513 1
1229 3404 1
1229 959 1
1229 2226 1
1229 5529 1
1229 3745 1
1229 3819 1
1229 1445 1
1229 1904 1
1229 4172 1
1229 1105 1
1229 3900 1
1229 1891 1
1229 5222 1
1229 232 1
377 2479 1
377 1687 1
377 4170 1
377 4561 1
377 1507 1
377 1327 1
377 1506 1
2314 580 1
2314 2833 1
2314 3562 1
2314 625 1
2314 1446 1
2314 431 1
653 633 1
653 1548 1
653 4412 1
653 553 1
653 1967 1
2689 423 1
2689 24 1
2689 1227 1
2689 1925 1
2689 3016 1
2689 4777 1
2689 320 1
2689 289 1
2689 4269 1
2689 1689 1
2689 324 1
2689 2615 1
2689 5546 1
2689 1437 1
2689 2479 1
2198 1494 1
2198 974 1
2198 572 1
2198 1181 1
2198 1391 1
2462 2701 1
2462 787 1
2462 2957 1
2462 843 1
2462 80 1
2462 2173 1
2462 968 1
2462 1551 1
2462 4994 1
2462 320 1
2462 5242 1
2462 2329 1
2462 580 1
2462 183 1
2462 3281 1
2462 188 1
2462 3686 1
2462 1000 1
1924 280 1
1924 4315 1
1924 3822 1
1924 4038 1
1924 5158 1
2245 3314 1
2245 4697 1
2245 1902 1
2245 101 1
2245 2812 1
2245 2932 1
2245 4507 1
2245 5733 1
2245 3585 1
2245 4238 1
2245 4550 1
2245 2107 1
2245 2293 1
2245 967 1
2245 844 1
2245 1720 1
2245 4548 1
2245 5815 1
2245 5829 1
1889 1642 1
1889 401 1
1889 3849 1
1889 146 1
1889 2314 1
1889 5650 1
1889 822 1
1889 1582 1
1889 5308 1
1889 5789 1
1889 4072 1
1681 920 1
1681 313 1
1681 4004 1
1681 1873 1
1681 4803 1
1681 4925 1
1681 1346 1
952 1043 1
952 5272 1
952 5023 1
952 389 1
952 2076 1
952 1736 1
952 5749 1
952 1018 1
952 5708 1
952 4474 1
952 2841 1
952 3374 1
952 227 1
952 4838 1
952 2845 1
952 175 1
2506 237 1
2506 447 1
2506 3129 1
2506 4223 1
2506 99 1
464 3600 1
464 1495 1
464 3121 1
464 1763 1
464 1762 1
464 2621 1
464 1186 1
1683 484 1
1683 235 1
1683 1486 1
1683 3974 1
1683 1902 1
1315 2598 1
1315 738 1
1315 137 1
1315 3102 1
1315 781 1
1315 2814 1
1315 773 1
1315 3526 1
1315 3528 1
1315 169 1
1315 3527 1
1315 901 1
736 1394 1
736 2692 1
736 2288 1
736 4486 1
736 744 1
736 143 1
2577 17 1
2577 4581 1
2577 2671 1
2577 3222 1
2577 2340 1
2577 4234 1
2577 3233 1
2577 1069 1
2577 2529 1
2577 1263 1
2577 938 1
2577 3997 1
2577 3631 1
1717 799 1
1717 2890 1
1717 390 1
1717 4221 1
1717 2927 1
832 1123 1
832 2610 1
832 4390 1
832 1128 1
832 4827 1
832 578 1
752 4434 1
752 1785 1
752 420 1
752 3150 1
752 3365 1
752 1085 1
1807 4303 1
1807 2026 1
1807 4136 1
1807 4135 1
1807 403 1
1807 3275 1
1807 5 1
1807 3701 1
1807 2977 1
1807 5427 1
1807 196 1
1807 2474 1
1807 4966 1
1130 235 1
1130 5678 1
1130 1713 1
1130 2172 1
1130 2081 1
1130 5192 1
1130 1282 1
1765 4152 1
1765 2847 1
1765 1422 1
1765 5710 1
1765 2300 1
1765 355 1
1765 627 1
1413 1049 1
1413 196 1
1413 4686 1
1413 709 1
1413 4746 1
1413 2449 1
1413 134 1
1413 5346 1
279 1599 1
279 5406 1
279 5 1
279 5296 1
279 1571 1
1412 1263 1
1412 617 1
1412 935 1
1412 3674 1
1412 1683 1
1412 1814 1
1412 4120 1
1412 1401 1
1412 785 1
1412 1483 1
1412 2993 1
1412 284 1
1412 783 1
1412 4729 1
1412 3390 1
1412 4288 1
1412 1243 1
1412 2728 1
1412 2756 1
1412 4398 1
1412 2981 1
1412 695 1
1412 4433 1
1412 1126 1
1412 360 1
1412 34 1
1301 2802 1
1301 4773 1
1301 1431 1
1301 60 1
1301 774 1
1301 4456 1
1301 1583 1
1301 2498 1
777 174 1
777 1253 1
777 419 1
777 2493 1
777 648 1
2499 493 1
2499 4722 1
2499 1253 1
2499 3434 1
2499 2705 1
2499 244 1
2499 785 1
2499 3217 1
2499 447 1
2499 580 1
2499 1701 1
2499 5687 1
2499 34 1
1300 3736 1
1300 2425 1
1300 36 1
1300 3543 1
1300 325 1
1300 1591 1
1300 5235 1
46 4515 1
46 1438 1
46 2679 1
46 423 1
46 828 1
46 152 1
46 5010 1
46 2041 1
46 1224 1
46 782 1
46 3295 1
46 138 1
46 5041 1
46 28 1
46 195 1
46 1405 1
46 3939 1
46 514 1
46 5049 1
46 187 1
46 190 1
46 245 1
46 192 1
46 3644 1
46 5043 1
46 5046 1
46 1928 1
46 5048 1
46 191 1
46 5042 1
46 3179 1
46 240 1
46 5047 1
46 5034 1
46 188 1
46 99 1
46 3536 1
17 1400 1
17 2013 1
17 397 1
17 75 1
17 2755 1
17 70 1
17 72 1
17 71 1
17 439 1
17 1221 1
17 4968 1
17 4770 1
1037 171 1
1037 2372 1
1037 107 1
1037 2085 1
1037 1103 1
2620 463 1
2620 791 1
2620 426 1
2620 849 1
2620 2499 1
2620 3270 1
2620 797 1
2620 1359 1
191 828 1
191 3325 1
191 5283 1
191 2959 1
191 788 1
191 830 1
191 832 1
191 831 1
191 178 1
191 1084 1
191 157 1
191 104 1
191 5282 1
2349 3211 1
2349 1006 1
2349 1797 1
2349 5008 1
2349 298 1
2349 5873 1
329 3883 1
329 357 1
329 5212 1
329 4419 1
329 3689 1
329 5192 1
198 857 1
198 484 1
198 855 1
198 4874 1
198 2403 1
198 2022 1
198 189 1
198 1999 1
198 938 1
2004 1540 1
2004 4048 1
2004 3722 1
2004 92 1
2004 834 1
2419 1316 1
2419 2603 1
2419 5399 1
2419 5866 1
2419 1798 1
2419 157 1
2419 5608 1
1815 447 1
1815 4153 1
1815 3492 1
1815 394 1
1815 5794 1
1815 1576 1
1815 322 1
327 2962 1
327 1163 1
327 35 1
327 1202 1
327 4175 1
2718 2401 1
2718 2808 1
2718 1006 1
2718 1290 1
2718 358 1
2014 3154 1
2014 4004 1
2014 3662 1
2014 87 1
2014 881 1
2014 540 1
2014 5586 1
2014 1295 1
2014 3936 1
924 2794 1
924 3057 1
924 1219 1
924 354 1
924 1853 1
924 4611 1
924 2287 1
924 34 1
1671 2454 1
1671 5717 1
1671 474 1
1671 2305 1
1671 403 1
1671 3990 1
1671 36 1
1671 1611 1
1671 5 1
1671 5514 1
1671 5448 1
1671 3842 1
1671 809 1
1671 3988 1
1671 2380 1
1671 319 1
1671 306 1
1671 188 1
1905 505 1
1905 3237 1
1905 1055 1
1905 375 1
1905 465 1
1905 69 1
1905 1093 1
1905 189 1
1905 1920 1
1332 146 1
1332 5241 1
1332 3505 1
1332 2524 1
1332 419 1
1332 1394 1
2505 5358 1
2505 2789 1
2505 1002 1
2505 3781 1
2505 1219 1
2505 1606 1
2505 3776 1
1245 3178 1
1245 2553 1
1245 412 1
1245 3586 1
1245 4542 1
1245 1216 1
1245 2631 1
1245 1069 1
1245 60 1
1245 3427 1
1245 486 1
1245 5864 1
382 4325 1
382 5515 1
382 3640 1
382 4581 1
382 1527 1
382 4426 1
382 4102 1
382 661 1
382 210 1
382 2799 1
621 4791 1
621 428 1
621 36 1
621 3223 1
621 425 1
621 4915 1
621 4415 1
621 5682 1
621 2231 1
621 426 1
621 5683 1
2418 534 1
2418 3359 1
2418 228 1
2418 3185 1
2418 5858 1
168 2817 1
168 874 1
168 1055 1
168 889 1
168 2379 1
168 1232 1
168 4003 1
168 704 1
168 2593 1
168 3865 1
168 747 1
168 744 1
168 1954 1
2711 3941 1
2711 5296 1
2711 93 1
2711 19 1
2711 500 1
2711 155 1
2711 403 1
2711 4502 1
2711 2445 1
2711 24 1
2711 1086 1
2711 5681 1
2711 2319 1
2711 20 1
2711 3134 1
2711 289 1
2711 2354 1
2711 2329 1
2711 580 1
2711 867 1
2711 1698 1
2723 65 1
2723 4716 1
2723 2187 1
2723 606 1
2723 1989 1
2723 983 1
2723 136 1
2723 233 1
2723 821 1
2723 3809 1
2723 2157 1
2723 242 1
2723 1148 1
2723 4061 1
2723 2548 1
2723 3742 1
2723 469 1
2723 4058 1
2723 205 1
2723 1174 1
2723 2578 1
2723 702 1
2723 195 1
2723 1352 1
2723 2222 1
2723 5674 1
2723 60 1
2723 431 1
2723 1886 1
2723 1941 1
2723 4813 1
2723 4306 1
2723 3848 1
2723 7 1
2723 882 1
2723 1253 1
2723 2653 1
2723 1665 1
2723 4268 1
2723 4886 1
2723 2706 1
2723 23 1
2723 5469 1
2723 20 1
2723 289 1
2723 55 1
1830 5 1
1830 5423 1
1830 867 1
1830 3218 1
1830 1327 1
634 2190 1
634 3920 1
634 241 1
634 1180 1
634 899 1
634 1606 1
634 637 1
634 1814 1
634 1346 1
179 787 1
179 237 1
179 206 1
179 829 1
179 1538 1
2029 4344 1
2029 2923 1
2029 4286 1
2029 2172 1
2029 166 1
2029 296 1
2029 354 1
1884 2827 1
1884 1742 1
1884 1738 1
1884 3086 1
1884 3997 1
1884 463 1
1884 1506 1
277 2139 1
277 1145 1
277 900 1
277 3604 1
277 5402 1
277 2876 1
277 3974 1
277 175 1
47 2075 1
47 4570 1
47 2049 1
47 77 1
47 403 1
47 1430 1
47 269 1
47 5051 1
47 5050 1
47 459 1
47 270 1
47 5 1
47 848 1
47 2327 1
47 696 1
47 757 1
47 198 1
47 3581 1
47 200 1
47 3899 1
47 294 1
47 3061 1
47 704 1
47 199 1
47 634 1
47 204 1
47 2810 1
47 203 1
47 319 1
47 1256 1
47 25 1
47 196 1
47 4398 1
47 37 1
47 240 1
47 460 1
47 849 1
47 1989 1
47 2662 1
47 104 1
47 1454 1
51 1509 1
51 166 1
51 221 1
51 226 1
51 423 1
51 218 1
51 3094 1
51 269 1
51 280 1
51 1752 1
51 4869 1
51 1854 1
51 3717 1
51 4304 1
51 1802 1
51 3445 1
51 5059 1
51 1990 1
51 2053 1
51 1534 1
51 783 1
51 425 1
51 2598 1
51 2142 1
51 294 1
51 1914 1
51 673 1
51 1100 1
51 3446 1
51 2213 1
51 993 1
51 165 1
51 1008 1
51 188 1
51 227 1
51 230 1
51 2717 1
51 360 1
51 4642 1
2095 948 1
2095 843 1
2095 4983 1
2095 188 1
2095 3270 1
2095 1053 1
2095 367 1
2095 738 1
1045 2295 1
1045 1235 1
1045 239 1
1045 777 1
1045 4693 1
1045 39 1
1045 787 1
1045 1603 1
1045 4116 1
1045 2823 1
1045 281 1
1045 3780 1
1045 3056 1
1045 431 1
1045 2978 1
553 5591 1
553 2954 1
553 1873 1
553 1059 1
553 5640 1
1210 27 1
1210 1882 1
1210 4539 1
1210 3416 1
1210 4299 1
1210 1797 1
1210 3377 1
1210 5506 1
1210 1467 1
1210 2093 1
1210 3378 1
1210 2498 1
52 1180 1
52 1324 1
52 1171 1
52 1344 1
52 671 1
52 4217 1
52 1055 1
52 2698 1
52 284 1
52 5062 1
52 3784 1
52 1551 1
52 1794 1
52 704 1
52 744 1
52 506 1
52 4257 1
52 703 1
52 178 1
52 196 1
52 235 1
52 188 1
52 1181 1
52 232 1
973 1518 1
973 581 1
973 3991 1
973 1253 1
973 1646 1
973 1053 1
973 2882 1
709 403 1
709 5 1
709 2353 1
709 2630 1
709 968 1
709 2452 1
709 694 1
709 2354 1
709 196 1
709 1079 1
709 614 1
709 1181 1
1936 4261 1
1936 624 1
1936 1006 1
1936 4701 1
1936 1672 1
1936 3951 1
1844 255 1
1844 4025 1
1844 3940 1
1844 2891 1
1844 2245 1
1844 5084 1
1867 709 1
1867 5855 1
1867 2231 1
1867 1322 1
1867 965 1
1867 4291 1
1867 949 1
1867 5717 1
1867 1160 1
1867 2 1
1347 1188 1
1347 5451 1
1347 2079 1
1347 5527 1
1347 1841 1
1347 5148 1
1347 5699 1
1347 3061 1
1347 3578 1
1347 580 1
1347 81 1
2102 4479 1
2102 2361 1
2102 1540 1
2102 2108 1
2102 4098 1
1234 1148 1
1234 1123 1
1234 477 1
1234 2062 1
1234 98 1
1584 1808 1
1584 2396 1
1584 4099 1
1584 5762 1
1584 5032 1
1584 431 1
1584 1232 1
2284 1337 1
2284 1253 1
2284 16 1
2284 1126 1
2284 5039 1
2284 80 1
2764 2783 1
2764 978 1
2764 281 1
2764 3851 1
2764 1486 1
2764 3690 1
2764 604 1
2764 2002 1
2764 1245 1
2764 5054 1
788 528 1
788 1386 1
788 1820 1
788 1638 1
788 904 1
480 715 1
480 1806 1
480 4154 1
480 2218 1
480 734 1
480 276 1
480 942 1
480 904 1
480 1807 1
480 3618 1
1164 2193 1
1164 4034 1
1164 2781 1
1164 1012 1
1164 3872 1
1164 2195 1
1164 4248 1
1164 2194 1
1164 650 1
1164 583 1
1164 3276 1
1164 2469 1
1164 4650 1
1164 3869 1
2066 3487 1
2066 865 1
2066 5291 1
2066 2428 1
2066 4484 1
2066 5007 1
1812 484 1
1812 4139 1
1812 1486 1
1812 5596 1
1812 2760 1
2575 857 1
2575 5296 1
2575 4557 1
2575 1808 1
2575 3344 1
2575 700 1
2575 272 1
2575 4668 1
2575 2665 1
2575 2050 1
1553 80 1
1553 3831 1
1553 60 1
1553 3171 1
1553 4002 1
791 1452 1
791 787 1
791 1933 1
791 1055 1
791 344 1
791 3364 1
791 1227 1
791 5765 1
791 2316 1
791 835 1
791 454 1
791 3325 1
791 2178 1
791 2568 1
791 916 1
791 5237 1
791 4416 1
791 4641 1
791 4125 1
791 3338 1
791 1846 1
791 2989 1
791 1998 1
791 963 1
791 1036 1
791 1745 1
791 60 1
791 541 1
791 1839 1
791 3618 1
1375 371 1
1375 1910 1
1375 2157 1
1375 176 1
1375 2428 1
1375 2600 1
1375 411 1
1375 1430 1
1375 820 1
1375 3547 1
1375 3620 1
1375 5064 1
1375 4226 1
1375 1095 1
1375 762 1
1375 2367 1
1375 3621 1
1375 700 1
1375 2534 1
1375 5864 1
2448 185 1
2448 1669 1
2448 2735 1
2448 4151 1
2448 1713 1
2448 60 1
2448 18 1
2448 2191 1
1108 1687 1
1108 4556 1
1108 700 1
1108 1160 1
1108 2927 1
2536 4658 1
2536 132 1
2536 4747 1
2536 989 1
2536 4706 1
839 257 1
839 3151 1
839 4246 1
839 2366 1
839 5 1
839 23 1
839 1724 1
839 2481 1
839 2627 1
839 2301 1
839 1342 1
839 704 1
839 4513 1
839 76 1
839 698 1
839 1069 1
839 824 1
839 2628 1
839 624 1
839 460 1
839 4865 1
839 2245 1
839 431 1
839 60 1
2147 32 1
2147 403 1
2147 786 1
2147 377 1
2147 1285 1
2147 15 1
2147 76 1
2147 4927 1
2147 196 1
2147 3246 1
2147 1904 1
2147 938 1
2147 2659 1
1606 920 1
1606 5010 1
1606 3854 1
1606 557 1
1606 2051 1
1606 1053 1
1606 2728 1
1606 175 1
678 740 1
678 907 1
678 1482 1
678 1660 1
678 2307 1
678 2054 1
678 328 1
678 2306 1
1601 1849 1
1601 2510 1
1601 3607 1
1601 604 1
1601 1245 1
1933 2804 1
1933 1563 1
1933 4256 1
1933 787 1
1933 5270 1
1933 269 1
1933 5663 1
1933 336 1
1933 1802 1
1933 2760 1
1933 5438 1
1933 1269 1
1933 5575 1
1933 1786 1
1933 989 1
1933 2466 1
1933 4022 1
1933 5529 1
1933 3524 1
1933 5302 1
1933 872 1
1933 4258 1
1802 2585 1
1802 1195 1
1802 4945 1
1802 4131 1
1802 1062 1
1576 3243 1
1576 4880 1
1576 4183 1
1576 867 1
1576 5638 1
1576 2077 1
1576 5384 1
1576 2479 1
1416 372 1
1416 1063 1
1416 4493 1
1416 2833 1
1416 3787 1
1416 2053 1
1416 710 1
1416 3578 1
1416 4897 1
1416 186 1
1416 3225 1
1416 3511 1
1416 2641 1
2656 4831 1
2656 1017 1
2656 1067 1
2656 3214 1
2656 5805 1
2656 1756 1
2656 188 1
2656 2269 1
2656 968 1
2656 320 1
1296 1197 1
1296 3415 1
1296 1879 1
1296 1489 1
1296 5653 1
1296 515 1
1296 1359 1
1296 3010 1
435 1838 1
435 3856 1
435 5181 1
435 520 1
435 1664 1
771 5756 1
771 385 1
771 653 1
771 1439 1
771 4422 1
771 289 1
771 76 1
771 5555 1
771 2488 1
771 2367 1
771 2222 1
1226 3201 1
1226 1068 1
1226 2573 1
1226 280 1
1226 31 1
1226 530 1
1226 4473 1
1226 1872 1
1226 4668 1
1226 2737 1
1226 835 1
1226 2322 1
1226 637 1
1226 3400 1
1226 2880 1
1226 1543 1
1226 3399 1
1226 157 1
1226 310 1
1226 703 1
1226 3374 1
1226 4466 1
1226 2103 1
1226 4266 1
1226 3260 1
1226 1053 1
1226 1000 1
1226 4514 1
2135 2609 1
2135 5 1
2135 5573 1
2135 2129 1
2135 60 1
2135 3293 1
2135 5604 1
2135 5122 1
2039 965 1
2039 624 1
2039 241 1
2039 3472 1
2039 240 1
410 1566 1
410 1447 1
410 645 1
410 1603 1
410 3604 1
410 1604 1
410 496 1
410 593 1
410 4412 1
410 3485 1
410 3631 1
410 1698 1
281 1166 1
281 311 1
281 1162 1
281 4532 1
281 450 1
281 157 1
281 142 1
281 1794 1
2501 2756 1
2501 2245 1
2501 3440 1
2501 2935 1
2501 938 1
2501 5090 1
1943 781 1
1943 3899 1
1943 4959 1
1943 2681 1
1943 1454 1
1943 92 1
1943 3943 1
2128 5676 1
2128 889 1
2128 4432 1
2128 4678 1
2128 1838 1
2128 5113 1
2128 2110 1
2128 890 1
2128 2508 1
2128 3640 1
2128 3819 1
2128 4430 1
2128 4901 1
2128 1105 1
2128 1891 1
2128 4578 1
2738 2980 1
2738 2251 1
2738 1687 1
2738 966 1
2738 1277 1
2738 4160 1
2738 850 1
2738 2483 1
2738 5176 1
2738 1087 1
2738 3665 1
2738 60 1
2738 1053 1
2738 1896 1
2738 2479 1
2738 5666 1
2701 1554 1
2701 203 1
2701 2062 1
2701 2309 1
2701 23 1
2701 1608 1
2701 169 1
2701 4795 1
2701 1607 1
2701 447 1
2701 5 1
349 294 1
349 3795 1
349 2543 1
349 1417 1
349 2215 1
349 2433 1
349 5113 1
349 5028 1
349 270 1
349 1175 1
349 1418 1
349 3074 1
349 788 1
349 4597 1
349 5184 1
349 3950 1
349 3640 1
349 3097 1
349 1254 1
349 5480 1
2665 2910 1
2665 5872 1
2665 471 1
2665 17 1
2665 739 1
2665 998 1
470 1776 1
470 2986 1
470 1777 1
470 4463 1
470 4899 1
470 5576 1
470 1775 1
470 3650 1
734 1904 1
734 1804 1
734 1916 1
734 2406 1
734 3389 1
734 2959 1
734 1520 1
2340 5679 1
2340 1477 1
2340 4017 1
2340 4604 1
2340 486 1
2340 4605 1
2340 2472 1
2340 4303 1
2340 1442 1
2439 1179 1
2439 2394 1
2439 1951 1
2439 3086 1
2439 177 1
2439 4597 1
2439 4680 1
2439 757 1
2439 673 1
2439 2733 1
2439 1653 1
2439 447 1
2439 951 1
897 458 1
897 739 1
897 706 1
897 4061 1
897 5160 1
897 578 1
2691 375 1
2691 1386 1
2691 3111 1
2691 2264 1
2691 203 1
2691 592 1
2691 1940 1
2691 3766 1
2691 5037 1
2691 447 1
2691 5687 1
2691 2090 1
2334 5 1
2334 2320 1
2334 1303 1
2334 938 1
2334 2001 1
2334 188 1
2334 1544 1
2334 528 1
2335 2218 1
2335 4601 1
2335 1694 1
2335 2519 1
2335 2186 1
1674 2603 1
1674 1603 1
1674 4454 1
1674 4227 1
1674 4706 1
1326 5682 1
1326 2001 1
1326 5698 1
1326 1904 1
1326 465 1
1326 5314 1
1326 1922 1
2789 1892 1
2789 1870 1
2789 5520 1
2789 1891 1
2789 2013 1
2789 712 1
2520 1764 1
2520 4624 1
2520 2090 1
2520 2972 1
2520 2278 1
2520 1661 1
560 5368 1
560 5643 1
560 2318 1
560 2679 1
560 682 1
560 2022 1
1653 4965 1
1653 183 1
1653 362 1
1653 4040 1
1653 4512 1
1230 3406 1
1230 4202 1
1230 721 1
1230 4573 1
1230 552 1
1230 3567 1
1230 5858 1
2251 536 1
2251 18 1
2251 4547 1
2251 5778 1
2251 1086 1
2251 5464 1
2251 281 1
2251 1771 1
2251 951 1
2251 170 1
2251 3942 1
1100 5500 1
1100 3110 1
1100 1378 1
1100 295 1
1100 1626 1
1100 1055 1
1100 4989 1
1100 5549 1
1100 2672 1
1100 3171 1
1100 4712 1
2767 822 1
2767 4914 1
2767 3019 1
2767 1806 1
2767 624 1
2767 803 1
1423 36 1
1423 2128 1
1423 2826 1
1423 1205 1
1423 2805 1
1423 5836 1
1423 4915 1
1423 580 1
1423 4945 1
1423 1596 1
1423 3688 1
1423 34 1
1188 531 1
1188 5369 1
1188 3147 1
1188 2366 1
1188 848 1
1188 407 1
1188 1219 1
1188 1222 1
1188 1026 1
1188 1812 1
1188 702 1
1188 1612 1
1188 1078 1
1188 3184 1
1188 1356 1
1188 3921 1
1188 3171 1
1188 3430 1
1188 2077 1
1188 5096 1
1188 1071 1
105 5157 1
105 4735 1
105 2631 1
105 3429 1
105 483 1
105 5158 1
105 2013 1
105 3427 1
105 482 1
1967 1403 1
1967 1554 1
1967 5771 1
1967 3982 1
1967 4688 1
1967 1660 1
1967 61 1
1967 1608 1
1967 175 1
287 2182 1
287 2383 1
287 4841 1
287 1784 1
287 2175 1
287 3272 1
287 1195 1
287 4588 1
287 2705 1
287 1187 1
287 5414 1
287 1192 1
287 2185 1
287 1694 1
287 1184 1
287 3604 1
287 5265 1
287 848 1
287 4934 1
287 1745 1
287 386 1
287 1193 1
287 2119 1
287 1185 1
287 557 1
287 3768 1
287 1202 1
287 4633 1
287 2116 1
287 3435 1
287 1198 1
287 1873 1
287 1510 1
287 1384 1
287 436 1
287 705 1
287 2796 1
287 3414 1
287 2593 1
287 1234 1
287 1803 1
287 1182 1
287 2751 1
287 1623 1
287 3676 1
287 5251 1
287 4674 1
287 437 1
287 1540 1
287 5419 1
287 1743 1
287 1297 1
287 4701 1
287 5416 1
287 1179 1
287 1191 1
287 2138 1
287 1196 1
287 4266 1
287 658 1
287 1188 1
287 4101 1
287 5072 1
287 1559 1
287 3325 1
287 4552 1
287 5417 1
287 4116 1
287 827 1
287 4542 1
287 3251 1
287 1197 1
287 1727 1
287 1842 1
287 1189 1
287 1194 1
287 2210 1
287 1000 1
287 1186 1
2516 2231 1
2516 4426 1
2516 70 1
2516 72 1
2516 4559 1
2516 418 1
2573 2348 1
2573 92 1
2573 867 1
2573 2350 1
2573 1480 1
2573 111 1
2573 642 1
1342 3562 1
1342 529 1
1342 166 1
1342 3572 1
1342 3870 1
1342 3029 1
1342 3717 1
1342 271 1
1342 41 1
1342 3769 1
1342 4286 1
1342 320 1
1342 1095 1
1342 2989 1
1342 690 1
1342 3481 1
1342 880 1
1342 188 1
1283 5266 1
1283 3492 1
1283 1611 1
1283 3946 1
1283 1359 1
465 3298 1
465 1713 1
465 1699 1
465 962 1
465 4416 1
2290 962 1
2290 1576 1
2290 5457 1
2290 667 1
2290 119 1
2290 1114 1
2290 4524 1
2290 3487 1
2290 3032 1
2290 164 1
2290 4816 1
2290 4234 1
2290 527 1
2290 20 1
2290 958 1
2290 5319 1
2290 1146 1
2290 5580 1
2290 506 1
2290 959 1
2290 2244 1
2290 5198 1
2290 1105 1
2290 1126 1
2290 3101 1
516 1904 1
516 279 1
516 938 1
516 1905 1
516 2173 1
516 706 1
2698 13 1
2698 2904 1
2698 4747 1
2698 1020 1
2698 2829 1
1409 3102 1
1409 453 1
1409 3696 1
1409 1027 1
1409 3334 1
1409 1263 1
670 235 1
670 4183 1
670 2225 1
670 294 1
670 2877 1
670 2760 1
2323 1669 1
2323 55 1
2323 3402 1
2323 2941 1
2323 1736 1
779 3160 1
779 1720 1
779 1059 1
779 1053 1
779 2498 1
354 2617 1
354 4293 1
354 1431 1
354 4253 1
354 322 1
2000 971 1
2000 5742 1
2000 613 1
2000 3952 1
2000 4572 1
2000 60 1
2000 4387 1
2000 2086 1
2000 2054 1
1834 5394 1
1834 5273 1
1834 196 1
1834 235 1
1834 1486 1
1834 407 1
1834 2353 1
433 1427 1
433 1133 1
433 1660 1
433 1608 1
433 3010 1
1294 4893 1
1294 4735 1
1294 4785 1
1294 2013 1
1294 840 1
2734 3867 1
2734 4894 1
2734 469 1
2734 346 1
2734 2049 1
2734 1068 1
2734 3219 1
2734 1942 1
2734 2957 1
2734 152 1
2734 3608 1
2734 1785 1
2734 36 1
2734 270 1
2734 645 1
2734 1943 1
2734 266 1
2734 1219 1
2734 4296 1
2734 783 1
2734 3140 1
2734 3500 1
2734 702 1
2734 2037 1
2734 263 1
2734 1095 1
2734 420 1
2734 673 1
2734 733 1
2734 3172 1
2734 703 1
2734 1220 1
2734 235 1
2734 1582 1
2734 3365 1
2734 496 1
2734 3884 1
2734 426 1
2734 1029 1
2734 2113 1
2734 1053 1
2734 1040 1
1084 1522 1
1084 1445 1
1084 3120 1
1084 3452 1
1084 1253 1
1084 3016 1
1084 1976 1
1084 1506 1
2161 2193 1
2161 3875 1
2161 3870 1
2161 3872 1
2161 428 1
2161 2195 1
2161 1174 1
2161 2194 1
2161 80 1
2161 1987 1
2161 712 1
2161 447 1
2161 2103 1
2161 4650 1
2161 2748 1
2161 3869 1
164 92 1
164 1841 1
164 732 1
164 198 1
164 1967 1
728 2600 1
728 4207 1
728 30 1
728 3104 1
728 1665 1
728 403 1
728 2198 1
728 1219 1
728 5341 1
728 3635 1
728 1453 1
728 3519 1
728 2344 1
728 1433 1
728 235 1
728 2885 1
728 867 1
728 1583 1
728 3106 1
237 1978 1
237 115 1
237 632 1
237 1328 1
237 5341 1
237 981 1
237 4749 1
237 781 1
237 1106 1
237 1608 1
237 2298 1
237 429 1
237 235 1
237 3119 1
579 2616 1
579 594 1
579 2039 1
579 3692 1
579 81 1
1498 1904 1
1498 55 1
1498 938 1
1498 2129 1
1498 3452 1
1498 3720 1
1498 1583 1
1689 1688 1
1689 5143 1
1689 1315 1
1689 2345 1
1689 3387 1
1689 4295 1
1689 1996 1
1689 4013 1
1689 5816 1
1689 311 1
1689 4584 1
1113 2379 1
1113 2199 1
1113 5501 1
1113 5438 1
1113 4597 1
1113 5447 1
1113 3194 1
1113 4022 1
1113 3353 1
1113 3819 1
1113 4910 1
1113 5480 1
1113 1314 1
865 1301 1
865 991 1
865 3172 1
865 2699 1
865 2192 1
865 2122 1
865 2965 1
865 4611 1
865 2694 1
865 2400 1
865 233 1
865 248 1
865 2687 1
865 3972 1
865 503 1
865 1642 1
865 4499 1
865 2684 1
865 4061 1
865 2718 1
865 4343 1
865 39 1
865 1 1
865 3399 1
865 848 1
865 1148 1
865 3538 1
865 2685 1
865 2729 1
865 3771 1
865 1854 1
865 2682 1
865 2099 1
865 5188 1
865 2222 1
865 5157 1
865 1975 1
865 2897 1
865 2403 1
865 4624 1
865 4937 1
865 1941 1
865 4448 1
865 2279 1
865 2284 1
865 3679 1
865 2745 1
865 740 1
865 3851 1
865 5790 1
865 92 1
865 2691 1
865 1597 1
865 264 1
865 3138 1
865 361 1
865 1534 1
865 2688 1
865 7 1
865 237 1
865 1400 1
865 370 1
865 1753 1
865 878 1
865 2679 1
865 2833 1
865 4701 1
865 738 1
865 800 1
865 4775 1
865 2689 1
865 5067 1
865 2053 1
865 3024 1
865 650 1
865 1969 1
865 2588 1
865 4040 1
865 5007 1
865 2870 1
865 5293 1
865 3268 1
865 1724 1
865 188 1
865 3555 1
202 869 1
202 1328 1
202 5292 1
202 866 1
202 684 1
202 4754 1
202 4892 1
202 3907 1
202 4195 1
202 2112 1
202 704 1
202 867 1
202 870 1
703 2940 1
703 777 1
703 1237 1
703 2336 1
703 764 1
703 1222 1
703 5634 1
703 1909 1
703 2337 1
703 2572 1
703 5180 1
2202 3737 1
2202 3502 1
2202 4375 1
2202 4924 1
2202 213 1
2202 131 1
2202 3069 1
2202 5603 1
2202 3129 1
2202 1696 1
1255 356 1
1255 421 1
1255 848 1
1255 951 1
1255 4913 1
1255 4000 1
192 1742 1
192 4623 1
192 1070 1
192 1500 1
192 835 1
192 1053 1
192 3087 1
192 834 1
1397 3321 1
1397 2510 1
1397 4528 1
1397 3153 1
1397 867 1
1397 3075 1
1397 3645 1
1397 1672 1
1397 3138 1
907 5804 1
907 5139 1
907 123 1
907 18 1
907 121 1
907 1278 1
907 2768 1
907 791 1
907 1176 1
907 668 1
907 5432 1
907 1123 1
907 911 1
907 5801 1
907 699 1
907 2368 1
907 5165 1
907 2872 1
907 447 1
907 5554 1
907 1582 1
907 1701 1
907 2999 1
907 2769 1
907 867 1
907 4326 1
907 157 1
1987 2094 1
1987 3534 1
1987 1328 1
1987 4298 1
1987 721 1
1987 2405 1
1987 383 1
1987 2024 1
1987 5826 1
1023 2245 1
1023 1904 1
1023 938 1
1023 2001 1
1023 5640 1
1023 706 1
891 2288 1
891 791 1
891 2588 1
891 476 1
891 1411 1
891 648 1
891 845 1
891 1984 1
1097 4100 1
1097 4907 1
1097 4462 1
1097 759 1
1097 3157 1
1097 288 1
1097 2755 1
1097 70 1
1097 5762 1
1097 71 1
1097 76 1
1097 3891 1
1097 831 1
1097 4270 1
1097 3315 1
181 5267 1
181 781 1
181 152 1
181 5266 1
181 1700 1
181 782 1
181 885 1
181 783 1
181 5268 1
181 245 1
181 440 1
181 2536 1
181 580 1
181 1256 1
810 994 1
810 3867 1
810 5623 1
810 1665 1
810 172 1
810 914 1
810 5390 1
810 2565 1
810 2199 1
810 3121 1
810 451 1
810 2557 1
810 5064 1
810 2562 1
810 2196 1
810 960 1
810 2483 1
810 5686 1
810 2872 1
810 619 1
810 1281 1
810 188 1
810 2146 1
810 435 1
810 431 1
810 1186 1
1322 679 1
1322 2582 1
1322 781 1
1322 1567 1
1322 3858 1
1322 1657 1
1322 2975 1
1322 1533 1
1322 2504 1
1322 3330 1
1322 2985 1
1322 660 1
1322 704 1
1322 1786 1
1322 1100 1
1322 580 1
1322 3184 1
1322 3304 1
1322 1711 1
1322 2466 1
2150 5235 1
2150 2637 1
2150 5343 1
2150 3450 1
2150 3452 1
2150 4456 1
2003 1289 1
2003 4309 1
2003 3367 1
2003 1452 1
2003 3606 1
2003 36 1
2003 2379 1
2003 5200 1
2003 1175 1
2003 3889 1
2003 835 1
2003 5629 1
2003 1653 1
2003 3578 1
2003 2721 1
2003 694 1
2003 2104 1
2003 1087 1
2003 1714 1
2003 2201 1
2003 2858 1
2003 1839 1
2588 4779 1
2588 5320 1
2588 1599 1
2588 4586 1
2588 1912 1
2588 1699 1
2588 3730 1
2588 2237 1
2588 680 1
2588 3099 1
313 528 1
313 1047 1
313 604 1
313 1457 1
313 2300 1
313 1394 1
313 2579 1
313 4083 1
313 1519 1
313 1520 1
685 2177 1
685 2315 1
685 4912 1
685 2257 1
685 1288 1
682 281 1
682 1061 1
682 613 1
682 3434 1
682 1649 1
682 220 1
682 870 1
682 3628 1
682 1762 1
2027 13 1
2027 2829 1
2027 543 1
2027 1017 1
2027 407 1
2027 2339 1
2027 425 1
2027 4884 1
2027 447 1
2027 4663 1
2027 721 1
2027 4509 1
2027 943 1
536 981 1
536 1959 1
536 2195 1
536 2353 1
536 1094 1
536 3215 1
536 20 1
536 3774 1
536 5626 1
536 4505 1
536 112 1
536 4650 1
536 5478 1
536 3869 1
1712 1112 1
1712 292 1
1712 5707 1
1712 1457 1
1712 402 1
1712 839 1
1712 3233 1
1712 2483 1
1712 2488 1
1712 1604 1
1712 462 1
1712 3160 1
1712 102 1
770 1646 1
770 3999 1
770 55 1
770 3087 1
770 1698 1
722 114 1
722 2372 1
722 3371 1
722 178 1
722 2373 1
722 176 1
722 1477 1
722 978 1
2228 32 1
2228 274 1
2228 1550 1
2228 848 1
2228 4529 1
2228 253 1
2228 2178 1
2228 425 1
2228 996 1
2228 4415 1
2228 178 1
2228 3109 1
2228 99 1
2228 1181 1
2228 2128 1
33 1367 1
33 650 1
33 529 1
33 131 1
33 5007 1
645 2296 1
645 857 1
645 4557 1
645 1542 1
645 989 1
645 1423 1
2409 3373 1
2409 351 1
2409 36 1
2409 1495 1
2409 1877 1
2409 1160 1
2590 3039 1
2590 3686 1
2590 313 1
2590 2084 1
2590 270 1
2590 1215 1
2590 60 1
2590 5443 1
2590 4134 1
1887 1582 1
1887 5317 1
1887 1606 1
1887 1544 1
1887 1858 1
596 644 1
596 709 1
596 848 1
596 855 1
596 2211 1
596 4486 1
596 648 1
596 16 1
1073 1319 1
1073 1055 1
1073 4772 1
1073 3275 1
1073 2062 1
1073 5527 1
1073 3103 1
1073 23 1
1073 4362 1
1073 5059 1
1073 3581 1
1073 3471 1
1073 5281 1
1073 3318 1
1073 1987 1
1073 3890 1
1073 1945 1
1073 5797 1
1073 1233 1
1073 2918 1
1073 802 1
1377 2161 1
1377 4892 1
1377 2307 1
1377 146 1
1377 4611 1
1377 815 1
