1688 4361 1
1688 218 1
1688 1811 1
1688 1951 1
1688 3364 1
1688 843 1
1688 188 1
1688 3189 1
1688 4009 1
1688 117 1
1688 703 1
1688 4010 1
1688 3310 1
1688 1896 1
1182 4996 1
1182 5090 1
1182 1385 1
1182 4894 1
1182 1447 1
1182 2090 1
1182 2763 1
1182 345 1
1182 1922 1
1182 1100 1
1182 3382 1
1182 2725 1
1182 298 1
2790 5723 1
2790 2212 1
2790 422 1
2790 3133 1
2790 5103 1
2790 2018 1
1427 36 1
1427 4158 1
1427 1509 1
1427 2666 1
1427 1053 1
1436 2038 1
1436 2904 1
1436 3649 1
1436 1704 1
1436 1089 1
1436 1256 1
177 1509 1
177 773 1
177 1040 1
177 1783 1
177 218 1
177 2499 1
177 99 1
177 5263 1
1168 1073 1
1168 1419 1
1168 5456 1
1168 4244 1
1168 1161 1
1168 1653 1
1168 3683 1
1168 989 1
1168 5571 1
1168 1570 1
2188 2226 1
2188 505 1
2188 5508 1
2188 4139 1
2188 166 1
477 1925 1
477 453 1
477 1559 1
477 1797 1
477 3549 1
477 1263 1
680 5055 1
680 3555 1
680 934 1
680 4827 1
680 1538 1
2307 846 1
2307 3024 1
2307 2563 1
2307 61 1
2307 704 1
1524 1560 1
1524 984 1
1524 2702 1
1524 700 1
1524 3228 1
1524 5190 1
1524 1167 1
1524 3134 1
1524 3463 1
1524 673 1
1524 2367 1
1524 2721 1
1524 3493 1
1524 4177 1
1524 316 1
1524 1382 1
1524 1327 1
1414 1822 1
1414 3616 1
1414 295 1
1414 1942 1
1414 141 1
1414 2328 1
1414 1567 1
1414 1611 1
1414 3973 1
1414 791 1
1414 316 1
1414 3220 1
1414 3095 1
1414 3245 1
1414 3903 1
1414 3365 1
1414 2053 1
1414 1053 1
1414 2803 1
1261 1289 1
1261 1440 1
1261 2580 1
1261 2732 1
1261 3606 1
1261 3461 1
1261 906 1
1261 5446 1
1261 386 1
1261 5140 1
1261 4539 1
1261 5370 1
1261 1573 1
1261 3379 1
1261 447 1
1261 4633 1
1261 1061 1
1261 2871 1
1261 1254 1
1261 360 1
1261 1071 1
1261 528 1
1759 5723 1
1759 985 1
1759 900 1
1759 1253 1
1759 970 1
2219 3729 1
2219 221 1
2219 4520 1
2219 2164 1
2219 2006 1
2219 1877 1
2219 4519 1
2219 4225 1
2219 159 1
2219 1937 1
2219 2062 1
2219 1616 1
2219 579 1
2219 253 1
2219 2112 1
2219 192 1
2219 5544 1
2219 447 1
2219 1074 1
2403 1808 1
2403 4432 1
2403 1546 1
2403 1105 1
2403 5218 1
2403 1693 1
2403 962 1
2628 822 1
2628 25 1
2628 385 1
2628 2627 1
2628 5213 1
2628 4719 1
457 1490 1
457 1209 1
457 1189 1
457 892 1
457 1693 1
2350 5815 1
2350 5601 1
2350 1137 1
2350 4099 1
2350 4358 1
2350 5523 1
932 570 1
932 452 1
932 912 1
932 157 1
932 2 1
644 2543 1
644 1780 1
644 631 1
644 2215 1
644 5396 1
644 3201 1
644 2220 1
644 5395 1
644 3114 1
644 5393 1
644 843 1
644 5694 1
644 2282 1
644 650 1
644 2225 1
644 2844 1
644 1990 1
644 1480 1
644 1794 1
644 2217 1
644 3092 1
644 1318 1
644 3617 1
644 4649 1
644 2611 1
644 447 1
644 3374 1
644 2213 1
644 2928 1
644 2218 1
644 486 1
2799 863 1
2799 4882 1
2799 651 1
2799 3569 1
2799 764 1
2799 294 1
2799 4104 1
2799 271 1
263 4389 1
263 695 1
263 1500 1
263 1084 1
263 5378 1
263 1085 1
263 3202 1
1851 1055 1
1851 3088 1
1851 791 1
1851 5884 1
1851 828 1
1851 134 1
1851 2991 1
984 1190 1
984 733 1
984 2984 1
984 3465 1
984 5406 1
984 1370 1
984 2893 1
984 3288 1
984 2553 1
984 270 1
984 5584 1
984 2460 1
984 2702 1
984 307 1
984 1592 1
984 447 1
984 178 1
984 2923 1
984 2894 1
984 752 1
984 1591 1
984 1768 1
984 2704 1
1018 2424 1
1018 3321 1
1018 4343 1
1018 2122 1
1018 3121 1
1018 2524 1
1018 1583 1
1673 4545 1
1673 878 1
1673 2981 1
1673 880 1
1673 458 1
1673 157 1
1673 2728 1
1673 111 1
2356 3892 1
2356 91 1
2356 1301 1
2356 2113 1
2356 2156 1
2356 2699 1
2356 2126 1
2356 847 1
2356 3893 1
2356 12 1
2356 758 1
2356 1634 1
2356 469 1
2356 1555 1
2356 3597 1
2356 4626 1
2356 4622 1
2356 1631 1
2356 3390 1
2356 704 1
2356 557 1
2356 5544 1
2356 1604 1
2356 2222 1
2356 3568 1
2356 925 1
2356 4624 1
2356 862 1
2356 2655 1
2356 1742 1
2356 202 1
2356 497 1
2356 1628 1
2356 2558 1
2356 2389 1
2356 7 1
2356 5496 1
2356 2265 1
2356 2825 1
2356 2164 1
2356 1691 1
2356 3713 1
2356 4621 1
2356 31 1
2356 2380 1
2356 814 1
2356 5073 1
2356 614 1
2356 2210 1
2248 3293 1
2248 936 1
2248 3161 1
2248 286 1
2248 4391 1
2248 4586 1
2248 4493 1
2248 4255 1
2248 4555 1
2248 2071 1
2248 1013 1
2248 5315 1
2248 1021 1
2248 1909 1
2248 4556 1
2248 447 1
2248 2201 1
2248 1860 1
2248 3621 1
2248 1361 1
2248 4195 1
2248 4514 1
2248 4783 1
2248 930 1
1596 3416 1
1596 1604 1
1596 2062 1
1596 1879 1
1596 668 1
1596 2364 1
1596 195 1
1596 166 1
1596 1750 1
1596 2708 1
149 45 1
149 2820 1
149 683 1
149 4846 1
149 677 1
149 682 1
149 4707 1
149 678 1
149 680 1
149 1331 1
765 1412 1
765 2222 1
765 2480 1
765 2481 1
765 6 1
765 1902 1
335 785 1
335 403 1
335 1554 1
335 5 1
335 210 1
335 2632 1
335 169 1
335 2880 1
335 954 1
335 178 1
335 196 1
335 3179 1
335 1264 1
471 4941 1
471 1304 1
471 1614 1
471 5577 1
471 4405 1
471 3375 1
62 287 1
62 2071 1
62 188 1
62 3377 1
62 284 1
62 1478 1
62 285 1
62 4150 1
62 447 1
62 3772 1
62 1053 1
657 1440 1
657 536 1
657 1042 1
657 2246 1
657 2248 1
657 3902 1
657 2247 1
657 289 1
657 447 1
657 5701 1
657 867 1
657 1967 1
1920 3193 1
1920 1224 1
1920 1525 1
1920 4800 1
1920 250 1
1920 665 1
1920 951 1
1920 444 1
1920 3555 1
1920 3558 1
1920 1000 1
383 580 1
383 922 1
383 2126 1
383 2053 1
383 1695 1
383 1532 1
383 2726 1
383 4669 1
383 3494 1
383 175 1
756 5598 1
756 624 1
756 4343 1
756 2122 1
756 3121 1
756 60 1
756 3666 1
756 1672 1
1537 1183 1
1537 2414 1
1537 709 1
1537 5040 1
1537 60 1
1537 2908 1
1537 3811 1
1537 2365 1
1359 2849 1
1359 2734 1
1359 5701 1
1359 3594 1
1359 433 1
1359 2758 1
1359 2941 1
1359 2024 1
1359 5186 1
1828 1183 1
1828 1582 1
1828 1346 1
1828 317 1
1828 2050 1
2730 2052 1
2730 427 1
2730 458 1
2730 828 1
2730 3490 1
2730 4360 1
2730 4591 1
2730 738 1
1047 4791 1
1047 5450 1
1047 2437 1
1047 1443 1
1047 2376 1
1118 2847 1
1118 5646 1
1118 4741 1
1118 4176 1
1118 1290 1
1118 966 1
1118 3069 1
1118 4346 1
1118 1873 1
1118 3205 1
1118 1181 1
814 9 1
814 2601 1
814 1694 1
814 4391 1
814 5121 1
814 2574 1
814 2575 1
814 1705 1
814 4469 1
814 665 1
814 4814 1
814 2085 1
814 2218 1
814 700 1
814 4514 1
814 2576 1
1468 1174 1
1468 536 1
1468 1042 1
1468 3735 1
1468 2091 1
1468 253 1
1468 504 1
1468 425 1
1468 1318 1
1468 4769 1
1468 1983 1
1468 1136 1
1468 1591 1
1468 1450 1
587 1746 1
587 2669 1
587 2773 1
587 2661 1
587 1535 1
587 2231 1
587 1996 1
587 2245 1
2180 841 1
2180 1498 1
2180 1921 1
2180 420 1
2180 4490 1
2180 2758 1
2180 5811 1
2180 2367 1
2180 5298 1
2180 1604 1
2180 2152 1
2180 1698 1
54 1256 1
54 3380 1
54 1301 1
54 2330 1
54 108 1
54 991 1
54 2130 1
54 100 1
54 1539 1
54 648 1
54 3680 1
54 251 1
54 954 1
54 225 1
54 246 1
54 248 1
54 242 1
54 3054 1
54 4599 1
54 294 1
54 469 1
54 662 1
54 3387 1
54 1554 1
54 249 1
54 2084 1
54 3598 1
54 3973 1
54 1034 1
54 4401 1
54 271 1
54 704 1
54 4257 1
54 184 1
54 2222 1
54 3409 1
54 1437 1
54 329 1
54 1941 1
54 2292 1
54 3029 1
54 262 1
54 3133 1
54 361 1
54 7 1
54 570 1
54 140 1
54 243 1
54 1398 1
54 237 1
54 255 1
54 370 1
54 1753 1
54 366 1
54 1253 1
54 785 1
54 252 1
54 111 1
54 679 1
54 2712 1
54 5067 1
54 138 1
54 28 1
54 253 1
54 5064 1
54 3092 1
54 2363 1
54 250 1
54 289 1
54 4269 1
54 188 1
1184 2014 1
1184 878 1
1184 631 1
1184 956 1
1184 1074 1
1184 5853 1
1184 738 1
2413 1211 1
2413 3224 1
2413 3876 1
2413 2058 1
2413 1948 1
2413 707 1
2413 4667 1
2413 3136 1
2413 1095 1
2413 1658 1
2413 2636 1
2413 5427 1
2413 2230 1
2413 196 1
2413 5175 1
2413 2022 1
1877 3006 1
1877 5125 1
1877 3082 1
1877 1347 1
1877 198 1
1877 2196 1
1877 3110 1
1877 4269 1
1877 1343 1
1877 1561 1
1877 4208 1
1877 1322 1
1877 5201 1
1877 5692 1
1877 3814 1
1877 157 1
1877 431 1
1419 345 1
1419 491 1
1419 1253 1
1419 3589 1
1419 458 1
1419 380 1
1419 1277 1
1962 3416 1
1962 1790 1
1962 645 1
1962 592 1
1962 778 1
1962 4149 1
1962 966 1
1962 1123 1
1962 809 1
1962 2580 1
1962 3387 1
1962 373 1
1962 2593 1
1962 4278 1
1962 1069 1
1962 4280 1
1962 1087 1
1962 3179 1
1962 4279 1
1962 5162 1
1962 1724 1
1962 1379 1
1962 5405 1
1962 290 1
1757 4087 1
1757 5676 1
1757 3452 1
1757 3744 1
1757 3201 1
1757 812 1
1757 1811 1
1757 3792 1
1757 1606 1
1757 655 1
1757 199 1
1757 4909 1
1757 4855 1
2269 2537 1
2269 5150 1
2269 1749 1
2269 5532 1
2269 1665 1
2269 403 1
2269 2957 1
2269 4091 1
2269 543 1
2269 2425 1
2269 4494 1
2269 5 1
2269 1303 1
2269 2481 1
2269 1564 1
2269 2886 1
2269 722 1
2269 1123 1
2269 2562 1
2269 2196 1
2269 5842 1
2269 4807 1
2269 3194 1
2269 4513 1
2269 5452 1
2269 1587 1
2269 3638 1
2269 5758 1
2269 178 1
2269 196 1
2269 1259 1
2269 1109 1
2269 5295 1
2269 810 1
2269 4433 1
2269 60 1
2269 739 1
2269 994 1
2269 431 1
2269 1186 1
1121 3120 1
1121 3754 1
1121 2033 1
1121 3645 1
1121 3208 1
498 5606 1
498 1190 1
498 1875 1
498 1263 1
498 3849 1
498 5492 1
498 726 1
498 39 1
498 1811 1
498 3862 1
498 1944 1
498 280 1
498 164 1
498 715 1
498 1598 1
498 1872 1
498 5446 1
498 584 1
498 1807 1
498 1794 1
498 446 1
498 4213 1
498 2209 1
498 1868 1
498 4275 1
498 1343 1
498 1896 1
498 452 1
498 4715 1
498 1294 1
498 4459 1
498 1873 1
498 3388 1
498 355 1
498 1510 1
498 744 1
498 1249 1
1479 3748 1
1479 747 1
1479 270 1
1479 2064 1
1479 3831 1
1479 2161 1
1479 5569 1
1479 2301 1
1479 271 1
1479 144 1
185 1659 1
185 5273 1
185 929 1
185 811 1
185 4752 1
185 828 1
185 3078 1
185 2511 1
2061 2517 1
2061 159 1
2061 530 1
2061 3833 1
2061 2084 1
2061 1099 1
2061 284 1
2061 579 1
2061 1807 1
2061 1401 1
2061 1214 1
2061 1331 1
2061 45 1
2061 1976 1
2061 1000 1
2061 3691 1
2061 421 1
2061 4070 1
2061 2408 1
374 1252 1
374 5509 1
374 5457 1
374 5510 1
374 2944 1
224 938 1
224 4305 1
224 4540 1
224 1382 1
224 5321 1
224 2325 1
224 1639 1
224 2113 1
224 108 1
224 4673 1
224 1593 1
224 1477 1
224 4329 1
224 4608 1
224 737 1
224 294 1
224 1192 1
224 5257 1
224 4444 1
224 13 1
224 530 1
224 3833 1
224 2084 1
224 843 1
224 1807 1
224 4597 1
224 2116 1
224 4456 1
224 943 1
224 329 1
224 1255 1
224 705 1
224 5322 1
224 1291 1
224 2254 1
224 784 1
224 2762 1
224 1798 1
224 2621 1
224 2618 1
224 944 1
224 4727 1
224 945 1
224 765 1
224 5319 1
224 4406 1
224 3896 1
224 4366 1
224 1648 1
224 102 1
224 1071 1
2659 4983 1
2659 5164 1
2659 1814 1
2659 5 1
2659 1533 1
2659 1864 1
2659 2880 1
2659 2503 1
2659 250 1
2659 2605 1
2659 56 1
2659 178 1
2659 196 1
2659 3247 1
1381 3541 1
1381 4652 1
1381 24 1
1381 2463 1
1381 10 1
1381 4785 1
1381 0 1
1381 1172 1
1381 289 1
1381 1996 1
1381 1325 1
1381 2346 1
1381 3944 1
2534 2379 1
2534 1431 1
2534 3139 1
2534 5702 1
2534 2120 1
2534 1577 1
2534 4217 1
2534 4213 1
2534 2426 1
2534 2209 1
2534 2477 1
2534 2201 1
2534 3961 1
2534 1706 1
2534 1821 1
1449 1060 1
1449 4366 1
1449 1269 1
1449 7 1
1449 1996 1
1449 409 1
1449 196 1
1449 298 1
1449 1873 1
1449 157 1
1449 2024 1
1221 3396 1
1221 2021 1
1221 2039 1
1221 970 1
1221 5604 1
1221 3848 1
1221 546 1
1086 4808 1
1086 193 1
1086 366 1
1086 4508 1
1086 2738 1
1086 136 1
1554 3054 1
1554 4197 1
1554 469 1
1554 24 1
1554 2328 1
1554 1913 1
1554 2425 1
1554 2102 1
1554 685 1
1554 3153 1
1554 1123 1
1405 1081 1
1405 2126 1
1405 3013 1
1405 648 1
1405 847 1
1405 3010 1
1405 2281 1
1405 1918 1
1405 4546 1
1405 2039 1
1405 1493 1
1405 160 1
1405 556 1
1405 5139 1
1405 848 1
1405 3991 1
1405 2886 1
1405 2752 1
1405 2119 1
1405 4769 1
1405 1069 1
1405 1714 1
1405 4633 1
1405 3140 1
1405 3435 1
1405 2734 1
1405 4023 1
1405 60 1
1405 2973 1
1405 2400 1
1405 965 1
1405 705 1
1405 3662 1
1405 2776 1
1405 5322 1
1405 604 1
1405 2310 1
1405 61 1
1405 2114 1
1405 1543 1
1405 3937 1
1405 1753 1
1405 5186 1
1405 1135 1
1405 777 1
1405 669 1
1405 641 1
1405 654 1
1405 2053 1
1405 1559 1
1405 4017 1
1405 456 1
1405 911 1
1405 2 1
1405 4116 1
1405 4542 1
1405 7 1
1405 1203 1
1405 665 1
1405 814 1
1405 624 1
1405 614 1
1405 1071 1
1405 1698 1
625 907 1
625 1742 1
625 3792 1
625 1085 1
625 1340 1
625 2172 1
625 3715 1
625 2173 1
625 3408 1
1912 3137 1
1912 750 1
1912 3086 1
1912 1160 1
1912 4354 1
2607 3228 1
2607 2319 1
2607 1538 1
2607 1726 1
2607 4800 1
2607 289 1
2607 5558 1
2607 5421 1
2607 2616 1
2607 665 1
2607 2478 1
2607 431 1
2607 700 1
2607 1053 1
2607 1455 1
2607 60 1
939 1253 1
939 4272 1
939 458 1
939 2897 1
939 133 1
939 134 1
939 4317 1
939 648 1
710 196 1
710 426 1
710 380 1
710 2464 1
710 847 1
710 1410 1
2697 709 1
2697 4345 1
2697 3900 1
2697 198 1
2697 2045 1
2697 4552 1
2697 1679 1
2697 1922 1
2697 998 1
2697 5824 1
2697 506 1
2697 673 1
2697 1309 1
2697 2483 1
2697 2870 1
2697 1069 1
2697 2360 1
2697 801 1
2697 624 1
2697 298 1
2697 593 1
2697 965 1
2697 358 1
2697 5021 1
2697 3066 1
2697 431 1
2697 4130 1
2310 831 1
2310 4592 1
2310 426 1
2310 3037 1
2310 456 1
1254 5165 1
1254 3308 1
1254 3449 1
1254 1188 1
1254 843 1
1254 80 1
1254 1713 1
1254 2844 1
1254 198 1
1254 968 1
1254 3471 1
1254 5122 1
1254 425 1
1254 20 1
1254 3445 1
1254 1018 1
1254 4445 1
1254 3507 1
1254 3245 1
1254 587 1
1254 2585 1
1254 2116 1
1254 3499 1
1254 1807 1
1254 1194 1
1254 2876 1
1254 99 1
1254 1839 1
1254 2978 1
822 2592 1
822 3674 1
822 4524 1
822 3474 1
822 1401 1
822 2596 1
822 5774 1
822 2434 1
822 2857 1
822 1600 1
822 1223 1
822 4644 1
822 2593 1
822 3404 1
822 3122 1
822 5017 1
822 2597 1
822 42 1
822 2129 1
822 5747 1
822 2594 1
49 210 1
49 196 1
49 5 1
49 4229 1
49 4221 1
1508 1452 1
1508 270 1
1508 271 1
1508 3092 1
1508 4795 1
1508 3105 1
1508 1458 1
1508 1136 1
1508 2885 1
1508 1896 1
1508 1839 1
772 1814 1
772 781 1
772 292 1
772 2046 1
772 710 1
772 5757 1
772 1044 1
772 5562 1
772 4022 1
772 312 1
772 747 1
772 1061 1
772 2871 1
772 3114 1
772 867 1
772 1510 1
772 2978 1
2760 2062 1
2760 901 1
2760 4079 1
2760 4316 1
2760 4419 1
2760 2534 1
2760 111 1
2760 290 1
1331 2480 1
1331 247 1
1331 1148 1
1331 2653 1
1331 2743 1
1331 147 1
1331 781 1
1331 4892 1
1331 3625 1
1331 3527 1
1331 33 1
1331 5688 1
1331 703 1
1331 1904 1
1331 55 1
1331 298 1
1331 1053 1
1331 815 1
1750 1512 1
1750 4217 1
1750 913 1
1750 2371 1
1750 3912 1
1750 1839 1
316 16 1
316 1090 1
316 1533 1
316 456 1
316 848 1
2293 155 1
2293 3029 1
2293 5654 1
2293 536 1
2293 336 1
2293 650 1
2293 1961 1
2293 4403 1
2293 5739 1
2293 3383 1
2293 4561 1
362 3877 1
362 5360 1
362 1969 1
362 2024 1
362 264 1
362 4930 1
1590 4996 1
1590 1519 1
1590 5090 1
1590 5876 1
1590 288 1
1590 1447 1
1590 3329 1
1590 2579 1
1590 3492 1
1590 2097 1
1590 4764 1
1590 966 1
1590 839 1
1590 1223 1
1590 762 1
1590 3891 1
1590 1003 1
1590 3109 1
1590 1520 1
1590 3127 1
1590 2129 1
1590 34 1
783 4750 1
783 316 1
783 188 1
783 2502 1
783 4637 1
1257 3940 1
1257 316 1
1257 3814 1
1257 1821 1
1257 424 1
1257 738 1
2460 174 1
2460 709 1
2460 247 1
2460 4874 1
2460 1756 1
2460 29 1
2460 4732 1
2460 463 1
1265 786 1
1265 3502 1
1265 1172 1
1265 92 1
1265 259 1
1265 166 1
1265 483 1
1783 3056 1
1783 1303 1
1783 4311 1
1783 1766 1
1783 3810 1
2714 3077 1
2714 5367 1
2714 3779 1
2714 3996 1
2714 4835 1
2714 957 1
2714 2451 1
2714 3362 1
2673 2007 1
2673 1756 1
2673 4849 1
2673 828 1
2673 739 1
2673 317 1
2673 1667 1
401 989 1
401 1566 1
401 1 1
401 2366 1
401 4741 1
401 848 1
401 3991 1
401 650 1
401 1585 1
401 284 1
401 702 1
401 570 1
401 1586 1
401 1582 1
401 1583 1
1297 1911 1
1297 1245 1
1297 4719 1
1297 90 1
1297 3492 1
1297 3275 1
1297 3726 1
1297 289 1
1297 938 1
1297 2001 1
1297 5701 1
1297 2664 1
1225 16 1
1225 3751 1
1225 3078 1
1225 5384 1
1225 5615 1
1225 2400 1
2729 183 1
2729 2161 1
2729 1795 1
2729 1219 1
2729 143 1
1837 5458 1
1837 516 1
1837 2251 1
1837 1422 1
1837 1123 1
1837 4518 1
1837 157 1
1837 2787 1
1837 2479 1
2735 2251 1
2735 2750 1
2735 2544 1
2735 1578 1
2735 2826 1
2735 1340 1
2735 4803 1
2735 3302 1
2735 3618 1
302 166 1
302 680 1
302 1263 1
302 3426 1
302 2676 1
302 781 1
302 18 1
302 203 1
302 3814 1
302 848 1
302 2332 1
302 1337 1
302 1854 1
302 3783 1
302 5439 1
302 1259 1
302 3493 1
302 1264 1
302 1254 1
302 1256 1
302 2512 1
1698 4708 1
1698 2574 1
1698 10 1
1698 3484 1
1698 1606 1
1122 2245 1
1122 5226 1
1122 3761 1
1122 2661 1
1122 899 1
1122 200 1
1122 4751 1
2136 814 1
2136 5872 1
2136 497 1
2136 5539 1
2136 1542 1
2136 1085 1
964 2190 1
964 677 1
964 624 1
964 4010 1
964 497 1
964 2600 1
807 1262 1
807 272 1
807 364 1
807 2012 1
807 2562 1
807 866 1
1089 5264 1
1089 3146 1
1089 2417 1
1089 5076 1
1089 1536 1
1089 3596 1
1089 5508 1
1089 2030 1
1089 4599 1
1089 27 1
1089 1527 1
1089 1174 1
1089 5144 1
1089 2437 1
1089 2677 1
1089 1731 1
1089 5757 1
1089 5824 1
1089 3143 1
1089 4141 1
1089 1049 1
1089 947 1
1089 2779 1
1089 4839 1
1089 3141 1
1089 1623 1
1089 604 1
1089 1288 1
1089 416 1
1089 5760 1
1089 7 1
1089 570 1
1089 2291 1
1089 3958 1
1089 776 1
1089 1253 1
1089 2812 1
1089 296 1
1089 4693 1
1089 1665 1
1089 3213 1
1089 1560 1
1089 5329 1
1089 4560 1
1089 650 1
1089 835 1
1089 2301 1
1089 911 1
1089 5140 1
1089 5237 1
1089 29 1
1089 691 1
1089 2870 1
1089 2862 1
1089 102 1
1089 541 1
1089 1071 1
2497 1232 1
2497 4720 1
2497 1303 1
2497 1525 1
2497 3718 1
2497 264 1
2497 1711 1
2497 2498 1
1499 141 1
1499 3768 1
1499 466 1
1499 1968 1
1499 2652 1
1499 166 1
1499 2056 1
1789 1231 1
1789 166 1
1789 2313 1
1789 3849 1
1789 3744 1
1789 147 1
1789 5290 1
1789 2171 1
1789 1695 1
1789 5369 1
1789 1181 1
1789 203 1
1789 5886 1
1789 1219 1
1789 3142 1
1789 4733 1
1789 456 1
1789 1423 1
1789 839 1
1789 3450 1
1789 4897 1
1789 588 1
1789 954 1
1789 2763 1
1789 426 1
1789 1053 1
1789 1455 1
227 2564 1
227 4846 1
227 1527 1
227 60 1
227 867 1
227 4597 1
227 1672 1
227 1838 1
1642 858 1
1642 4993 1
1642 4557 1
1642 275 1
1642 3350 1
1642 269 1
1642 3792 1
1642 927 1
1642 1426 1
1642 889 1
1642 2190 1
1642 1157 1
1642 848 1
1642 924 1
1642 2024 1
1642 1224 1
1642 4994 1
1642 1529 1
1642 1851 1
1642 5310 1
1642 4781 1
1642 1095 1
1642 250 1
1642 5546 1
1642 372 1
1642 2870 1
1642 5298 1
1642 434 1
1642 2329 1
1642 235 1
1642 1582 1
1642 3830 1
1642 3626 1
1642 4305 1
1642 188 1
1642 1759 1
1642 738 1
1642 1053 1
1642 115 1
1642 4015 1
1642 16 1
963 764 1
963 239 1
963 368 1
963 2804 1
963 30 1
963 4181 1
963 39 1
963 1811 1
963 2317 1
963 3145 1
963 2752 1
963 4116 1
963 1600 1
963 1223 1
963 2870 1
963 1458 1
963 196 1
963 2923 1
963 240 1
963 2871 1
963 426 1
963 1233 1
963 1698 1
2512 900 1
2512 3854 1
2512 2666 1
2512 131 1
2512 1512 1
1442 3705 1
1442 2923 1
1442 2704 1
1442 554 1
1442 396 1
1442 4038 1
1442 1725 1
1442 2191 1
1442 701 1
2612 288 1
2612 505 1
2612 203 1
2612 645 1
2612 5553 1
2612 1219 1
2612 2429 1
2612 7 1
2612 831 1
2612 1988 1
2612 34 1
460 2544 1
460 1546 1
460 1873 1
460 419 1
460 1638 1
460 1263 1
2258 377 1
2258 3124 1
2258 3173 1
2258 1808 1
2258 3532 1
2258 3537 1
2258 3612 1
2258 1672 1
2258 5679 1
2704 887 1
2704 879 1
2704 3554 1
2704 1435 1
2704 1319 1
2704 1556 1
2704 292 1
2704 75 1
2704 407 1
2704 579 1
2704 3410 1
2704 169 1
2704 5433 1
2704 5312 1
2704 331 1
2704 312 1
2704 3481 1
2704 4464 1
2704 29 1
2704 418 1
1734 594 1
1734 2734 1
1734 604 1
1734 1245 1
1734 4872 1
1734 1071 1
1734 2208 1
212 569 1
212 906 1
212 785 1
212 5301 1
212 3174 1
212 904 1
212 4194 1
2675 3567 1
2675 48 1
2675 27 1
2675 1566 1
2675 3744 1
2675 3597 1
2675 278 1
2675 781 1
2675 2079 1
2675 3982 1
2675 1797 1
2675 3408 1
2675 4913 1
2675 2758 1
2675 3458 1
2675 5102 1
2675 918 1
2675 3648 1
2675 2677 1
2675 704 1
2675 2208 1
2675 1079 1
2675 2230 1
2675 63 1
2675 4018 1
2675 2734 1
2675 1975 1
2675 2615 1
2675 1740 1
2675 1105 1
2675 1340 1
2675 1638 1
2675 669 1
2675 4851 1
2675 4432 1
2589 632 1
2589 1156 1
2589 2608 1
2589 4748 1
2589 4913 1
2589 5661 1
2571 3321 1
2571 4222 1
2571 336 1
2571 2135 1
2571 3921 1
2571 92 1
2571 1231 1
2571 4258 1
304 2936 1
304 3110 1
304 2884 1
304 4894 1
304 3909 1
304 460 1
304 220 1
304 515 1
304 2196 1
304 3010 1
1139 403 1
1139 2198 1
1139 5173 1
1139 5381 1
1139 5020 1
1139 2770 1
1139 200 1
1139 2562 1
1139 4544 1
1139 4513 1
1139 1569 1
1139 2344 1
1139 196 1
1139 235 1
1139 1904 1
1139 2001 1
1139 60 1
1139 5090 1
1139 34 1
2527 36 1
2527 1926 1
2527 1918 1
2527 624 1
2527 3338 1
2527 60 1
2527 4742 1
2527 5288 1
2527 528 1
2557 1092 1
2557 4761 1
2557 132 1
2557 5358 1
2557 3220 1
1208 3543 1
1208 1518 1
1208 663 1
1208 202 1
1208 1533 1
1208 1128 1
1208 704 1
2194 217 1
2194 580 1
2194 4942 1
2194 869 1
2194 848 1
2194 5143 1
2194 284 1
2194 40 1
1290 1029 1
1290 1668 1
1290 4572 1
1290 92 1
1290 3503 1
2241 85 1
2241 2394 1
2241 2323 1
2241 3766 1
2241 889 1
2241 1873 1
2241 23 1
2241 4803 1
2241 1533 1
2241 788 1
2241 2081 1
2241 310 1
2241 3373 1
2241 4159 1
2241 1768 1
2241 665 1
2241 196 1
2241 624 1
2241 4023 1
2241 938 1
2241 1105 1
2241 1186 1
2241 157 1
2241 1896 1
2241 418 1
1292 1074 1
1292 2114 1
1292 5021 1
1292 40 1
1292 1711 1
1292 1922 1
209 895 1
209 196 1
209 1470 1
209 1328 1
209 1698 1
2672 4848 1
2672 4572 1
2672 5426 1
2672 1053 1
2672 5200 1
2078 2521 1
2078 1175 1
2078 241 1
2078 764 1
2078 166 1
2078 701 1
1372 2005 1
1372 3616 1
1372 2266 1
1372 2305 1
1372 3731 1
1372 1439 1
1372 1188 1
1372 1029 1
1372 23 1
1372 704 1
1372 1833 1
1372 702 1
1372 2624 1
1372 327 1
1372 289 1
1372 45 1
1372 703 1
1372 452 1
1372 235 1
1372 5616 1
1372 4305 1
1372 645 1
1372 1254 1
1372 157 1
1372 2081 1
1372 34 1
1071 43 1
1071 78 1
1071 1029 1
1071 1679 1
1071 2001 1
1071 1669 1
1071 431 1
1071 258 1
2072 1262 1
2072 3470 1
2072 1450 1
2072 3970 1
2072 866 1
2187 2434 1
2187 168 1
2187 4852 1
2187 2590 1
2187 416 1
2187 3347 1
2187 3350 1
2187 2596 1
2187 4494 1
2187 1815 1
2187 522 1
2187 4017 1
2187 2050 1
2187 1984 1
2187 716 1
2187 3091 1
2187 3179 1
2187 1038 1
2187 2085 1
450 92 1
450 28 1
450 989 1
450 136 1
450 2114 1
1085 5506 1
1085 2013 1
1085 4834 1
1085 1143 1
1085 556 1
1085 4906 1
1085 5261 1
1085 2136 1
1085 3793 1
1085 5840 1
1085 3121 1
1085 2429 1
1085 5841 1
1085 576 1
1085 2439 1
1085 5575 1
1085 3123 1
1085 3122 1
1085 1335 1
1085 3882 1
1085 3153 1
1085 4421 1
1085 4962 1
1085 4253 1
1085 3767 1
1123 846 1
1123 3312 1
1123 3210 1
1123 4892 1
1123 2915 1
2766 139 1
2766 464 1
2766 1911 1
2766 458 1
2766 2176 1
2766 821 1
2766 1964 1
2766 5618 1
2766 2664 1
2766 1954 1
2771 3897 1
2771 1987 1
2771 166 1
2771 4957 1
2771 1378 1
356 3500 1
356 1814 1
356 2573 1
356 536 1
356 36 1
356 2032 1
356 2737 1
356 284 1
356 2557 1
356 968 1
356 2363 1
356 318 1
356 711 1
356 178 1
356 25 1
356 3179 1
356 5104 1
356 1821 1
356 1256 1
977 1202 1
977 313 1
977 3896 1
977 2523 1
977 5710 1
977 1873 1
977 5123 1
977 2886 1
977 1053 1
1506 1544 1
1506 1195 1
1506 3982 1
1506 3473 1
1506 1126 1
1506 392 1
2749 263 1
2749 5273 1
2749 3275 1
2749 1582 1
2749 375 1
2749 648 1
72 706 1
72 349 1
72 680 1
72 751 1
72 354 1
72 3081 1
72 712 1
72 5103 1
72 346 1
72 4524 1
72 2799 1
72 781 1
72 251 1
72 671 1
72 1401 1
72 2700 1
72 2110 1
72 2309 1
72 2128 1
72 579 1
72 99 1
72 3092 1
72 3134 1
72 2055 1
72 1658 1
72 2605 1
72 1803 1
72 3263 1
72 1689 1
72 1123 1
72 3626 1
72 355 1
72 162 1
919 155 1
919 4755 1
919 203 1
919 1943 1
919 2685 1
919 386 1
919 1854 1
919 3573 1
919 843 1
919 2222 1
919 1638 1
919 2082 1
813 100 1
813 878 1
813 2639 1
813 1148 1
813 1798 1
813 1181 1
813 1478 1
2770 2053 1
2770 92 1
2770 867 1
2770 134 1
2770 4349 1
1277 4818 1
1277 1764 1
1277 2379 1
1277 543 1
1277 2150 1
1277 904 1
1277 3810 1
1329 1518 1
1329 1167 1
1329 876 1
1329 259 1
1329 1053 1
1329 2579 1
1329 1519 1
1329 1520 1
1739 1582 1
1739 1712 1
1739 17 1
1739 29 1
1739 463 1
1739 368 1
282 4912 1
282 2833 1
282 2728 1
282 1161 1
282 854 1
282 5408 1
282 4647 1
282 346 1
282 1708 1
282 1169 1
282 1167 1
282 29 1
282 1092 1
282 1053 1
282 34 1
1016 2976 1
1016 5656 1
1016 2975 1
1016 3986 1
1016 3665 1
1016 645 1
1016 1308 1
1016 2627 1
1016 966 1
1016 2045 1
1016 547 1
1016 5647 1
1016 898 1
1016 3317 1
1016 2823 1
1016 5824 1
1016 2916 1
1016 2977 1
1016 4280 1
1016 281 1
1016 2027 1
1016 2800 1
1016 4791 1
1016 593 1
1016 60 1
1016 5295 1
704 4512 1
704 889 1
704 2340 1
704 2763 1
704 1687 1
704 3794 1
704 4131 1
704 783 1
704 122 1
704 1658 1
704 1739 1
704 3563 1
704 1105 1
704 2338 1
1788 4137 1
1788 1179 1
1788 4126 1
1788 341 1
1788 1191 1
1788 4737 1
1788 1196 1
1788 4118 1
1788 1933 1
1788 2968 1
1788 121 1
1788 1553 1
1788 1925 1
1788 4119 1
1788 3338 1
1788 1180 1
1788 710 1
1788 5885 1
1788 3983 1
1788 2178 1
1788 3497 1
1788 4116 1
1788 4411 1
1788 446 1
1788 4416 1
1788 2119 1
1788 1441 1
1788 1203 1
1788 312 1
1788 1202 1
1788 2116 1
1788 3435 1
1788 3758 1
1788 5797 1
1788 5606 1
1788 1000 1
278 3849 1
278 27 1
278 1156 1
278 295 1
278 788 1
278 1153 1
278 403 1
278 3862 1
278 4383 1
278 3795 1
278 954 1
278 203 1
278 2702 1
278 5 1
278 208 1
278 764 1
278 1308 1
278 1149 1
278 2703 1
278 1154 1
278 20 1
278 704 1
278 1466 1
278 570 1
278 63 1
278 3634 1
278 196 1
278 2667 1
278 4142 1
278 1591 1
278 4420 1
278 1157 1
278 5405 1
278 2000 1
1114 2475 1
1114 2158 1
1114 4887 1
1114 426 1
1114 5835 1
1114 2598 1
2012 166 1
2012 2269 1
2012 510 1
2012 5090 1
2012 27 1
2012 2334 1
2012 32 1
2012 4135 1
2012 5889 1
2012 1836 1
2012 1534 1
2012 781 1
2012 4504 1
2012 2202 1
2012 2664 1
2012 4590 1
2012 5856 1
2012 126 1
2012 791 1
2012 1078 1
2012 2275 1
2012 3910 1
2012 1021 1
2012 1224 1
2012 5135 1
2012 1854 1
2012 1255 1
2012 702 1
2012 2614 1
2012 3885 1
2012 440 1
2012 178 1
2012 3737 1
2012 324 1
2012 4654 1
2012 4218 1
2012 426 1
2012 1444 1
2012 29 1
2012 1768 1
2012 1327 1
2012 3490 1
1574 3280 1
1574 60 1
1574 2632 1
1574 258 1
1574 1833 1
1574 3092 1
1574 634 1
1574 289 1
1574 685 1
1574 3877 1
1574 2288 1
1574 1724 1
1574 360 1
1574 34 1
2034 345 1
2034 638 1
2034 785 1
2034 4348 1
2034 1277 1
1529 2207 1
1529 5465 1
1529 3500 1
1529 17 1
1529 5212 1
1529 1666 1
1529 847 1
1529 1378 1
576 4521 1
576 2075 1
576 915 1
576 1695 1
576 2693 1
576 309 1
576 169 1
576 1564 1
576 166 1
576 2073 1
576 3511 1
576 1724 1
576 2077 1
954 1872 1
954 3164 1
954 355 1
954 5181 1
954 3784 1
89 2488 1
89 415 1
89 985 1
89 1227 1
89 2057 1
2287 4580 1
2287 4794 1
2287 1904 1
2287 938 1
2287 465 1
2287 3676 1
2287 1544 1
1354 3311 1
1354 2292 1
1354 5152 1
1354 1754 1
1354 1933 1
1354 915 1
1354 1549 1
1354 152 1
1354 5266 1
1354 36 1
1354 5134 1
1354 3589 1
1354 848 1
1354 2428 1
1354 5064 1
1354 5268 1
1354 4670 1
1354 885 1
1354 320 1
1354 440 1
1354 2053 1
1354 5219 1
1354 4304 1
2453 1055 1
2453 2152 1
2453 2073 1
2453 2000 1
2453 1411 1
2453 166 1
2453 419 1
2453 5880 1
2453 738 1
326 377 1
326 3883 1
326 16 1
326 3626 1
326 1551 1
326 2696 1
326 111 1
326 4226 1
193 2620 1
193 1687 1
193 828 1
193 4273 1
193 838 1
193 271 1
193 2580 1
193 1053 1
193 452 1
193 3225 1
193 836 1
193 316 1
193 1254 1
193 157 1
193 34 1
2566 2861 1
2566 5883 1
2566 1439 1
2566 638 1
2566 3434 1
2566 4156 1
2542 1682 1
2542 2809 1
2542 5134 1
2542 1029 1
2542 80 1
2542 4887 1
2542 1149 1
2542 4393 1
2542 1428 1
2542 5493 1
2542 622 1
2542 4505 1
2542 4420 1
2542 5227 1
2542 624 1
2542 55 1
2542 938 1
2542 3537 1
2542 687 1
780 5221 1
780 240 1
780 1489 1
780 3772 1
780 2499 1
780 2480 1
1264 5128 1
1264 3952 1
1264 2460 1
1264 1237 1
1264 4829 1
1264 1528 1
1264 2735 1
1264 5360 1
2408 2984 1
2408 926 1
2408 1626 1
2408 2561 1
2408 940 1
2408 397 1
2408 1608 1
2408 2089 1
2408 3131 1
2408 4445 1
2408 1331 1
2408 5273 1
2408 580 1
2408 302 1
2408 925 1
2174 2203 1
2174 269 1
2174 19 1
2174 3862 1
2174 2317 1
2174 270 1
2174 535 1
2174 4362 1
2174 968 1
2174 271 1
2174 788 1
2174 3131 1
2174 506 1
2174 289 1
2174 5754 1
2174 4018 1
2174 2222 1
2174 4305 1
2174 4668 1
2174 867 1
2174 1254 1
2174 157 1
2174 1583 1
43 4001 1
43 176 1
43 4419 1
43 175 1
43 3696 1
1870 269 1
1870 24 1
1870 270 1
1870 848 1
1870 2173 1
1870 271 1
1870 3092 1
1870 3246 1
1870 240 1
1870 2359 1
1870 828 1
1870 1512 1
1518 4792 1
1518 196 1
1518 2571 1
1518 5518 1
1518 624 1
1518 3459 1
1518 5840 1
2652 280 1
2652 1823 1
2652 1554 1
2652 1797 1
2652 31 1
2652 1943 1
2652 1290 1
2652 2115 1
2652 702 1
2652 1525 1
2652 3271 1
2652 4152 1
2652 3758 1
2354 1073 1
2354 1891 1
2354 2050 1
2354 2991 1
2354 962 1
713 365 1
713 484 1
713 1486 1
713 279 1
713 1474 1
2773 1303 1
2773 3114 1
2773 2286 1
2773 4230 1
2773 4559 1
652 452 1
652 4142 1
652 3299 1
652 1768 1
652 1639 1
652 5697 1
652 1101 1
652 2642 1
652 2617 1
652 586 1
652 646 1
652 89 1
652 4779 1
652 989 1
652 27 1
652 160 1
652 3073 1
652 4132 1
652 1355 1
652 5289 1
652 699 1
652 2240 1
652 583 1
652 2738 1
652 554 1
652 4020 1
652 1755 1
652 3936 1
652 2241 1
652 3282 1
652 2233 1
652 3339 1
652 202 1
652 1543 1
652 3642 1
652 749 1
652 3813 1
652 1648 1
652 3162 1
652 2177 1
652 1171 1
652 164 1
652 517 1
652 1162 1
652 425 1
652 1277 1
652 2 1
652 548 1
652 2221 1
652 2239 1
652 1838 1
652 3184 1
652 2236 1
652 1053 1
300 1252 1
300 560 1
300 1292 1
300 1251 1
300 774 1
300 5437 1
300 867 1
300 1250 1
1062 3090 1
1062 1529 1
1062 3089 1
1062 3086 1
1062 3423 1
1062 5797 1
1062 3087 1
1062 1922 1
1062 4116 1
1062 2363 1
1062 2750 1
1062 1892 1
1062 5370 1
1062 5560 1
1062 3007 1
1062 3729 1
1062 281 1
1062 1809 1
1062 2725 1
1062 1847 1
1062 1340 1
1062 4125 1
1062 943 1
1062 3088 1
2235 1446 1
2235 1519 1
2235 1840 1
2235 1950 1
2235 4522 1
2235 1824 1
2235 39 1
2235 3329 1
2235 2579 1
2235 1834 1
2235 781 1
2235 2171 1
2235 4560 1
2235 5258 1
2235 4931 1
2235 1721 1
2235 5824 1
2235 276 1
2235 4923 1
2235 1013 1
2235 2752 1
2235 1607 1
2235 3322 1
2235 4794 1
2235 4536 1
2235 1343 1
2235 2148 1
2235 1003 1
2235 1520 1
2235 2218 1
2235 5820 1
2235 2790 1
2235 669 1
2235 360 1
2235 2960 1
1148 388 1
1148 2763 1
1148 1742 1
1148 2053 1
1148 5710 1
1148 1690 1
1148 1693 1
1148 5646 1
1148 943 1
1148 4608 1
834 3543 1
834 463 1
834 2615 1
834 284 1
834 469 1
834 1859 1
834 850 1
834 2024 1
834 687 1
1516 1495 1
1516 1518 1
1516 3632 1
1516 1559 1
1516 1546 1
1516 1571 1
1516 1213 1
1516 3408 1
603 4287 1
603 2137 1
603 5259 1
603 1006 1
603 2469 1
603 2135 1
2623 2067 1
2623 543 1
2623 2062 1
2623 4357 1
2623 1841 1
2623 2460 1
2623 2225 1
2623 1211 1
2623 1325 1
2623 188 1
2623 1891 1
246 4261 1
246 4176 1
246 1527 1
246 1162 1
246 1020 1
246 1021 1
246 808 1
246 5359 1
246 4450 1
187 155 1
187 416 1
187 1836 1
187 3862 1
187 2957 1
187 36 1
187 817 1
187 5276 1
187 3011 1
187 1095 1
187 819 1
187 818 1
187 465 1
640 218 1
640 315 1
640 1616 1
640 4746 1
640 1713 1
640 2204 1
640 579 1
640 3528 1
640 2363 1
640 4385 1
640 76 1
640 4592 1
640 2205 1
640 360 1
640 3759 1
1625 562 1
1625 2756 1
1625 3339 1
1625 5680 1
1625 5597 1
1625 2240 1
2259 4560 1
2259 3377 1
2259 5757 1
2259 960 1
2259 947 1
2259 4920 1
2259 1320 1
2259 1348 1
2259 4336 1
2259 4200 1
2259 4911 1
999 4647 1
999 2394 1
999 403 1
999 5654 1
999 3131 1
999 31 1
999 2937 1
999 3982 1
999 4127 1
999 3850 1
999 1329 1
999 1525 1
999 451 1
999 1577 1
999 271 1
999 1026 1
999 297 1
999 4244 1
999 699 1
999 3110 1
999 2933 1
999 1984 1
999 455 1
999 2938 1
999 1441 1
999 5695 1
999 506 1
999 703 1
999 196 1
999 4203 1
999 1582 1
999 293 1
999 4080 1
999 2129 1
999 444 1
999 3427 1
999 486 1
999 157 1
999 3176 1
999 1711 1
999 3618 1
2774 5887 1
2774 2812 1
2774 1500 1
2774 4200 1
2774 2498 1
1110 25 1
1110 5006 1
1110 325 1
1110 2743 1
1110 4892 1
1110 3805 1
1110 2131 1
1158 1171 1
1158 530 1
1158 453 1
1158 1571 1
1158 79 1
1279 4150 1
1279 5466 1
1279 5273 1
1279 4196 1
1279 3342 1
1279 2783 1
1279 605 1
1825 1312 1
1825 5259 1
1825 4839 1
1825 5066 1
1825 2908 1
1825 3042 1
2049 3470 1
2049 2256 1
2049 3793 1
2049 4478 1
2049 4163 1
2049 866 1
592 150 1
592 593 1
592 2446 1
592 1029 1
592 2826 1
592 284 1
592 2107 1
592 446 1
592 3233 1
592 1846 1
592 557 1
592 1348 1
592 5669 1
592 2986 1
592 2129 1
592 2108 1
592 541 1
2699 2126 1
2699 16 1
2699 1642 1
2699 4099 1
2699 2768 1
707 2348 1
707 799 1
707 1616 1
707 279 1
707 1606 1
707 2293 1
707 192 1
707 4129 1
707 2349 1
707 2346 1
707 1638 1
707 3688 1
1111 3736 1
1111 709 1
1111 5712 1
1111 279 1
1111 2428 1
1111 4892 1
1111 1990 1
1111 349 1
609 5617 1
609 5677 1
609 55 1
609 1137 1
609 92 1
609 354 1
609 1533 1
609 2152 1
609 322 1
1240 3685 1
1240 3421 1
1240 116 1
1240 155 1
1240 341 1
1240 3201 1
1240 1944 1
1240 36 1
1240 1038 1
1240 5386 1
1240 762 1
1240 1565 1
1240 5043 1
1240 196 1
1240 3819 1
1240 5277 1
1240 34 1
689 11 1
689 1486 1
689 325 1
689 2320 1
689 2321 1
689 1404 1
689 623 1
689 4149 1
757 1296 1
757 2940 1
757 709 1
757 2086 1
757 354 1
2022 3826 1
2022 587 1
2022 795 1
2022 16 1
2022 604 1
2022 2758 1
2022 3901 1
2022 2248 1
2022 175 1
2173 397 1
2173 4760 1
2173 671 1
2173 548 1
2173 5796 1
2173 2062 1
2173 4485 1
2173 703 1
2173 1606 1
2173 2301 1
2173 2760 1
2173 271 1
2173 1595 1
2173 2662 1
2173 3847 1
2173 506 1
2173 2787 1
2173 447 1
2173 4514 1
2173 324 1
2173 4670 1
2173 2341 1
2173 368 1
2173 938 1
2173 1925 1
2173 1891 1
2173 4070 1
2173 3229 1
2173 2792 1
2173 528 1
547 325 1
547 3095 1
547 5637 1
547 1254 1
547 3133 1
547 40 1
542 3627 1
542 16 1
542 4522 1
542 2161 1
542 92 1
542 2051 1
542 1261 1
542 648 1
542 847 1
542 1760 1
514 4325 1
514 119 1
514 3849 1
514 4309 1
514 1833 1
514 2119 1
514 566 1
514 5176 1
514 1899 1
514 5457 1
514 1635 1
514 2479 1
318 580 1
318 1483 1
318 2885 1
318 1143 1
318 970 1
318 966 1
318 61 1
318 1608 1
318 4623 1
1872 3527 1
1872 795 1
1872 3933 1
1872 4586 1
1872 2957 1
1872 4632 1
1872 1042 1
1872 36 1
1872 5822 1
1872 2721 1
1872 80 1
1872 49 1
1872 1807 1
1872 3369 1
1872 4340 1
1872 4198 1
1872 802 1
1872 2055 1
1872 1991 1
1872 1188 1
1872 4641 1
1872 1996 1
1872 3112 1
1872 2554 1
1872 447 1
1872 2662 1
1872 4377 1
1872 580 1
1872 107 1
1872 3759 1
1872 55 1
1872 2257 1
1872 99 1
1872 1510 1
1872 5200 1
1872 4258 1
584 1070 1
584 2337 1
584 1962 1
584 636 1
584 806 1
584 4974 1
584 3330 1
1088 1248 1
1088 3137 1
1088 656 1
1088 134 1
1088 847 1
1088 821 1
1088 3297 1
1088 246 1
1088 248 1
1088 2661 1
1088 1637 1
1088 294 1
1088 3037 1
1088 5724 1
1088 500 1
1088 2587 1
1088 2599 1
1088 2522 1
1088 3085 1
1088 3708 1
1088 1948 1
1088 707 1
1088 1350 1
1088 271 1
1088 1410 1
1088 3573 1
1088 1095 1
1088 1581 1
1088 184 1
1088 3135 1
1088 3140 1
1088 3758 1
1088 1873 1
1088 60 1
1088 236 1
1088 95 1
1088 4281 1
1088 1738 1
1088 92 1
1088 3133 1
1088 3138 1
1088 570 1
1088 2291 1
1088 237 1
1088 1400 1
1088 2414 1
1088 4268 1
1088 3736 1
1088 3748 1
1088 5 1
1088 28 1
1088 5370 1
1088 58 1
1088 488 1
1088 2201 1
1088 4075 1
1088 4266 1
1088 3025 1
1088 188 1
1088 4710 1
1088 3048 1
1088 3631 1
2661 4882 1
2661 1861 1
2661 4023 1
2661 2492 1
2661 5859 1
2661 5030 1
2661 3494 1
2661 2543 1
2661 2432 1
2274 1929 1
2274 5875 1
2274 2871 1
2274 5671 1
2274 4570 1
2274 406 1
2274 4504 1
2274 2958 1
2274 1175 1
2274 945 1
2274 710 1
2274 3727 1
2274 1026 1
2274 3369 1
2274 2238 1
2274 3093 1
2274 1216 1
2274 1146 1
2274 1825 1
2274 2611 1
2274 1722 1
2274 4269 1
2274 2738 1
2274 5665 1
2274 107 1
2274 2213 1
2274 4023 1
2274 2885 1
2274 3683 1
2274 2792 1
671 2287 1
671 1307 1
671 4438 1
671 469 1
671 2957 1
671 3338 1
671 2319 1
671 1538 1
671 1595 1
671 757 1
671 289 1
671 5533 1
671 4141 1
671 5439 1
671 2288 1
671 2082 1
671 157 1
671 290 1
867 2966 1
867 1480 1
867 506 1
867 1996 1
867 2483 1
867 2872 1
867 1317 1
867 624 1
867 2231 1
867 1322 1
867 157 1
867 3631 1
2153 1183 1
2153 5305 1
2153 1566 1
2153 1253 1
2153 16 1
2153 1123 1
2153 912 1
1228 4146 1
1228 4865 1
1228 3402 1
1228 92 1
1228 2338 1
1228 968 1
1228 4898 1
1228 1666 1
2390 989 1
2390 5524 1
2390 1153 1
2390 2198 1
2390 3452 1
2390 2755 1
2390 3092 1
2390 5043 1
2390 1069 1
2390 3519 1
2390 2482 1
2390 2095 1
2390 1186 1
1994 2328 1
1994 3845 1
1994 23 1
1994 1841 1
1994 200 1
1994 5161 1
1994 4923 1
1994 2759 1
1994 4791 1
1994 1724 1
1994 3688 1
1994 2245 1
210 1337 1
210 1668 1
210 2558 1
210 1354 1
210 5297 1
210 92 1
210 899 1
210 1309 1
210 898 1
1415 4114 1
1415 1035 1
1415 572 1
1415 60 1
1415 1074 1
1415 1254 1
1415 34 1
1666 3695 1
1666 1161 1
1666 5133 1
1666 3787 1
1666 2693 1
1666 5885 1
1666 2496 1
1666 1984 1
1666 1100 1
1666 307 1
1666 447 1
1666 1797 1
744 1598 1
744 4773 1
744 247 1
744 2300 1
744 1254 1
744 4189 1
744 5736 1
744 930 1
2239 2655 1
2239 1092 1
2239 1879 1
2239 611 1
2239 422 1
1425 4493 1
1425 331 1
1425 2967 1
1425 1162 1
1425 2225 1
1425 3915 1
1425 1653 1
1425 3629 1
1425 2379 1
1425 3307 1
1425 1070 1
1425 5648 1
173 3849 1
173 244 1
173 27 1
173 469 1
173 295 1
173 1299 1
173 5261 1
173 287 1
173 1554 1
173 1175 1
173 28 1
173 762 1
173 3891 1
173 1233 1
173 360 1
173 34 1
2473 4971 1
2473 4330 1
2473 4284 1
2473 819 1
2473 111 1
12 2896 1
12 2346 1
12 2641 1
12 2652 1
12 3805 1
12 431 1
2152 17 1
2152 706 1
2152 1762 1
2152 2185 1
2152 32 1
2152 2200 1
2152 3602 1
2152 3228 1
2152 553 1
2152 1254 1
2152 1351 1
2152 447 1
2152 4459 1
2152 2478 1
2152 2531 1
2152 4198 1
1876 5615 1
1876 1354 1
1876 1738 1
1876 1137 1
1876 2364 1
1876 867 1
1876 4006 1
1876 4207 1
1876 2114 1
28 114 1
28 4996 1
28 2352 1
28 623 1
28 116 1
28 469 1
28 4993 1
28 4511 1
28 671 1
28 3223 1
28 2876 1
28 4994 1
28 4159 1
28 4796 1
28 2338 1
876 341 1
876 928 1
876 1174 1
876 799 1
876 142 1
876 1713 1
876 757 1
876 456 1
876 5793 1
876 702 1
876 5109 1
876 417 1
876 204 1
876 2081 1
876 875 1
876 1582 1
876 795 1
876 1896 1
2056 4371 1
2056 2578 1
2056 1662 1
2056 2225 1
2056 712 1
2056 169 1
2056 240 1
2056 465 1
2056 99 1
2056 1128 1
2056 34 1
2752 2039 1
2752 3274 1
2752 2524 1
2752 3718 1
2752 989 1
2752 136 1
2752 1756 1
235 270 1
235 238 1
235 4400 1
235 972 1
235 2173 1
235 294 1
235 1725 1
235 271 1
235 482 1
2546 746 1
2546 4753 1
2546 1269 1
2546 134 1
2546 648 1
2546 738 1
600 778 1
600 1233 1
600 1221 1
600 1062 1
600 157 1
600 2498 1
2783 3597 1
2783 782 1
2783 848 1
2783 4419 1
2783 253 1
2783 5263 1
2783 276 1
2783 4103 1
2783 1095 1
2783 826 1
2783 3373 1
2783 4927 1
2783 1128 1
2783 3225 1
2783 1387 1
2783 814 1
2783 4005 1
2783 1565 1
2783 360 1
2783 2210 1
2223 185 1
2223 4523 1
2223 761 1
2223 5173 1
2223 866 1
484 850 1
484 1433 1
484 36 1
484 4619 1
484 1434 1
484 400 1
484 5124 1
484 2783 1
484 1424 1
1665 170 1
1665 881 1
1665 2492 1
1665 2275 1
1665 166 1
1665 712 1
2143 722 1
2143 889 1
2143 3307 1
2143 1808 1
2143 1105 1
2143 47 1
1557 569 1
1557 1904 1
1557 5303 1
1557 2026 1
1557 2001 1
1557 605 1
544 751 1
544 4656 1
544 3849 1
544 5546 1
544 5466 1
544 3841 1
544 1811 1
544 5014 1
544 4365 1
544 1938 1
544 1995 1
544 23 1
544 3761 1
544 4675 1
544 1990 1
544 1992 1
544 1167 1
544 1861 1
544 1991 1
544 4935 1
544 3735 1
544 1471 1
544 4018 1
544 3908 1
544 3435 1
544 2222 1
544 240 1
544 298 1
544 2501 1
544 230 1
544 104 1
544 2735 1
180 779 1
180 4079 1
180 1559 1
180 778 1
180 5265 1
180 774 1
180 454 1
1138 3668 1
1138 4396 1
1138 1232 1
1138 1608 1
1138 2196 1
1138 3555 1
1138 3399 1
1138 4420 1
1138 2871 1
1138 4522 1
1138 5585 1
1138 1724 1
1138 3683 1
1138 3046 1
1138 3247 1
2025 1996 1
2025 2201 1
2025 1797 1
2025 4183 1
2025 3900 1
1276 552 1
1276 889 1
1276 3345 1
1276 558 1
1276 2011 1
1276 1418 1
1276 1105 1
1276 3346 1
1276 3622 1
1276 2440 1
503 441 1
503 1438 1
503 16 1
503 2062 1
503 1885 1
503 360 1
503 848 1
2750 1133 1
2750 3963 1
2750 569 1
2750 4958 1
2750 4304 1
2750 5150 1
1363 44 1
1363 403 1
1363 24 1
1363 164 1
1363 1611 1
1363 2318 1
1363 5 1
1363 245 1
1363 506 1
1363 2355 1
1363 822 1
1363 1069 1
1363 824 1
1363 447 1
1363 4164 1
1363 196 1
1363 624 1
1363 60 1
1363 2790 1
2328 3465 1
2328 2343 1
2328 1370 1
2328 812 1
2328 147 1
2328 280 1
2328 1183 1
2328 4473 1
2328 2251 1
2328 1422 1
2328 1687 1
2328 2529 1
2328 2616 1
2328 2371 1
2328 1734 1
2328 20 1
2328 699 1
2328 3646 1
2328 2171 1
2328 2252 1
2328 750 1
2328 2046 1
2328 2350 1
2328 665 1
2328 452 1
2328 3086 1
2328 1317 1
2328 1322 1
2328 2257 1
2328 867 1
2328 157 1
2328 2479 1
2328 1058 1
1010 5288 1
1010 1391 1
1010 1250 1
1010 777 1
1010 2476 1
1010 1872 1
1010 2967 1
1010 2186 1
1010 4803 1
1010 3142 1
1010 3325 1
1010 1794 1
1010 4275 1
1010 409 1
1010 1326 1
1010 3683 1
1010 1839 1
863 36 1
863 3729 1
863 1781 1
863 744 1
863 1551 1
1531 447 1
1531 178 1
1531 2056 1
1531 240 1
1531 1713 1
1531 166 1
1531 40 1
1127 32 1
1127 2983 1
1127 730 1
1127 1939 1
1127 5738 1
1127 2317 1
1127 4217 1
1127 1422 1
1127 1222 1
1127 4608 1
1127 1351 1
1127 1228 1
1127 1069 1
1127 1220 1
1127 491 1
1127 3683 1
1127 541 1
1127 1058 1
632 3486 1
632 1754 1
632 2049 1
632 658 1
632 5006 1
632 1687 1
632 1608 1
632 1666 1
632 1223 1
632 3891 1
632 5688 1
632 4164 1
632 654 1
632 1422 1
632 1724 1
701 2332 1
701 3782 1
701 4521 1
701 373 1
701 1100 1
701 45 1
701 5674 1
701 3132 1
701 674 1
701 5039 1
701 1442 1
1285 2244 1
1285 1739 1
1285 238 1
1285 3554 1
1285 4063 1
1285 2711 1
1285 3750 1
1285 2575 1
1285 4030 1
391 3248 1
391 1196 1
391 1553 1
391 710 1
391 4335 1
1237 2841 1
1237 5860 1
1237 270 1
1237 166 1
1237 541 1
1237 1967 1
1428 5163 1
1428 709 1
1428 1338 1
1428 3019 1
1428 458 1
1428 1442 1
1428 5204 1
1428 1602 1
922 4758 1
922 24 1
922 2128 1
922 60 1
922 1595 1
922 2682 1
922 3404 1
922 2611 1
922 4377 1
922 107 1
922 2544 1
922 3644 1
922 1123 1
922 2792 1
922 1104 1
2679 1179 1
2679 147 1
2679 1183 1
2679 2700 1
2679 4803 1
2679 386 1
2679 2854 1
2679 2119 1
2679 4516 1
2679 1976 1
2679 665 1
2679 5541 1
2679 780 1
2679 1510 1
985 2191 1
985 1282 1
985 3262 1
985 3957 1
985 5174 1
985 235 1
985 4378 1
985 214 1
985 3149 1
985 1618 1
985 612 1
985 4611 1
985 1670 1
985 3720 1
985 2895 1
985 3072 1
985 2439 1
985 2137 1
985 106 1
985 2705 1
985 806 1
985 3037 1
985 672 1
985 5082 1
985 1554 1
985 2062 1
985 2896 1
985 4401 1
985 2376 1
985 5817 1
985 5621 1
985 4068 1
985 182 1
985 2032 1
985 42 1
985 2897 1
985 3132 1
985 1460 1
985 5018 1
985 1260 1
985 210 1
985 3769 1
985 3812 1
985 4302 1
985 3133 1
985 58 1
985 1377 1
985 2418 1
985 5486 1
985 4873 1
985 5236 1
985 1665 1
985 4886 1
985 2481 1
985 5519 1
985 5122 1
985 1556 1
985 2759 1
985 312 1
985 196 1
985 3537 1
985 2589 1
1791 2600 1
1791 5330 1
1791 654 1
1791 5840 1
1791 3797 1
1791 870 1
1791 456 1
228 36 1
228 715 1
228 5326 1
228 3127 1
228 5327 1
228 2530 1
1192 4619 1
1192 2222 1
1192 1422 1
1192 2039 1
1192 60 1
1192 3324 1
1192 1798 1
1192 1327 1
144 649 1
144 5236 1
144 795 1
144 286 1
144 5239 1
144 660 1
144 1665 1
144 2348 1
144 659 1
144 1430 1
144 653 1
144 699 1
144 658 1
144 5241 1
144 654 1
144 3482 1
144 650 1
144 3121 1
144 5237 1
144 1731 1
144 18 1
144 4040 1
144 655 1
144 404 1
144 315 1
144 2293 1
144 4630 1
144 5068 1
144 2102 1
144 1069 1
144 5003 1
144 703 1
144 3374 1
144 1339 1
144 524 1
144 465 1
144 2364 1
144 1941 1
144 3042 1
144 4637 1
144 2024 1
1676 528 1
1676 695 1
1676 1258 1
1676 1969 1
1676 488 1
1971 2233 1
1971 1232 1
1971 1879 1
1971 1235 1
1971 5666 1
1829 4153 1
1829 5700 1
1829 4011 1
1829 1904 1
1829 2001 1
1829 1315 1
1829 6 1
1829 4584 1
916 2781 1
916 4498 1
916 5808 1
916 2569 1
916 3561 1
916 2071 1
916 3009 1
916 2706 1
916 1047 1
916 650 1
916 3014 1
916 128 1
916 3369 1
916 1909 1
916 4295 1
916 4403 1
916 2623 1
2282 529 1
2282 291 1
2282 3037 1
2282 649 1
2282 3413 1
2282 1399 1
2282 257 1
2282 5805 1
2282 709 1
2282 3065 1
2282 4361 1
2282 5343 1
2282 1047 1
2282 650 1
2282 1948 1
2282 15 1
2282 2810 1
2282 801 1
2282 3706 1
2282 1837 1
2282 188 1
2449 3353 1
2449 1739 1
2449 1038 1
2449 1891 1
2449 808 1
2449 962 1
56 4094 1
56 1806 1
56 266 1
56 369 1
56 604 1
56 1446 1
1742 1518 1
1742 1544 1
1742 452 1
1742 1227 1
1742 2222 1
1742 2167 1
1742 3475 1
1742 4029 1
1742 1896 1
679 1183 1
679 1060 1
679 2309 1
679 2975 1
679 23 1
679 5130 1
679 1329 1
679 1734 1
679 1222 1
679 1480 1
679 2959 1
679 1088 1
679 916 1
679 318 1
679 704 1
679 3527 1
679 506 1
679 2209 1
679 1996 1
679 703 1
679 452 1
679 2231 1
679 1228 1
679 2129 1
679 3141 1
679 867 1
679 1327 1
147 607 1
147 5242 1
147 665 1
147 2734 1
147 1021 1
147 604 1
147 668 1
147 669 1
147 1071 1
147 1245 1
2295 17 1
2295 40 1
2295 244 1
2295 469 1
2295 1079 1
2295 1754 1
2295 5133 1
2295 2957 1
2295 1298 1
2295 704 1
2295 289 1
2295 1069 1
2295 447 1
2295 409 1
2295 452 1
2295 3179 1
2295 4129 1
2295 60 1
2295 175 1
2295 4002 1
1723 2993 1
1723 1916 1
1723 4861 1
1723 4047 1
1723 4048 1
2741 431 1
2741 1911 1
2741 3210 1
2741 3089 1
2741 1446 1
2741 1039 1
948 785 1
948 706 1
948 3188 1
948 27 1
948 469 1
948 1708 1
948 2834 1
948 2833 1
948 828 1
948 1859 1
948 1405 1
948 702 1
948 5046 1
948 1724 1
1632 1489 1
1632 2897 1
1632 3292 1
1632 2819 1
1632 616 1
1632 4066 1
2451 4557 1
2451 1541 1
2451 2096 1
2451 5680 1
2451 5456 1
2281 3208 1
2281 580 1
2281 1307 1
2281 4396 1
2281 163 1
2281 2886 1
2281 317 1
2281 3336 1
2281 3439 1
476 3732 1
476 2394 1
476 2829 1
476 13 1
476 2852 1
476 2763 1
476 407 1
476 2186 1
476 945 1
476 4931 1
476 1794 1
476 4009 1
476 532 1
476 5566 1
476 3020 1
476 447 1
476 107 1
476 2085 1
476 2218 1
476 2257 1
476 3816 1
476 4514 1
448 17 1
448 605 1
448 257 1
448 428 1
448 781 1
448 159 1
448 2557 1
448 1726 1
448 2682 1
448 822 1
448 1069 1
448 5387 1
448 447 1
448 1643 1
448 1724 1
448 1635 1
1598 3826 1
1598 5701 1
1598 604 1
1598 3901 1
1598 2248 1
1598 1071 1
1106 709 1
1106 3184 1
1106 785 1
1106 2309 1
1106 5190 1
1106 989 1
1106 3183 1
2278 4846 1
2278 3730 1
2278 162 1
2278 2161 1
2278 2652 1
2278 953 1
2278 4454 1
2278 1640 1
2278 1766 1
2278 2400 1
2680 2394 1
2680 428 1
2680 5645 1
2680 2328 1
2680 843 1
2680 848 1
2680 2698 1
2680 4861 1
2680 5135 1
2680 1538 1
2680 1269 1
2680 3403 1
2680 178 1
2680 2756 1
2680 3792 1
1670 1023 1
1670 5295 1
1670 4774 1
1670 5204 1
1670 104 1
1670 3183 1
2167 272 1
2167 2908 1
2167 2051 1
2167 3837 1
2167 5392 1
1109 3397 1
1109 1957 1
1109 927 1
1109 3930 1
1109 188 1
1109 968 1
1109 1551 1
1512 93 1
1512 354 1
1512 500 1
1512 1814 1
1512 4949 1
1512 2976 1
1512 3751 1
1512 3092 1
1512 147 1
1512 1174 1
1512 274 1
1512 5050 1
1512 2062 1
1512 1594 1
1512 2460 1
1512 4482 1
1512 953 1
1512 1095 1
1512 3556 1
1512 3788 1
1512 2867 1
1512 506 1
1512 2616 1
1512 569 1
1512 4464 1
1512 3609 1
1512 1952 1
1512 5488 1
1512 5290 1
1512 188 1
1512 3043 1
1512 3974 1
1512 3432 1
874 2085 1
874 1872 1
874 2711 1
874 1873 1
874 508 1
874 3334 1
874 1896 1
123 5213 1
123 915 1
123 513 1
123 403 1
123 2322 1
123 5 1
123 464 1
123 4631 1
123 1990 1
123 1992 1
123 1935 1
123 1479 1
123 1069 1
123 3240 1
123 1476 1
123 593 1
123 870 1
123 592 1
2400 1877 1
2400 5111 1
2400 346 1
2400 1409 1
2400 1427 1
2400 2582 1
2400 269 1
2400 4000 1
2400 274 1
2400 843 1
2400 4319 1
2400 5138 1
2400 253 1
2400 2578 1
2400 5652 1
2400 315 1
2400 1984 1
2400 3399 1
2400 1380 1
2400 1100 1
2400 1974 1
2400 3373 1
2400 2329 1
2400 1643 1
2400 2222 1
2400 4655 1
2400 2103 1
2400 4300 1
2400 956 1
2400 5219 1
2400 1565 1
2400 360 1
2400 3503 1
1592 3983 1
1592 971 1
1592 2119 1
1592 1559 1
1592 1263 1
124 905 1
124 4763 1
124 597 1
124 3751 1
124 2348 1
124 681 1
124 757 1
124 1095 1
124 1569 1
124 2093 1
124 447 1
124 50 1
124 721 1
124 867 1
2195 1805 1
2195 1293 1
2195 1739 1
2195 407 1
2195 1162 1
2195 1021 1
2195 1065 1
2195 699 1
2195 3646 1
2195 4597 1
2195 929 1
2195 2733 1
2195 409 1
2195 2615 1
2195 2257 1
2195 453 1
1544 2476 1
1544 1298 1
1544 5881 1
1544 3364 1
1544 1797 1
1544 1872 1
1544 668 1
1544 4803 1
1544 1736 1
1544 4725 1
1544 5409 1
1544 2333 1
1544 2611 1
1544 694 1
1544 3885 1
1544 2751 1
1544 4121 1
1544 3819 1
1544 2218 1
1544 1873 1
1544 4412 1
1544 3683 1
1544 157 1
1544 1839 1
1581 2084 1
1581 5387 1
1581 270 1
1581 3882 1
1581 881 1
1581 828 1
1581 4358 1
1581 290 1
2297 2028 1
2297 3473 1
2297 60 1
2297 2371 1
2297 2191 1
2297 5392 1
114 526 1
114 817 1
114 3772 1
114 1533 1
114 527 1
566 15 1
566 2880 1
566 1556 1
566 59 1
566 4416 1
566 2928 1
566 3435 1
566 1070 1
566 4464 1
566 4668 1
566 541 1
2469 4511 1
2469 5781 1
2469 2310 1
2469 3037 1
2469 1282 1
2330 1299 1
2330 3952 1
2330 469 1
2330 403 1
2330 1017 1
2330 4772 1
2330 5 1
2330 3267 1
2330 4600 1
2330 3113 1
2330 20 1
2330 4769 1
2330 196 1
2330 4080 1
2300 2136 1
2300 2418 1
2300 2551 1
2300 106 1
2300 2515 1
2300 1829 1
2300 2374 1
2300 3603 1
2800 928 1
2800 5415 1
2800 346 1
2800 1 1
2800 790 1
2800 5793 1
2800 3105 1
2800 2380 1
2800 178 1
2800 1092 1
2800 3696 1
2800 951 1
2800 3921 1
2001 1188 1
2001 757 1
2001 1088 1
2001 506 1
2001 1996 1
2001 2231 1
2001 298 1
2001 2129 1
2001 157 1
2001 1327 1
2001 1570 1
1862 3140 1
1862 1870 1
1862 2666 1
1862 3806 1
1862 476 1
1862 131 1
1862 50 1
1862 1181 1
1862 1000 1
1862 3375 1
1534 5712 1
1534 1661 1
1534 1608 1
1534 4283 1
1534 2406 1
1534 3136 1
1534 4531 1
1534 1074 1
1534 196 1
1534 2531 1
1534 5478 1
1534 2152 1
225 132 1
225 3883 1
225 846 1
225 1253 1
225 458 1
225 284 1
225 867 1
225 4508 1
923 269 1
923 152 1
923 920 1
923 313 1
923 1161 1
157 178 1
157 3982 1
157 906 1
157 700 1
157 1187 1
157 4582 1
157 701 1
157 3304 1
206 884 1
206 1438 1
206 32 1
206 2061 1
206 534 1
206 269 1
206 3986 1
206 2681 1
206 1029 1
206 80 1
206 4247 1
206 3061 1
206 5294 1
206 2685 1
206 3811 1
206 1172 1
206 3259 1
206 885 1
206 327 1
206 2977 1
206 685 1
206 1208 1
206 319 1
206 1903 1
206 1092 1
206 1582 1
206 421 1
206 880 1
206 1212 1
206 5219 1
206 4083 1
206 2607 1
532 764 1
532 294 1
532 2078 1
532 641 1
532 1942 1
532 1943 1
532 195 1
532 757 1
532 1984 1
532 4715 1
532 5624 1
532 162 1
2094 3104 1
2094 147 1
2094 505 1
2094 4913 1
2094 4469 1
2094 3635 1
2094 703 1
2094 5700 1
2094 4142 1
2094 1207 1
2094 4403 1
1999 3991 1
1999 2890 1
1999 92 1
1999 4306 1
1999 4829 1
1999 1660 1
1999 3119 1
1101 76 1
1101 4246 1
1101 536 1
1101 178 1
1101 2457 1
1101 2628 1
1101 4277 1
1101 706 1
1288 5184 1
1288 4677 1
1288 1192 1
1288 1491 1
1288 3498 1
1288 3217 1
1288 3270 1
1288 4467 1
1288 2991 1
1288 1794 1
259 4215 1
259 5372 1
259 1702 1
259 1064 1
259 425 1
259 1063 1
259 1065 1
259 373 1
259 3527 1
259 1714 1
259 281 1
259 1066 1
259 99 1
2480 1427 1
2480 152 1
2480 5151 1
2480 3218 1
2480 1086 1
2480 1055 1
2480 1713 1
2480 1864 1
2480 2110 1
2480 704 1
2480 3399 1
2480 3660 1
2480 3373 1
2480 1166 1
2480 4720 1
2480 4707 1
677 4384 1
677 2305 1
677 2067 1
677 164 1
677 2302 1
677 2612 1
677 1488 1
677 4746 1
677 5041 1
677 5714 1
677 2301 1
677 4195 1
677 3471 1
677 2304 1
677 1854 1
677 1088 1
677 861 1
677 1976 1
677 447 1
677 2103 1
677 5713 1
677 3781 1
677 867 1
677 230 1
677 3664 1
70 271 1
70 294 1
70 2856 1
70 1775 1
70 1697 1
70 244 1
70 4123 1
70 269 1
70 274 1
70 1401 1
70 331 1
70 336 1
70 2698 1
70 2504 1
70 1551 1
70 788 1
70 446 1
70 4724 1
70 4385 1
70 332 1
70 3245 1
70 2984 1
70 1817 1
70 2372 1
70 5099 1
70 3895 1
70 337 1
70 4258 1
70 1930 1
70 5072 1
2503 3137 1
2503 2277 1
2503 4727 1
2503 915 1
2503 9 1
2503 4724 1
2503 3201 1
2503 787 1
2503 2574 1
2503 10 1
2503 4597 1
2503 1441 1
2503 4022 1
2503 3091 1
2503 665 1
2503 3568 1
2503 700 1
2503 1058 1
2209 281 1
2209 1349 1
2209 2224 1
2209 465 1
2209 2312 1
2209 5647 1
361 1027 1
361 2490 1
361 246 1
361 4697 1
361 1924 1
361 2039 1
361 5265 1
361 3878 1
361 2216 1
361 3742 1
361 4565 1
361 1068 1
361 2579 1
361 36 1
361 1872 1
361 3991 1
361 5493 1
361 2514 1
361 328 1
361 2880 1
361 169 1
361 4926 1
361 2611 1
361 1206 1
361 4280 1
361 1604 1
361 1520 1
361 951 1
361 60 1
361 2022 1
361 3485 1
361 1455 1
361 841 1
361 1460 1
361 2398 1
361 1434 1
361 1260 1
361 2776 1
361 3167 1
361 92 1
361 2312 1
361 2409 1
361 84 1
361 1461 1
361 295 1
361 1543 1
361 2106 1
361 5494 1
361 5496 1
361 4612 1
361 1456 1
361 4330 1
361 2141 1
361 798 1
361 288 1
361 2838 1
361 1188 1
361 5143 1
361 1457 1
361 454 1
361 7 1
361 310 1
361 1709 1
361 818 1
361 3639 1
361 1507 1
298 329 1
298 270 1
298 271 1
298 2922 1
298 4313 1
298 259 1
298 1551 1
298 1058 1
836 4729 1
836 1002 1
836 2498 1
836 3759 1
836 578 1
909 822 1
909 1528 1
909 447 1
909 2770 1
909 1518 1
909 709 1
909 3824 1
1722 5266 1
1722 4046 1
1722 16 1
1722 3626 1
1722 2598 1
1722 3645 1
1722 2280 1
2712 5273 1
2712 3992 1
2712 974 1
2712 3895 1
2712 4668 1
2712 3107 1
2712 1945 1
40 164 1
40 165 1
40 3728 1
40 3434 1
40 4931 1
40 2559 1
1561 797 1
1561 1256 1
1561 1442 1
1561 3675 1
1561 789 1
1561 1101 1
1561 1168 1
1561 3817 1
1561 3540 1
1561 954 1
1561 2157 1
1561 1924 1
1561 1840 1
1561 3690 1
1561 5777 1
1561 2211 1
1561 2295 1
1561 1174 1
1561 1554 1
1561 3479 1
1561 3398 1
1561 3988 1
1561 122 1
1561 178 1
1561 37 1
1561 1861 1
1561 2403 1
1561 4326 1
1561 1941 1
1561 2791 1
1561 740 1
1561 3846 1
1561 2114 1
1561 3212 1
1561 882 1
1561 5849 1
1561 3841 1
1561 4881 1
1561 2313 1
1561 116 1
1561 1665 1
1561 2200 1
1561 4116 1
1561 3701 1
1561 312 1
1561 196 1
1561 465 1
1561 1512 1
1561 1583 1
2745 469 1
2745 4698 1
2745 147 1
2745 4120 1
2745 3205 1
2745 399 1
2745 2562 1
2745 1159 1
2745 1053 1
2745 3507 1
2745 178 1
2745 4645 1
2745 1520 1
2745 2129 1
2745 60 1
2745 355 1
2745 5021 1
1429 1631 1
1429 498 1
1429 3402 1
1429 1148 1
1429 2598 1
2564 4766 1
2564 3744 1
2564 3201 1
2564 2437 1
2564 1222 1
2564 4424 1
2564 5370 1
2564 2744 1
2564 2585 1
2564 580 1
2564 298 1
2684 444 1
2684 4515 1
2684 925 1
2684 4968 1
2684 463 1
2684 1026 1
1496 2244 1
1496 142 1
1496 4325 1
1496 848 1
1496 189 1
1496 4720 1
2318 4594 1
2318 196 1
2318 3781 1
2318 3839 1
2318 1724 1
2318 2833 1
2318 732 1
2318 3395 1
2318 4989 1
2318 296 1
844 1200 1
844 4129 1
844 866 1
844 1959 1
844 3372 1
844 781 1
844 5394 1
844 1273 1
844 2481 1
844 5276 1
844 5192 1
844 2562 1
844 4513 1
844 2764 1
844 1587 1
844 196 1
844 235 1
2772 4498 1
2772 420 1
2772 3598 1
2772 5514 1
2772 4789 1
2772 3398 1
2772 5448 1
2772 2959 1
2772 1428 1
2772 4853 1
2772 4160 1
2772 2810 1
2772 4918 1
2772 2367 1
2772 1643 1
2772 677 1
2772 5104 1
2772 4919 1
2772 3427 1
2772 5039 1
1382 1296 1
1382 337 1
1382 2182 1
1382 541 1
1382 1288 1
930 764 1
930 2344 1
930 1272 1
930 3862 1
930 3615 1
930 4114 1
930 3982 1
930 1431 1
930 1788 1
930 668 1
930 1042 1
930 3988 1
930 506 1
930 54 1
930 4270 1
930 880 1
930 230 1
2651 1732 1
2651 11 1
2651 2602 1
2651 3125 1
2651 4192 1
2549 798 1
2549 416 1
2549 3284 1
2549 1933 1
2549 4755 1
2549 5398 1
2549 2701 1
2549 4754 1
2549 164 1
2549 863 1
2549 2737 1
2549 1180 1
2549 2886 1
2549 803 1
2549 3087 1
2549 2568 1
2549 1713 1
2549 702 1
2549 5794 1
2549 4641 1
2549 1100 1
2549 2093 1
2549 447 1
2549 418 1
2549 4913 1
2549 4005 1
2549 700 1
2549 1123 1
2549 4514 1
2549 4415 1
2549 80 1
1510 3492 1
1510 1841 1
1510 509 1
1510 297 1
1510 583 1
1510 822 1
1510 4773 1
1510 4976 1
1510 4919 1
1510 938 1
1510 5222 1
1510 2479 1
2092 1964 1
2092 5774 1
2092 3713 1
2092 3792 1
2092 1815 1
2092 828 1
2092 1201 1
2092 3912 1
2092 1086 1
2092 1351 1
2092 2099 1
2092 5165 1
2092 184 1
2092 3903 1
2092 3886 1
2092 311 1
2092 298 1
2092 4305 1
2092 1724 1
2092 2275 1
2786 3744 1
2786 3879 1
2786 90 1
2786 4531 1
2786 1302 1
2786 269 1
2786 3871 1
2786 4857 1
2786 3876 1
2786 976 1
2786 1034 1
2786 4853 1
2786 4419 1
2786 1480 1
2786 1935 1
2786 3369 1
2786 2580 1
2786 4646 1
2786 4981 1
2786 4928 1
2786 5796 1
2786 1569 1
2786 4147 1
2786 4269 1
2786 312 1
2786 447 1
2786 887 1
2786 2222 1
2786 2341 1
2786 1450 1
2786 1251 1
2786 2717 1
2786 1256 1
2727 5528 1
2727 1688 1
2727 2425 1
2727 4357 1
2727 5514 1
2727 4017 1
2727 381 1
2727 4552 1
2727 4288 1
2727 3510 1
2727 2495 1
2727 1254 1
487 5587 1
487 866 1
487 4873 1
487 2331 1
487 1831 1
487 1828 1
487 1470 1
487 1453 1
487 1832 1
487 1829 1
487 3639 1
487 2022 1
1678 1554 1
1678 4196 1
1678 1669 1
1678 4042 1
1678 785 1
1678 1782 1
1678 3485 1
1678 2312 1
1443 292 1
1443 1451 1
1443 3054 1
1443 2955 1
1443 3472 1
1443 291 1
1443 1604 1
1604 3903 1
1604 420 1
1604 368 1
1604 1538 1
1604 5192 1
1604 578 1
24 3312 1
24 618 1
24 177 1
24 101 1
24 99 1
24 4988 1
24 1029 1
24 368 1
60 469 1
60 346 1
60 1068 1
60 1174 1
60 13 1
60 280 1
60 4560 1
60 1290 1
60 1533 1
60 4296 1
60 1013 1
60 4154 1
60 4397 1
60 281 1
60 4412 1
60 4200 1
1486 907 1
1486 368 1
1486 1943 1
1486 3825 1
1486 1301 1
1486 1533 1
1486 3219 1
1486 34 1
962 2411 1
962 5623 1
962 4006 1
962 125 1
962 1583 1
717 601 1
717 142 1
717 1055 1
717 2300 1
717 1059 1
717 4582 1
717 2575 1
90 2744 1
90 5130 1
90 528 1
90 375 1
90 3690 1
380 3662 1
380 1520 1
380 1036 1
380 1745 1
380 966 1
380 1519 1
2233 36 1
2233 599 1
2233 2668 1
2233 4508 1
2233 4130 1
2233 3624 1
2233 1271 1
1454 593 1
1454 198 1
1454 3272 1
1454 1423 1
1454 2178 1
708 5201 1
708 2350 1
708 1872 1
708 4464 1
708 1674 1
708 1137 1
708 1781 1
708 5318 1
708 2351 1
708 4208 1
1569 3086 1
1569 3184 1
1569 663 1
1569 2813 1
1569 4098 1
699 4758 1
699 152 1
699 1554 1
699 1219 1
699 1533 1
699 1984 1
699 425 1
699 3092 1
699 702 1
699 7 1
699 417 1
699 580 1
699 3109 1
699 2288 1
699 1975 1
699 426 1
699 3759 1
699 34 1
1392 2149 1
1392 2008 1
1392 1111 1
1392 5740 1
1392 2865 1
1392 5858 1
1392 4234 1
1392 1416 1
1392 5743 1
1392 4354 1
802 2979 1
802 1830 1
802 1831 1
802 4296 1
802 1679 1
802 4790 1
802 5677 1
802 447 1
802 4014 1
802 1578 1
802 3106 1
2550 4399 1
2550 1442 1
2550 789 1
2550 1248 1
2550 2225 1
2550 4943 1
2550 5235 1
2550 5247 1
2550 89 1
2550 4484 1
2550 683 1
2550 680 1
2550 649 1
2550 4758 1
2550 2062 1
2550 2897 1
2550 4531 1
2550 3777 1
2550 5356 1
2550 1093 1
2550 497 1
2550 92 1
2550 1385 1
2550 2485 1
2550 353 1
2550 140 1
2550 3954 1
2550 1540 1
2550 1253 1
2550 3870 1
2550 3674 1
2550 4268 1
2550 147 1
2550 4886 1
2550 2200 1
2550 976 1
2550 1277 1
2550 3016 1
2550 2677 1
2550 2866 1
2550 3225 1
2550 465 1
2550 3260 1
360 5259 1
360 970 1
360 1692 1
360 2403 1
360 1030 1
360 1117 1
360 787 1
360 5391 1
360 802 1
789 3204 1
789 5367 1
789 5598 1
789 2203 1
789 32 1
789 3277 1
789 1432 1
789 2507 1
789 3594 1
789 284 1
789 2504 1
789 1953 1
789 2508 1
789 1075 1
789 1483 1
789 747 1
789 1582 1
789 496 1
789 938 1
789 956 1
789 4339 1
1854 2928 1
1854 2364 1
1854 4477 1
1854 5096 1
1854 911 1
2733 665 1
2733 3396 1
2733 1486 1
2733 1797 1
2733 528 1
2733 4023 1
2733 3011 1
2733 4189 1
2733 2915 1
492 1528 1
492 882 1
492 3819 1
492 1838 1
492 4038 1
492 829 1
492 2760 1
492 1839 1
492 2050 1
847 2251 1
847 2638 1
847 2245 1
847 2399 1
847 1422 1
847 1148 1
847 5 1
847 2938 1
1407 1398 1
1407 4181 1
1407 785 1
1407 989 1
1407 3298 1
1407 3670 1
1407 3669 1
1407 428 1
1407 13 1
1407 4241 1
1407 1533 1
1407 954 1
1407 3629 1
1482 36 1
1482 4432 1
1482 3754 1
1482 2961 1
1482 419 1
1482 3005 1
1482 995 1
1691 2340 1
1691 4015 1
1691 3287 1
1691 3772 1
1691 2280 1
1691 79 1
2682 2251 1
2682 1669 1
2682 240 1
2682 2577 1
2682 2620 1
2682 3206 1
2682 879 1
2682 848 1
1874 568 1
1874 82 1
1874 452 1
1874 1968 1
1874 951 1
1874 3619 1
1874 166 1
1874 4968 1
1464 164 1
1464 3728 1
1464 3729 1
1464 3920 1
1464 1085 1
1464 3248 1
953 36 1
953 2851 1
953 5166 1
953 4732 1
953 835 1
953 989 1
953 2152 1
953 2575 1
98 918 1
98 2251 1
98 919 1
98 4273 1
98 835 1
98 454 1
98 2580 1
98 4416 1
98 455 1
98 4889 1
98 452 1
98 2927 1
98 1896 1
402 965 1
402 624 1
402 3415 1
402 4458 1
402 60 1
402 61 1
2443 5152 1
2443 2957 1
2443 4683 1
2443 5134 1
2443 279 1
2443 195 1
2443 190 1
2443 5293 1
2443 1259 1
2443 183 1
2443 682 1
2443 546 1
2443 16 1
1369 1579 1
1369 5596 1
1369 3612 1
1369 1010 1
1369 1007 1
2570 281 1
2570 823 1
2570 528 1
2570 343 1
2570 4266 1
2570 625 1
2570 1200 1
2570 1376 1
1620 65 1
1620 4238 1
1620 2021 1
1620 3927 1
1620 1281 1
1620 1315 1
1620 4253 1
1620 4584 1
32 132 1
32 2635 1
32 5006 1
32 133 1
32 130 1
32 1602 1
103 869 1
103 2076 1
103 5155 1
103 326 1
103 706 1
2240 703 1
2240 1040 1
2240 95 1
2240 4742 1
2240 3752 1
1162 1092 1
1162 3769 1
1162 5156 1
1162 2091 1
1162 2071 1
1162 828 1
1162 3299 1
1162 578 1
1969 152 1
1969 3588 1
1969 1045 1
1969 357 1
1969 80 1
1969 1610 1
1969 1468 1
1969 29 1
1969 1089 1
1969 528 1
273 722 1
273 407 1
273 4828 1
273 835 1
273 1533 1
273 4653 1
1501 2708 1
1501 654 1
1501 2364 1
1501 3142 1
1501 4546 1
1338 1535 1
1338 837 1
1338 5798 1
1338 4828 1
1338 166 1
1338 5373 1
585 1227 1
585 2094 1
585 1221 1
585 4976 1
585 1233 1
585 5666 1
585 3422 1
585 2184 1
585 304 1
494 2215 1
494 2945 1
494 2451 1
494 2711 1
494 3356 1
494 2946 1
494 4798 1
494 5365 1
494 3194 1
494 2508 1
494 1846 1
494 4397 1
494 1848 1
494 3353 1
494 5198 1
494 1847 1
494 4021 1
494 3357 1
2780 1451 1
2780 933 1
2780 1904 1
2780 1399 1
2780 3964 1
2780 483 1
2780 806 1
2780 111 1
2780 1760 1
1949 709 1
1949 1367 1
1949 92 1
1949 3868 1
1949 3110 1
1949 3229 1
1949 2056 1
1949 5778 1
1489 1675 1
1489 208 1
1489 4375 1
1489 234 1
1489 764 1
1489 166 1
1489 970 1
1489 1896 1
2683 3371 1
2683 2327 1
2683 1002 1
2683 3238 1
2683 5565 1
2631 5129 1
2631 1179 1
2631 1310 1
2631 2517 1
2631 3879 1
2631 1933 1
2631 3835 1
2631 3814 1
2631 2181 1
2631 1930 1
2631 1457 1
2631 3272 1
2631 4116 1
2631 318 1
2631 3911 1
2631 2636 1
2631 1203 1
2631 206 1
2631 3824 1
2631 1105 1
2631 2108 1
2631 1506 1
2631 4496 1
1128 1778 1
1128 2781 1
1128 1378 1
1128 1959 1
1128 2195 1
1128 3215 1
1128 1095 1
1128 3514 1
1128 196 1
1128 112 1
1128 687 1
1128 5538 1
99 351 1
99 3863 1
99 422 1
99 189 1
99 456 1
99 1359 1
594 2916 1
594 528 1
594 2647 1
594 2115 1
594 5577 1
594 1603 1
594 2114 1
2122 2795 1
2122 1061 1
2122 2160 1
2122 668 1
2122 1798 1
2122 1501 1
2122 4424 1
1866 4191 1
1866 3762 1
1866 3473 1
1866 5148 1
1866 1123 1
1450 793 1
1450 580 1
1450 478 1
1450 848 1
1450 739 1
1450 847 1
1450 578 1
882 1874 1
882 1060 1
882 4366 1
882 1431 1
882 1521 1
2554 4120 1
2554 2201 1
2554 939 1
2554 4835 1
2554 5053 1
2554 3848 1
2554 1725 1
1219 428 1
1219 397 1
1219 4155 1
1219 791 1
1219 650 1
1219 1308 1
1219 3395 1
1219 1618 1
1219 4265 1
1219 1851 1
1219 2878 1
1219 3591 1
1219 831 1
1219 153 1
1219 495 1
1219 188 1
1219 4893 1
1219 616 1
389 2966 1
389 39 1
389 184 1
389 1549 1
389 1171 1
389 1174 1
389 1545 1
389 4639 1
389 292 1
389 203 1
389 1550 1
389 1546 1
389 722 1
389 1167 1
389 3006 1
389 958 1
389 704 1
389 890 1
389 2995 1
389 2221 1
389 1506 1
389 4103 1
389 3494 1
389 2650 1
389 3563 1
389 1454 1
389 3184 1
389 4407 1
389 170 1
389 1105 1
389 1891 1
389 486 1
389 541 1
389 2536 1
389 1580 1
389 4752 1
197 5206 1
197 853 1
197 346 1
197 1 1
197 5285 1
197 2463 1
197 5284 1
197 5241 1
197 849 1
197 474 1
197 848 1
197 4124 1
197 326 1
197 99 1
197 2977 1
197 1172 1
197 702 1
197 704 1
197 4090 1
197 33 1
197 417 1
197 4282 1
197 184 1
197 4415 1
197 793 1
197 580 1
197 363 1
197 2897 1
197 465 1
197 2245 1
197 739 1
197 34 1
1305 447 1
1305 5134 1
1305 133 1
1305 791 1
1305 1172 1
1305 4284 1
1582 3441 1
1582 4779 1
1582 1582 1
1582 848 1
1582 785 1
1582 1198 1
1582 847 1
2526 484 1
2526 4741 1
2526 1040 1
2526 1399 1
2526 3025 1
2526 5 1
2526 707 1
2508 228 1
2508 705 1
2508 2574 1
2508 4112 1
2508 2890 1
2508 1457 1
2508 2627 1
2508 4070 1
2508 765 1
2508 4239 1
2495 580 1
2495 901 1
2495 1807 1
2495 99 1
2495 134 1
2495 33 1
2495 4719 1
407 1529 1
407 1038 1
407 2000 1
407 1653 1
407 1595 1
407 1598 1
407 1141 1
407 1088 1
407 1581 1
407 1596 1
407 355 1
375 862 1
375 1456 1
375 188 1
375 1667 1
375 2696 1
375 175 1
2191 174 1
2191 5770 1
2191 2652 1
2191 2819 1
2191 194 1
2266 491 1
2266 848 1
2266 273 1
2266 5266 1
2266 189 1
2266 648 1
1818 751 1
1818 3824 1
1818 534 1
1818 679 1
1818 1174 1
1818 5005 1
1818 1695 1
1818 1355 1
1818 28 1
1818 1608 1
1818 1167 1
1818 2690 1
1818 704 1
1818 5831 1
1818 4730 1
1818 2221 1
1818 4141 1
1818 1049 1
1818 452 1
1818 2222 1
1818 240 1
1818 426 1
1818 4156 1
1818 1638 1
1818 1053 1
1818 175 1
1896 2971 1
1896 4638 1
1896 4647 1
1896 730 1
1896 2962 1
1896 1529 1
1896 1104 1
1896 1687 1
1896 3518 1
1896 2923 1
1896 2700 1
1896 3269 1
568 2041 1
568 4849 1
568 971 1
568 462 1
568 273 1
568 2054 1
2249 5785 1
2249 3940 1
2249 291 1
2249 3688 1
2249 2959 1
2249 4066 1
2163 427 1
2163 4129 1
2163 3938 1
2163 2825 1
2163 670 1
2163 781 1
2163 5765 1
2163 80 1
2163 2504 1
2163 5417 1
2163 1172 1
2163 4474 1
2163 545 1
2163 634 1
2163 452 1
309 2962 1
309 3193 1
309 3364 1
309 2379 1
309 526 1
309 1797 1
309 1290 1
309 3381 1
309 1042 1
309 3619 1
309 1295 1
309 1961 1
309 4756 1
309 5447 1
309 3322 1
309 3519 1
309 1714 1
309 3865 1
309 1294 1
309 2853 1
309 567 1
309 2257 1
309 2236 1
309 1382 1
309 2333 1
309 1296 1
130 610 1
130 288 1
130 1302 1
130 318 1
130 1943 1
130 5130 1
130 2737 1
130 5219 1
130 1342 1
130 5220 1
130 76 1
130 2111 1
130 2585 1
130 823 1
130 611 1
130 1254 1
130 616 1
1842 36 1
1842 1200 1
1842 2103 1
1842 2186 1
1842 989 1
851 2305 1
851 400 1
851 5783 1
851 3249 1
851 60 1
851 3989 1
851 2310 1
851 3037 1
851 1928 1
1668 534 1
1668 1682 1
1668 3214 1
1668 284 1
1668 419 1
1668 2878 1
1668 3399 1
1668 1356 1
1668 2867 1
1668 677 1
1668 951 1
1668 4433 1
1668 3132 1
1668 4655 1
1725 965 1
1725 1904 1
1725 266 1
1725 2001 1
1725 2245 1
1725 3432 1
2186 709 1
2186 239 1
2186 4764 1
2186 284 1
2186 806 1
2186 3791 1
423 164 1
423 1035 1
423 2058 1
423 1638 1
423 2600 1
1910 184 1
1910 3397 1
1910 1713 1
1910 2172 1
1910 3718 1
1950 795 1
1950 3414 1
1950 4181 1
1950 1447 1
1950 641 1
1950 3628 1
1950 790 1
1950 920 1
1950 1042 1
1950 4683 1
1950 1797 1
1950 3035 1
1950 1802 1
1950 284 1
1950 5138 1
1950 3581 1
1950 803 1
1950 1551 1
1950 5864 1
1950 5501 1
1950 1652 1
1950 1342 1
1950 4085 1
1950 320 1
1950 634 1
1950 5085 1
1950 1338 1
1950 1976 1
1950 575 1
1950 2350 1
1950 921 1
1950 3389 1
1950 1724 1
1950 1975 1
1950 4876 1
1950 133 1
1950 614 1
1950 1437 1
1950 744 1
1950 16 1
2218 2261 1
2218 3076 1
2218 1518 1
2218 1262 1
2218 4518 1
2218 2932 1
2218 85 1
2218 4388 1
2218 1797 1
2218 4803 1
2218 2562 1
2218 1984 1
2218 4280 1
2218 1889 1
2218 1873 1
974 452 1
974 1328 1
974 2423 1
974 3530 1
974 2883 1
974 1583 1
48 4632 1
48 208 1
48 2491 1
48 5056 1
48 4602 1
48 1069 1
48 1343 1
48 4633 1
48 209 1
48 2333 1
48 4328 1
2720 4883 1
2720 3094 1
2720 3003 1
2720 3218 1
2720 785 1
2720 2455 1
2720 399 1
2720 5435 1
2720 1297 1
2720 3317 1
2720 2998 1
2720 3000 1
2720 4658 1
2720 537 1
2720 3374 1
2720 4645 1
2720 4463 1
2720 3895 1
2720 2986 1
2720 4451 1
951 2399 1
951 3841 1
951 2608 1
951 92 1
951 3472 1
425 733 1
425 680 1
425 1762 1
425 3751 1
425 1277 1
425 1100 1
425 580 1
425 5546 1
425 355 1
425 1506 1
425 34 1
2379 3451 1
2379 3903 1
2379 3449 1
2379 2053 1
2379 535 1
2379 5372 1
216 17 1
216 828 1
216 419 1
216 40 1
216 706 1
1833 1167 1
1833 1258 1
1833 294 1
1833 4243 1
1833 111 1
1833 2534 1
1833 2569 1
1833 416 1
1833 4268 1
1833 3645 1
1833 3094 1
1833 2553 1
1833 203 1
1833 70 1
1833 271 1
1833 169 1
1833 5158 1
1833 4158 1
1833 2631 1
1833 3481 1
1833 2500 1
1833 2127 1
1833 3430 1
1833 4258 1
1986 1944 1
1986 3813 1
1986 5727 1
1986 2860 1
1986 298 1
1986 2519 1
1986 60 1
1986 4370 1
565 2154 1
565 785 1
565 2172 1
565 1053 1
565 1122 1
868 5060 1
868 2699 1
868 4254 1
868 1253 1
868 1712 1
868 4151 1
868 2698 1
868 1744 1
166 1253 1
166 880 1
166 951 1
166 3217 1
166 1053 1
166 738 1
2311 4760 1
2311 2962 1
2311 2827 1
2311 188 1
2311 1382 1
2311 5501 1
2674 3296 1
2674 2643 1
2674 3672 1
2674 2148 1
2674 1477 1
2674 4842 1
2674 3587 1
2674 136 1
2674 3919 1
2674 2951 1
2674 2273 1
2674 5366 1
2674 3711 1
2674 4850 1
2674 5721 1
2674 2948 1
2674 2798 1
2674 2149 1
2674 3235 1
2674 1192 1
2674 2561 1
2674 3321 1
2674 5759 1
2674 2949 1
2674 2037 1
2674 2611 1
2674 3947 1
2674 4814 1
2674 219 1
2674 4312 1
2674 5860 1
2674 718 1
2674 4799 1
2674 4854 1
2674 4851 1
2674 237 1
2674 3954 1
2674 4097 1
2674 234 1
2674 785 1
2674 2339 1
2674 1109 1
2674 543 1
2674 976 1
2674 4419 1
2674 3074 1
2674 315 1
2674 5222 1
2674 5749 1
2674 5311 1
2674 196 1
2674 170 1
2674 3174 1
2674 755 1
857 906 1
857 3727 1
857 4160 1
857 235 1
857 2663 1
857 2668 1
857 5714 1
857 5689 1
857 1477 1
857 5766 1
857 4431 1
857 3454 1
857 5235 1
857 2669 1
857 1412 1
857 2661 1
857 3063 1
857 2666 1
857 98 1
857 649 1
857 469 1
857 986 1
857 2631 1
857 2385 1
857 1596 1
857 3777 1
857 2832 1
857 4081 1
857 4872 1
857 3509 1
857 7 1
857 5357 1
857 747 1
857 4392 1
857 738 1
857 31 1
857 5 1
857 2481 1
857 1478 1
857 711 1
857 196 1
857 2213 1
857 567 1
857 2662 1
2787 2601 1
2787 3248 1
2787 1162 1
2787 4828 1
2787 4931 1
2787 1126 1
2787 2904 1
2787 1000 1
2787 418 1
20 1938 1
20 89 1
20 4 1
20 4964 1
20 4977 1
20 291 1
20 4978 1
681 1561 1
681 706 1
681 1981 1
681 40 1
681 5167 1
681 3010 1
373 2126 1
373 2565 1
373 16 1
373 458 1
373 166 1
2717 3933 1
2717 2658 1
2717 3355 1
2717 20 1
2717 4097 1
2717 3091 1
2717 4767 1
2717 4882 1
2717 1017 1
2717 1797 1
2717 2570 1
2717 284 1
2717 70 1
2717 2196 1
2717 3172 1
2717 1100 1
2717 4023 1
2717 1962 1
2717 1873 1
2717 355 1
1585 1201 1
1585 198 1
1585 3581 1
1585 1295 1
1585 3527 1
1585 2721 1
1585 844 1
1585 3885 1
1585 312 1
1585 5426 1
1585 875 1
1585 3886 1
1585 1996 1
1585 2717 1
189 5279 1
189 142 1
189 848 1
189 3837 1
189 2504 1
189 5263 1
189 955 1
189 702 1
189 704 1
189 4708 1
189 5281 1
189 824 1
189 196 1
189 235 1
189 823 1
189 230 1
2117 3470 1
2117 2256 1
2117 189 1
2117 488 1
2117 4418 1
759 3013 1
759 188 1
759 1571 1
759 5094 1
759 367 1
2619 4082 1
2619 452 1
2619 523 1
2619 1059 1
2619 29 1
2619 386 1
1800 3224 1
1800 203 1
1800 5072 1
1800 1948 1
1800 707 1
1800 2813 1
1800 968 1
1800 1833 1
1800 3136 1
1800 1095 1
1800 4513 1
1800 4406 1
1800 5421 1
1800 3624 1
1800 196 1
1800 235 1
1800 3246 1
1800 4407 1
1800 2001 1
1800 2876 1
1800 5800 1
1800 4130 1
767 906 1
767 1137 1
767 3452 1
767 4787 1
767 111 1
1471 5870 1
1471 2968 1
1471 1188 1
1471 773 1
1471 208 1
1471 3466 1
1471 5062 1
1471 1167 1
1471 681 1
1471 3776 1
1471 1018 1
1471 4769 1
1471 1203 1
1471 447 1
1471 196 1
1471 170 1
1471 1510 1
1471 3432 1
1471 2704 1
2081 4395 1
2081 3758 1
2081 1872 1
2081 1655 1
2081 170 1
2081 4668 1
2081 963 1
2081 4204 1
2081 4125 1
2322 2642 1
2322 343 1
2322 3121 1
2322 67 1
2322 1222 1
2322 4424 1
2322 431 1
108 491 1
108 869 1
108 3447 1
108 492 1
108 4689 1
108 2524 1
108 648 1
109 319 1
109 3304 1
109 5162 1
109 136 1
109 4297 1
109 578 1
348 3029 1
348 1409 1
348 2957 1
348 403 1
348 781 1
348 315 1
348 671 1
348 1554 1
348 5156 1
348 766 1
348 1413 1
348 1815 1
348 3210 1
348 177 1
348 28 1
348 4349 1
348 1224 1
348 5391 1
348 0 1
348 1337 1
348 59 1
348 704 1
348 4807 1
348 4513 1
348 822 1
348 580 1
348 289 1
348 615 1
348 2589 1
2466 4159 1
2466 624 1
2466 646 1
2466 2255 1
2466 962 1
2507 4434 1
2507 2212 1
2507 2340 1
2507 739 1
2507 2120 1
459 654 1
459 2245 1
459 1904 1
459 1290 1
459 5265 1
459 2140 1
459 2470 1
459 509 1
459 3055 1
459 2708 1
2596 649 1
2596 3614 1
2596 1811 1
2596 36 1
2596 1815 1
2596 1538 1
2596 1472 1
2596 4022 1
2596 4402 1
2596 3696 1
2596 81 1
2596 4783 1
633 1452 1
633 915 1
633 3213 1
633 530 1
633 4004 1
633 2181 1
633 3408 1
633 2186 1
633 710 1
633 3683 1
633 2178 1
633 245 1
633 4416 1
633 1223 1
633 4730 1
633 417 1
633 3251 1
633 4022 1
633 1003 1
633 1582 1
633 1520 1
633 3730 1
633 1233 1
633 739 1
633 2973 1
633 3759 1
633 4432 1
1028 3224 1
1028 2001 1
1028 203 1
1028 5 1
1028 1948 1
1028 707 1
1028 210 1
1028 3136 1
1028 1095 1
1028 3706 1
1028 196 1
1028 1904 1
1028 938 1
1028 3025 1
1748 196 1
1748 235 1
1748 2478 1
1748 945 1
1748 1071 1
712 1669 1
712 4380 1
712 497 1
712 2076 1
712 2464 1
2230 447 1
2230 837 1
2230 1495 1
2230 1962 1
2230 1573 1
2230 861 1
2535 1257 1
2535 5531 1
2535 2464 1
2535 1811 1
2535 3981 1
2535 4366 1
2535 4746 1
2535 5041 1
2535 2883 1
2535 1595 1
2535 1653 1
2535 4022 1
2535 1581 1
2535 2231 1
2427 2546 1
2427 4772 1
2427 235 1
2427 1486 1
2427 23 1
2427 92 1
2156 580 1
2156 5253 1
2156 2871 1
2156 2524 1
2156 828 1
2156 739 1
2156 4294 1
2156 349 1
2156 136 1
683 1189 1
683 2224 1
683 1290 1
683 2129 1
683 60 1
683 1286 1
683 1533 1
683 2312 1
683 2287 1
683 5666 1
2283 2382 1
2283 4558 1
2283 1367 1
2283 652 1
2283 4701 1
2283 4040 1
2283 2383 1
663 1447 1
663 879 1
663 5090 1
663 3849 1
663 1385 1
663 2518 1
663 2261 1
663 4768 1
663 4263 1
663 2708 1
663 403 1
663 2975 1
663 1298 1
663 2084 1
663 14 1
663 5 1
663 1219 1
663 454 1
663 456 1
663 271 1
663 2178 1
663 788 1
663 4416 1
663 970 1
663 2702 1
663 196 1
663 3305 1
663 270 1
663 368 1
663 4280 1
663 5602 1
663 5705 1
663 1557 1
1893 3030 1
1893 5159 1
1893 5292 1
1893 133 1
1893 2640 1
1893 5169 1
1893 4221 1
1893 5704 1
1893 3643 1
1893 4147 1
1893 1078 1
1893 368 1
1893 2487 1
1893 1123 1
1893 2722 1
1560 2014 1
1560 1630 1
1560 528 1
1560 3708 1
1560 3836 1
1560 3837 1
1560 175 1
1572 2083 1
1572 2415 1
1572 3867 1
1572 2080 1
1572 530 1
1572 1815 1
1572 2805 1
1572 356 1
1572 1074 1
1572 1860 1
1572 2385 1
345 346 1
345 1409 1
345 915 1
345 1174 1
345 1355 1
345 1029 1
345 642 1
345 1095 1
345 3634 1
345 324 1
345 368 1
113 2901 1
113 4896 1
113 551 1
113 2266 1
113 4524 1
113 147 1
113 525 1
113 5028 1
113 3342 1
113 517 1
113 2399 1
113 2384 1
113 522 1
113 3100 1
113 3526 1
113 1789 1
113 514 1
113 5179 1
113 5182 1
113 117 1
113 5127 1
113 3233 1
113 2483 1
113 5178 1
113 4525 1
113 3640 1
113 4274 1
113 3993 1
113 2539 1
113 1070 1
113 549 1
113 5181 1
113 4138 1
113 5180 1
113 867 1
113 3810 1
113 3485 1
113 1104 1
1811 581 1
1811 48 1
1811 4092 1
1811 3605 1
1811 2965 1
1811 5667 1
539 4975 1
539 5631 1
539 5137 1
539 884 1
539 672 1
539 1674 1
539 513 1
539 1964 1
539 2328 1
539 879 1
539 2193 1
539 3807 1
539 3196 1
539 1969 1
539 284 1
539 3024 1
539 2376 1
539 130 1
539 3241 1
539 3902 1
539 2496 1
539 1953 1
539 93 1
539 1971 1
539 1965 1
539 3128 1
539 1970 1
539 2248 1
539 1966 1
539 2469 1
539 111 1
539 4394 1
539 4433 1
539 3046 1
539 5427 1
539 1967 1
539 16 1
1685 416 1
1685 218 1
1685 141 1
1685 786 1
1685 4874 1
1685 3445 1
1685 253 1
1685 2363 1
1685 245 1
1685 3788 1
1685 447 1
1685 580 1
1685 4005 1
1685 956 1
1685 104 1
475 3536 1
475 1226 1
475 1233 1
475 323 1
475 1698 1
529 549 1
529 855 1
529 1820 1
529 401 1
529 60 1
529 4675 1
529 61 1
529 5608 1
529 2095 1
2657 991 1
2657 976 1
2657 3973 1
2657 2480 1
2657 5356 1
2657 1364 1
2657 419 1
2657 2717 1
2657 232 1
2657 162 1
2396 4374 1
2396 1944 1
2396 2706 1
2396 3193 1
2396 1436 1
2396 1917 1
2396 2760 1
2396 1538 1
2396 2068 1
2396 967 1
2396 4653 1
2396 703 1
2396 235 1
2396 55 1
2396 4963 1
2396 2351 1
1703 4024 1
1703 703 1
1703 4769 1
1703 3879 1
1703 1975 1
1703 4023 1
1703 1884 1
1703 1596 1
1703 1219 1
1703 1203 1
333 541 1
333 1311 1
333 3608 1
333 1355 1
333 782 1
333 848 1
333 2737 1
333 284 1
333 4419 1
333 3599 1
333 5033 1
333 4500 1
333 702 1
333 3233 1
333 1356 1
333 319 1
333 178 1
333 1945 1
333 580 1
333 1166 1
333 4151 1
333 1612 1
333 2129 1
333 867 1
333 546 1
333 29 1
333 418 1
2371 665 1
2371 580 1
2371 4912 1
2371 1162 1
2371 1738 1
2371 2568 1
2426 3998 1
2426 3360 1
2426 2727 1
2426 5249 1
2426 1043 1
2426 406 1
2426 3341 1
2426 4578 1
2426 3362 1
2426 3346 1
2426 4260 1
2426 5195 1
2426 4878 1
2426 2949 1
2426 5599 1
2426 4678 1
2426 1789 1
2426 4936 1
2426 4879 1
2426 1664 1
2426 2324 1
2426 5707 1
2426 4836 1
2426 3194 1
2426 4179 1
2426 1447 1
2426 4525 1
2426 3640 1
2426 4038 1
2426 3353 1
2426 2273 1
2426 2539 1
2426 718 1
2426 4261 1
2426 5830 1
2426 517 1
2426 4579 1
2426 3298 1
2426 3357 1
2426 5480 1
2426 1314 1
1964 3141 1
1964 604 1
1964 2310 1
1964 1245 1
1964 2248 1
1964 1071 1
1649 1889 1
1649 5835 1
1649 2350 1
1649 5573 1
1649 1183 1
1649 3050 1
1649 1382 1
1649 1799 1
2432 2987 1
2432 4768 1
2432 3169 1
2432 426 1
2432 1713 1
2432 284 1
2432 739 1
2432 2054 1
2432 578 1
624 843 1
624 1760 1
624 4496 1
624 5416 1
624 34 1
1935 1785 1
1935 5067 1
1935 240 1
1935 3133 1
1935 3752 1
2458 2084 1
2458 2181 1
2458 4688 1
2458 2531 1
2458 3897 1
2458 2875 1
2458 3445 1
2458 76 1
2458 447 1
2458 3225 1
2458 5038 1
2458 133 1
2458 99 1
2458 3152 1
239 1240 1
239 132 1
239 838 1
239 3887 1
239 4898 1
1008 795 1
1008 346 1
1008 4865 1
1008 2957 1
1008 2958 1
1008 4490 1
1008 2959 1
1008 642 1
1008 5545 1
1008 2875 1
1008 822 1
1008 188 1
1008 2152 1
1008 290 1
1992 2723 1
1992 2342 1
1992 1197 1
1992 469 1
1992 679 1
1992 1364 1
1992 1836 1
1992 1386 1
1992 141 1
1992 1439 1
1992 2520 1
1992 1273 1
1992 5 1
1992 4529 1
1992 5276 1
1992 1533 1
1992 968 1
1992 1152 1
1992 885 1
1992 4718 1
1992 1996 1
1992 2605 1
1992 1894 1
1992 1327 1
639 484 1
639 1744 1
639 1702 1
639 40 1
639 2466 1
2073 3211 1
2073 4389 1
2073 4463 1
2073 700 1
2073 2993 1
2073 988 1
2073 2245 1
2019 1753 1
2019 2851 1
2019 3037 1
2019 3546 1
2019 4865 1
2019 1533 1
2019 1666 1
2019 1709 1
2019 2884 1
2019 2085 1
2019 4080 1
2019 4328 1
1041 1131 1
1041 2853 1
1041 791 1
1041 1873 1
1041 5724 1
1041 1254 1
931 820 1
931 91 1
931 1550 1
931 3237 1
931 1859 1
2393 4648 1
2393 1775 1
2393 539 1
2393 5534 1
2393 341 1
2393 928 1
2393 1744 1
2393 3003 1
2393 702 1
2393 1658 1
2393 417 1
2393 5418 1
1231 141 1
1231 985 1
1231 1604 1
1231 368 1
1231 134 1
1231 3037 1
1231 648 1
217 2516 1
217 1163 1
217 646 1
217 157 1
217 147 1
1176 4 1
1176 3063 1
1176 17 1
1176 1699 1
1176 3298 1
1176 257 1
1176 791 1
1176 5830 1
1176 712 1
1176 425 1
1176 3066 1
1176 1078 1
1176 2510 1
1176 3132 1
817 1771 1
817 2751 1
817 5106 1
817 523 1
817 1495 1
2096 2994 1
2096 848 1
2096 1642 1
2096 945 1
2096 2172 1
2096 578 1
1324 203 1
1324 3269 1
1324 4976 1
1324 298 1
1324 4719 1
2563 1270 1
2563 2701 1
2563 4880 1
2563 1161 1
2563 660 1
2663 5672 1
2663 293 1
2663 241 1
2663 3429 1
2663 3427 1
2663 4531 1
2663 2191 1
2663 482 1
935 80 1
935 1216 1
935 2759 1
935 2810 1
935 822 1
935 4218 1
935 933 1
935 1327 1
935 1450 1
935 3025 1
935 188 1
935 867 1
935 5224 1
935 4143 1
317 4302 1
317 1175 1
317 1996 1
317 5450 1
317 1308 1
317 3459 1
317 1798 1
317 157 1
317 2376 1
1216 2936 1
1216 1630 1
1216 3781 1
1216 16 1
1216 401 1
1216 284 1
1216 3389 1
1216 48 1
1190 4445 1
1190 623 1
1190 244 1
1190 158 1
1190 3674 1
1190 5377 1
1190 4888 1
1190 2052 1
1190 5 1
1190 5190 1
1190 399 1
1190 3317 1
1190 2998 1
1190 196 1
1190 2094 1
1190 4645 1
1190 5021 1
1072 1209 1
1072 548 1
1072 2763 1
1072 2813 1
1072 1847 1
1072 908 1
1072 1105 1
1072 3100 1
1072 3101 1
1072 1551 1
1394 32 1
1394 218 1
1394 1153 1
1394 3643 1
1394 133 1
1394 80 1
1394 3131 1
1394 3399 1
1394 698 1
1394 4071 1
1394 5285 1
1394 956 1
1189 4420 1
1189 4784 1
1189 4017 1
1189 3238 1
1189 5263 1
330 722 1
330 16 1
330 5463 1
330 1354 1
330 1340 1
330 1341 1
330 496 1
478 5031 1
478 2007 1
478 586 1
478 2178 1
478 1798 1
478 1800 1
478 1816 1
478 3010 1
940 526 1
940 4101 1
940 2847 1
940 5194 1
940 3363 1
132 679 1
132 90 1
132 2348 1
132 152 1
132 1554 1
132 1611 1
132 1219 1
132 968 1
132 822 1
132 447 1
132 2222 1
132 624 1
132 1638 1
2047 2313 1
2047 3849 1
2047 295 1
2047 641 1
2047 2702 1
2047 1303 1
2047 28 1
2047 2703 1
2047 1344 1
2047 7 1
2047 2401 1
2047 2923 1
2047 3118 1
2047 3383 1
2047 5180 1
2047 3683 1
2047 1053 1
