4957 12467 1
4957 13512 1
4957 13530 1
8302 7398 1
7175 6606 1
7175 6643 1
7175 13066 1
16968 14433 1
4081 7571 1
4081 8209 1
4081 14336 1
7677 5052 1
608 7517 1
608 7548 1
608 13053 1
608 13378 1
1466 6384 1
1466 10973 1
5104 12018 1
2070 13769 1
8198 7377 1
10789 12486 1
6629 12056 1
9635 7094 1
9635 14307 1
17389 15498 1
9291 11917 1
664 6145 1
664 11919 1
3798 14370 1
25 7693 1
25 9269 1
25 14310 1
25 14311 1
2431 14631 1
2431 14684 1
7900 8101 1
2424 12061 1
2424 12128 1
2424 12621 1
3079 6136 1
141 7822 1
141 10100 1
141 10251 1
141 14798 1
12076 9076 1
4125 6199 1
873 12095 1
873 12131 1
873 12238 1
873 12362 1
873 13119 1
873 13161 1
873 13198 1
873 14459 1
4664 6246 1
8680 6851 1
8146 14325 1
8146 14427 1
14850 14323 1
14850 14328 1
1280 13335 1
1280 15134 1
14502 15747 1
2271 11254 1
12229 12441 1
4159 11958 1
4159 12092 1
4159 12103 1
4159 12542 1
4159 12663 1
4159 13492 1
4159 14309 1
4159 14425 1
4159 14500 1
4159 14850 1
4159 15803 1
4159 16109 1
10 6124 1
10 7414 1
10 7471 1
10 11975 1
10 12104 1
10 13180 1
2624 7422 1
2624 11978 1
9641 12251 1
17072 14500 1
3343 4273 1
14735 12087 1
3961 11931 1
3961 14325 1
3961 14431 1
1081 12415 1
1081 12434 1
1081 12438 1
1081 12443 1
1081 13238 1
1081 13745 1
1081 13933 1
2944 3266 1
7646 6211 1
6022 4167 1
6022 12355 1
264 12054 1
3151 13408 1
4917 12104 1
7164 11486 1
7164 13445 1
9359 13238 1
6049 7622 1
6049 12015 1
6049 12325 1
6049 14427 1
3438 6893 1
3438 13246 1
3438 13346 1
11782 7970 1
2058 12102 1
7158 11345 1
7158 12425 1
538 10124 1
538 11919 1
1048 7622 1
1048 11913 1
1048 11930 1
1048 12106 1
1048 12151 1
1048 12292 1
1048 12308 1
1048 12341 1
1048 14460 1
1048 14505 1
7443 13358 1
7443 13430 1
7443 13467 1
7443 13495 1
7443 13566 1
7443 15376 1
2179 1495 1
788 10514 1
788 11071 1
6406 7714 1
13545 10480 1
13114 13418 1
14948 14434 1
11024 7583 1
10629 11407 1
13017 13580 1
1867 4720 1
1867 8692 1
1867 14900 1
15557 12466 1
2294 6186 1
5118 11497 1
5118 12489 1
1697 2600 1
1697 8910 1
7951 14900 1
183 4142 1
6603 14478 1
12495 10317 1
3640 6118 1
3640 6195 1
3640 6362 1
771 6199 1
771 7754 1
771 8297 1
771 9132 1
771 9167 1
771 9404 1
771 9543 1
771 10168 1
771 10234 1
771 10621 1
771 10729 1
771 10953 1
771 11900 1
771 12833 1
771 13252 1
771 15058 1
9422 13120 1
7429 10295 1
7429 12331 1
7429 15295 1
15211 12436 1
3344 11430 1
3344 12236 1
4342 12461 1
4342 13290 1
4757 8976 1
232 6441 1
232 6587 1
232 8210 1
232 12097 1
232 13163 1
232 14314 1
12428 13411 1
7198 12621 1
7198 13035 1
1724 15337 1
7093 13026 1
7093 15299 1
5515 10929 1
3963 11900 1
3963 11919 1
3963 11981 1
3963 12004 1
3963 12033 1
3963 12092 1
3963 12097 1
3963 13198 1
433 42 1
433 53 1
16182 14166 1
576 6067 1
3771 6195 1
3771 13119 1
1625 7967 1
1625 8013 1
1625 8658 1
1625 12190 1
1625 12251 1
1625 12315 1
1625 12325 1
1625 12426 1
1625 12441 1
1625 12461 1
1625 12478 1
1625 13264 1
1625 13267 1
1625 13307 1
1625 13315 1
1625 13479 1
1625 13484 1
1625 13492 1
1625 13530 1
1625 14362 1
1625 14464 1
1625 15199 1
1625 15258 1
5466 12019 1
5466 13300 1
4744 8301 1
4744 14397 1
932 11986 1
932 14390 1
11467 7824 1
561 8519 1
561 8535 1
561 9218 1
561 9255 1
561 9279 1
561 9300 1
561 9310 1
561 9313 1
561 9314 1
561 9357 1
561 9388 1
561 9395 1
561 9414 1
561 12429 1
561 13599 1
561 13621 1
561 13685 1
561 13743 1
561 13900 1
561 13924 1
561 14089 1
561 14314 1
561 14315 1
561 14316 1
561 14317 1
561 14330 1
561 14353 1
561 14354 1
561 14355 1
561 14356 1
561 14358 1
561 14360 1
561 14539 1
561 14817 1
561 14858 1
561 14978 1
561 14979 1
561 15409 1
561 15496 1
561 15552 1
561 15565 1
561 15595 1
561 15603 1
561 15610 1
561 15622 1
561 15631 1
561 15690 1
561 15707 1
561 15769 1
561 15857 1
12775 14435 1
13622 10326 1
11218 12295 1
11218 12974 1
11218 14505 1
4603 6444 1
10906 13562 1
3615 7613 1
3615 7627 1
3615 8636 1
3615 11962 1
3615 11994 1
3615 12087 1
3615 14325 1
3615 14395 1
3615 14398 1
12387 14505 1
3607 6057 1
3607 11919 1
2420 6066 1
2420 6109 1
2218 12099 1
2218 12137 1
7680 8240 1
1676 11374 1
1676 12690 1
1676 13318 1
1676 14487 1
689 12133 1
9347 7141 1
7503 13580 1
11719 14434 1
11719 14434 1
8656 14427 1
4891 6118 1
4891 12075 1
4891 14433 1
13567 12461 1
4846 6105 1
4846 10173 1
4846 15690 1
4577 10834 1
5610 4522 1
8984 11961 1
8984 11983 1
7712 12634 1
7712 12974 1
7712 14505 1
9095 6599 1
2385 6490 1
2385 11045 1
2385 11051 1
12023 9076 1
124 6163 1
124 6195 1
5146 3232 1
5823 14606 1
14279 13198 1
4235 6394 1
4235 7104 1
5900 4161 1
2983 12467 1
6235 6211 1
6235 12033 1
6235 12192 1
11711 12074 1
9111 13198 1
9111 14434 1
10071 10529 1
10071 12341 1
3862 12104 1
3862 14435 1
12443 11983 1
2941 14532 1
13471 12308 1
2119 10048 1
2925 12281 1
2925 12349 1
828 6118 1
999 7095 1
16181 13287 1
2133 15244 1
2133 15380 1
2133 15564 1
2133 15898 1
2133 16009 1
2133 16049 1
221 52 1
9687 12314 1
9687 12382 1
7786 5149 1
6015 11977 1
6015 11983 1
6015 12974 1
2712 2317 1
2712 7538 1
2712 8213 1
2712 8315 1
15626 12661 1
3766 7638 1
3766 11983 1
3766 12006 1
3766 12014 1
3766 13119 1
10300 12232 1
2262 14887 1
4074 6031 1
13004 12700 1
5045 12099 1
5045 12128 1
5045 12464 1
5045 14395 1
5045 14396 1
5045 14434 1
5045 14505 1
5045 14515 1
5045 14518 1
906 4605 1
7126 6364 1
7793 11168 1
11622 12320 1
13684 11648 1
6669 12382 1
12246 13272 1
12822 11319 1
16856 15747 1
12503 8625 1
7401 11624 1
7401 12467 1
677 12341 1
677 13199 1
677 13381 1
6320 12388 1
9468 6620 1
1872 12121 1
8420 6067 1
1050 7876 1
1050 8636 1
1050 11972 1
1050 12088 1
1050 12104 1
1050 12267 1
1050 12301 1
1050 12355 1
1050 12974 1
1050 13120 1
1050 14325 1
1050 14375 1
1050 14397 1
1050 14427 1
1050 14428 1
1050 14432 1
1050 14434 1
1050 14439 1
1050 14464 1
1050 14465 1
1050 14477 1
1050 14513 1
1050 14541 1
1050 14659 1
1615 11568 1
79 6119 1
79 6121 1
79 7377 1
79 7422 1
79 7622 1
79 10101 1
79 14307 1
79 14422 1
79 14427 1
5880 4648 1
5880 6015 1
5880 6020 1
5880 13415 1
2017 9240 1
2017 9585 1
2017 11321 1
2017 13587 1
2017 15015 1
2017 15610 1
2017 15765 1
3715 12087 1
3715 13180 1
8599 8301 1
8599 11959 1
8599 12256 1
8599 12362 1
8599 14487 1
31 6292 1
4451 8845 1
4451 8920 1
4451 9122 1
4451 12675 1
4451 13490 1
1051 6622 1
1051 6666 1
1051 6761 1
1051 6786 1
1051 6805 1
1051 6843 1
1051 7461 1
1051 7566 1
1051 7625 1
1051 10170 1
1051 14404 1
1051 14526 1
1051 14529 1
1891 7819 1
1891 13926 1
9947 12974 1
2909 7890 1
9389 10103 1
13927 15191 1
1799 13923 1
6014 12104 1
6014 14325 1
1722 9746 1
1722 14081 1
1722 15801 1
7950 8449 1
7950 14560 1
6889 14528 1
6889 14547 1
1511 6700 1
1511 14482 1
15362 12551 1
5664 7369 1
5664 8663 1
5664 11914 1
5664 14321 1
5664 14324 1
5664 14324 1
4097 14481 1
1742 4631 1
16431 13359 1
2621 12169 1
6759 11402 1
6759 14474 1
6197 14920 1
3990 13180 1
14937 12088 1
6432 6302 1
6432 12009 1
6432 12416 1
16684 13894 1
11355 8368 1
10824 7892 1
3800 7804 1
3687 3151 1
3687 8871 1
4968 6612 1
4968 7775 1
4968 11995 1
14975 14434 1
795 6820 1
795 7369 1
795 7422 1
795 7498 1
795 7550 1
795 7570 1
795 7815 1
795 11648 1
795 11917 1
795 11919 1
795 12032 1
795 12075 1
795 12102 1
795 12154 1
795 14325 1
795 14383 1
2454 7866 1
2454 8232 1
2454 12033 1
2454 13048 1
2454 13053 1
2454 13075 1
2454 13230 1
237 7485 1
237 7583 1
237 7584 1
237 7588 1
237 7622 1
237 7623 1
237 7631 1
237 7650 1
237 7725 1
237 8612 1
237 8636 1
237 8856 1
237 10312 1
237 11981 1
237 11990 1
237 12040 1
237 12049 1
237 12070 1
237 12091 1
237 12092 1
237 12095 1
237 12133 1
237 12148 1
237 12440 1
237 13151 1
237 13180 1
237 14398 1
237 14427 1
237 14428 1
10828 8850 1
10828 13544 1
2978 1675 1
2978 1713 1
9401 6261 1
6663 7826 1
15311 14540 1
7693 9298 1
4072 8636 1
14904 12494 1
3172 2261 1
3172 6184 1
1243 7869 1
1243 7919 1
1243 12304 1
1243 14465 1
1243 14514 1
2010 7174 1
3049 1593 1
1830 9371 1
1830 11393 1
1830 13619 1
1830 13697 1
1830 13742 1
1830 15441 1
1830 15449 1
1830 15613 1
259 7679 1
259 8636 1
259 11958 1
259 11962 1
259 11972 1
259 11981 1
259 12088 1
259 12192 1
1945 13399 1
1945 13437 1
1945 13717 1
1945 13730 1
1945 13745 1
1945 13792 1
1945 15572 1
1945 15595 1
1945 15618 1
1945 15631 1
14533 12032 1
1302 7919 1
15035 12982 1
1313 6327 1
144 7561 1
144 7563 1
144 7625 1
144 7626 1
144 7719 1
144 7863 1
144 7970 1
144 8700 1
144 8732 1
144 8807 1
144 8889 1
144 8910 1
144 14311 1
92 8636 1
92 10122 1
92 12337 1
92 12974 1
92 14428 1
92 14434 1
6024 8856 1
9366 11918 1
9366 12958 1
8809 14322 1
12286 12101 1
7491 9263 1
7729 7889 1
7729 8205 1
73 6118 1
73 11931 1
73 11990 1
73 12013 1
73 12230 1
360 7679 1
360 8209 1
360 11972 1
360 11983 1
360 11985 1
360 12100 1
360 12104 1
360 12974 1
360 14325 1
8733 12104 1
1077 7863 1
1077 8708 1
1077 12236 1
1077 12281 1
1077 14464 1
1077 14515 1
13729 10574 1
3178 7696 1
3178 11930 1
3178 12173 1
8878 12015 1
11449 7827 1
13775 11164 1
10004 6698 1
40 6326 1
40 6412 1
40 6587 1
40 7022 1
40 7588 1
40 7824 1
40 12255 1
40 12305 1
40 12401 1
40 12488 1
40 15503 1
10964 11639 1
10964 11925 1
13725 11690 1
2211 4447 1
7479 13623 1
7479 15253 1
8939 10723 1
8939 13076 1
3202 1927 1
7709 7082 1
7709 12287 1
5958 12154 1
5958 12478 1
8125 8301 1
8125 12104 1
8125 14427 1
477 14360 1
477 14360 1
477 14360 1
477 14360 1
477 14427 1
477 14433 1
477 14435 1
6773 12088 1
6773 12892 1
6773 13411 1
9557 11370 1
2966 6311 1
1492 6179 1
1492 6700 1
1492 7004 1
1492 8001 1
1492 8029 1
1492 13139 1
1492 13150 1
338 7491 1
338 8301 1
338 11925 1
338 12017 1
338 12104 1
338 12127 1
338 12515 1
338 12649 1
338 13119 1
338 14324 1
338 14435 1
5688 12280 1
9262 14398 1
9262 14415 1
12933 9064 1
2334 6290 1
2963 12328 1
5640 6510 1
5640 8829 1
13984 13240 1
13984 13411 1
14086 11562 1
14569 12169 1
1132 12288 1
1132 12301 1
1132 12303 1
1132 12321 1
1132 12341 1
1132 14487 1
1132 14500 1
1132 14513 1
10063 10178 1
14811 12104 1
4655 9057 1
4655 9263 1
4655 11957 1
4655 12506 1
4655 13302 1
4655 13334 1
4655 13562 1
4655 15262 1
3824 7512 1
3824 7627 1
3824 7700 1
3824 11923 1
3824 11985 1
3824 12132 1
3824 12181 1
3824 12416 1
1664 7601 1
1664 11637 1
1664 13527 1
1664 15134 1
1664 15232 1
709 14426 1
7023 12006 1
6105 12422 1
11430 8590 1
3391 5497 1
3391 11056 1
9127 6652 1
9127 14415 1
7307 6828 1
11312 7815 1
11312 12040 1
11312 14337 1
719 7583 1
719 7622 1
719 11920 1
719 11981 1
719 12015 1
719 12104 1
719 13198 1
719 14325 1
719 14415 1
719 14427 1
424 6165 1
424 7588 1
424 11894 1
424 12092 1
424 14325 1
424 14431 1
1707 11105 1
1707 11106 1
1707 11239 1
1707 11255 1
1707 11323 1
1707 11467 1
1707 11490 1
1707 11495 1
1707 11504 1
1707 11585 1
1707 11613 1
1707 11639 1
1707 11658 1
1707 11659 1
1707 11692 1
1707 11851 1
1707 11900 1
1707 12167 1
1707 12869 1
1707 13029 1
1707 13565 1
1707 13569 1
1707 13644 1
1707 13697 1
1707 13785 1
1707 14166 1
1707 14206 1
1707 15564 1
946 10920 1
8512 8301 1
929 7550 1
929 7700 1
929 8301 1
929 14464 1
9553 6299 1
2155 6158 1
2155 12088 1
2155 14324 1
3900 12296 1
10710 6900 1
10710 10395 1
10710 15134 1
8947 6805 1
11616 14398 1
7153 14513 1
4540 6330 1
8924 12681 1
8924 13058 1
8924 13119 1
3184 4115 1
3184 4164 1
3184 4166 1
3184 7679 1
3184 8685 1
3184 14435 1
2240 12064 1
7248 10266 1
7248 13128 1
12639 12621 1
7208 12363 1
15484 14333 1
953 11970 1
15585 12389 1
8536 13198 1
8536 14399 1
8536 14427 1
15063 14415 1
14703 14434 1
5295 11220 1
14691 14398 1
7072 7757 1
1574 11010 1
1574 11135 1
1574 11137 1
1574 11145 1
1574 11190 1
1574 11279 1
1574 11287 1
1574 11338 1
1574 11339 1
1574 11340 1
1574 11384 1
1574 11415 1
1574 11545 1
1574 11579 1
1574 11596 1
1574 11599 1
1574 11610 1
1574 11614 1
1574 11657 1
1574 11681 1
1574 11693 1
1574 11714 1
1574 11740 1
1574 11774 1
1574 11992 1
1574 12061 1
1574 12062 1
1574 12076 1
1574 12154 1
1574 12190 1
1574 12401 1
1574 12425 1
1574 12638 1
1574 13506 1
1574 13517 1
1574 13530 1
1574 13589 1
1574 13591 1
1574 13604 1
1574 13648 1
1574 13655 1
1574 13682 1
1574 13727 1
1574 13757 1
1574 13760 1
1574 14043 1
1574 14108 1
1574 14193 1
1574 14222 1
1574 14240 1
1574 14308 1
1574 14375 1
1574 15074 1
1574 15151 1
1574 16049 1
7736 5187 1
323 12032 1
5779 12956 1
1447 4631 1
138 12212 1
138 14398 1
3866 14434 1
837 14427 1
70 6165 1
70 6171 1
70 6173 1
70 7679 1
70 14427 1
761 7583 1
761 7679 1
761 7815 1
761 12974 1
761 14307 1
761 14324 1
761 14398 1
5076 6158 1
13627 11924 1
7734 5125 1
8304 11345 1
4071 6158 1
4071 12135 1
2345 7838 1
1684 7795 1
1684 7916 1
1684 13523 1
1684 13544 1
9758 14528 1
7202 13559 1
6962 4610 1
194 14529 1
7294 6288 1
13494 12468 1
4995 3171 1
4165 6290 1
4022 8636 1
4022 12192 1
4022 14435 1
149 2266 1
149 6067 1
149 6119 1
149 7377 1
149 12087 1
149 13198 1
2464 3594 1
400 7807 1
400 8666 1
400 11983 1
400 12341 1
400 12373 1
400 14434 1
400 14449 1
13563 11582 1
4788 13517 1
4788 13530 1
4788 13540 1
3171 11981 1
3171 12436 1
3171 12649 1
3171 12974 1
3171 13198 1
3171 14325 1
3171 14349 1
3171 14395 1
3171 14434 1
5724 5587 1
1797 11666 1
1797 12956 1
1797 13493 1
1797 13589 1
1797 14707 1
1797 14980 1
1797 15251 1
1797 15262 1
1797 15450 1
6824 7892 1
2192 6866 1
11422 12104 1
13959 12792 1
6265 6700 1
6265 12315 1
179 10312 1
179 11918 1
179 11924 1
179 12032 1
179 12088 1
179 12161 1
179 12255 1
179 13179 1
179 14383 1
179 14399 1
2953 8403 1
760 12087 1
6435 10416 1
6435 12528 1
6435 12689 1
6435 13239 1
6435 14529 1
6435 14879 1
15222 15088 1
9333 12128 1
15235 14529 1
15235 15024 1
15235 15044 1
7842 11958 1
9250 14435 1
10731 15295 1
4278 6362 1
4278 14325 1
2553 3831 1
2553 3861 1
2553 14461 1
4096 13151 1
4096 14426 1
5286 7871 1
5286 10250 1
5286 10418 1
7180 10106 1
3322 12934 1
13597 12416 1
9109 7583 1
7892 5523 1
7892 5603 1
4495 14977 1
4495 14985 1
4495 15030 1
4495 15073 1
12191 8354 1
3035 6246 1
3035 10730 1
8408 6119 1
8408 12133 1
2037 13738 1
2037 13896 1
2037 14019 1
2037 14057 1
2037 14065 1
2037 14070 1
2037 14166 1
2037 15163 1
2037 15236 1
2037 15793 1
2037 15801 1
2037 15821 1
2037 15854 1
2037 15880 1
2037 15888 1
2037 15895 1
2037 15915 1
2037 15917 1
2031 9300 1
2031 9792 1
2031 15017 1
466 12515 1
9904 7087 1
3854 12384 1
3854 12404 1
2413 11495 1
2413 13281 1
596 11921 1
596 11922 1
596 11981 1
596 12074 1
596 12402 1
596 13198 1
9036 12032 1
11768 12024 1
9305 6218 1
6966 14481 1
8652 7661 1
8652 7674 1
10766 10678 1
6849 14537 1
847 2266 1
847 2275 1
847 7815 1
847 12138 1
847 14433 1
8519 12043 1
8519 12133 1
8519 12960 1
8164 10207 1
8164 10811 1
2154 7538 1
2154 12043 1
100 781 1
100 1176 1
100 5037 1
100 6091 1
100 6564 1
100 7583 1
100 8568 1
100 14325 1
100 14413 1
100 14415 1
180 14325 1
180 14398 1
180 14427 1
180 14428 1
180 14433 1
180 14434 1
180 14439 1
180 14519 1
3034 11494 1
1509 4478 1
1509 5483 1
1509 6286 1
1509 6309 1
1509 8540 1
1509 8630 1
1509 10119 1
166 7403 1
166 7415 1
166 7454 1
166 7479 1
166 7486 1
166 7491 1
166 7577 1
166 8357 1
166 11648 1
166 11914 1
166 11969 1
166 11975 1
166 12011 1
166 12032 1
166 12050 1
166 13180 1
166 14310 1
166 14314 1
166 14315 1
166 14316 1
166 14317 1
166 14324 1
166 14325 1
166 14333 1
166 14334 1
166 14342 1
166 14353 1
166 14356 1
166 14357 1
166 14358 1
166 14359 1
166 14360 1
166 14383 1
166 14394 1
166 14395 1
166 14396 1
166 14397 1
166 14398 1
166 14433 1
166 14519 1
166 14659 1
8401 6270 1
12541 8441 1
12541 13024 1
12541 13067 1
12541 13096 1
8172 13198 1
8172 14325 1
8172 14395 1
7368 14353 1
94 7727 1
94 7772 1
94 7815 1
94 8535 1
94 12010 1
94 12040 1
94 12099 1
94 12133 1
94 12241 1
94 12362 1
94 12402 1
94 13041 1
94 13272 1
94 13375 1
94 14395 1
94 14398 1
94 14427 1
94 14465 1
94 14500 1
94 14529 1
11945 7743 1
2768 8700 1
2768 13211 1
2768 13246 1
2768 15024 1
12013 12404 1
7701 12974 1
10477 10199 1
5836 4705 1
8156 6027 1
11633 14325 1
1375 6564 1
11566 14427 1
212 74 1
1486 6364 1
1486 6373 1
1486 6475 1
1486 6524 1
1486 6888 1
1486 11960 1
1486 11961 1
1486 14322 1
1486 14634 1
3888 12024 1
3888 13198 1
3888 14427 1
3888 14506 1
59 6938 1
59 6945 1
59 6957 1
59 7442 1
59 9078 1
59 10178 1
59 10835 1
59 10857 1
59 11682 1
59 12102 1
59 13389 1
59 13392 1
59 14324 1
59 14337 1
59 14397 1
59 14718 1
59 14821 1
59 15337 1
13407 14396 1
13407 15044 1
13158 9582 1
5659 11573 1
5659 12639 1
5659 12733 1
5659 13069 1
818 5519 1
818 6112 1
818 6314 1
818 6599 1
818 6657 1
818 6666 1
818 6938 1
818 6949 1
818 8486 1
818 8694 1
818 10205 1
818 11080 1
818 11197 1
818 11723 1
2890 7461 1
2890 9078 1
2890 13551 1
9514 6271 1
14646 12974 1
8675 11648 1
8675 11986 1
8675 12035 1
1408 12614 1
1408 12656 1
8620 6246 1
1789 9024 1
1789 9151 1
1789 9163 1
1789 12690 1
1789 13120 1
1789 13198 1
1789 14500 1
236 7441 1
236 7584 1
236 7589 1
236 8240 1
236 12014 1
236 12018 1
236 12917 1
236 14325 1
236 14395 1
1485 9307 1
1485 9404 1
1485 9972 1
1485 10057 1
1485 12187 1
1485 12487 1
1485 12815 1
1485 12863 1
1485 13378 1
1485 13512 1
1485 13833 1
1485 14165 1
1485 14210 1
1485 14242 1
1485 14244 1
1485 14269 1
1485 14275 1
1485 14279 1
1485 14340 1
1485 14432 1
1485 14910 1
1485 16013 1
6626 4648 1
11899 11972 1
11899 12974 1
1106 6105 1
1106 6119 1
1106 8908 1
1106 12104 1
6519 6271 1
12811 11469 1
14099 14756 1
14099 15168 1
9810 6312 1
3873 12087 1
562 52 1
15588 14510 1
5954 12154 1
5954 13136 1
11517 7701 1
3644 13180 1
872 12341 1
4145 7679 1
5028 12323 1
5028 12356 1
5028 13125 1
334 4157 1
334 6283 1
334 8661 1
334 12257 1
3294 12382 1
3294 12388 1
3294 12449 1
3294 12951 1
3294 13032 1
3294 13142 1
8776 6165 1
4528 5550 1
4528 14998 1
15505 12335 1
14095 12478 1
11918 12404 1
11918 15299 1
7594 5131 1
7594 5132 1
7594 5422 1
7594 5461 1
7594 5472 1
7594 5485 1
7594 9298 1
12688 12974 1
113 14399 1
113 14403 1
4179 14487 1
521 361 1
521 10836 1
521 10846 1
228 7583 1
228 7613 1
228 7619 1
228 8357 1
228 8636 1
228 11893 1
228 11962 1
228 11986 1
228 12137 1
228 12974 1
228 14325 1
228 14395 1
409 7583 1
8513 12104 1
8513 14307 1
8513 14398 1
8513 14427 1
6443 4447 1
6443 10484 1
6443 12706 1
935 6238 1
935 6362 1
16965 14584 1
16965 14622 1
9629 6700 1
9629 12100 1
14663 12101 1
3231 1991 1
4965 10163 1
4965 12210 1
4965 12291 1
4965 14336 1
5848 12746 1
5848 13409 1
5848 15197 1
8224 6364 1
8224 6651 1
8224 7377 1
8224 7636 1
8224 13198 1
7879 12190 1
6083 12099 1
6083 12138 1
6083 13120 1
6083 13198 1
383 7622 1
383 7660 1
383 7707 1
383 11960 1
383 11988 1
383 12227 1
383 13179 1
2417 6599 1
2417 8099 1
2417 12515 1
2417 13201 1
2417 14476 1
9690 14537 1
5050 11978 1
1784 13096 1
1784 13302 1
1784 13399 1
1784 13467 1
1784 13484 1
1784 13501 1
1784 13523 1
1784 13530 1
1784 13562 1
7853 12444 1
1551 12654 1
1551 14608 1
1667 12489 1
5514 13188 1
4557 9263 1
2396 8904 1
4434 6155 1
4434 6287 1
8177 12075 1
8177 12095 1
8177 12974 1
4283 7768 1
10431 14929 1
10431 14945 1
10431 15021 1
10431 15084 1
10431 15289 1
15428 13120 1
12887 10304 1
705 14447 1
1903 12467 1
1903 12647 1
1903 12974 1
1903 13517 1
1903 13527 1
1903 13621 1
1903 13639 1
1903 15408 1
14701 14324 1
14978 12138 1
4719 12425 1
4719 13142 1
4719 14487 1
4719 14574 1
4719 15300 1
504 6218 1
504 6238 1
504 6657 1
504 8301 1
504 11997 1
504 12402 1
2861 9236 1
2861 10694 1
2861 11964 1
2861 12199 1
2861 12680 1
2861 13384 1
2861 13412 1
2861 13527 1
2861 14503 1
2861 14739 1
2861 14844 1
2861 15237 1
889 10201 1
889 10205 1
11396 12087 1
4726 6651 1
4726 6808 1
4726 6956 1
4726 8408 1
4726 8871 1
4726 11574 1
4726 11649 1
4726 11999 1
4726 12653 1
4726 12784 1
4726 14554 1
11420 11486 1
16905 14328 1
11774 11997 1
11774 14428 1
4704 5749 1
4704 7550 1
4704 8671 1
2605 11973 1
2605 11986 1
2605 12014 1
2605 12088 1
2605 12097 1
2605 12104 1
2605 12161 1
2605 13198 1
17359 14789 1
11377 14330 1
4926 13380 1
16750 13697 1
3109 14547 1
915 14307 1
3099 14325 1
1070 7387 1
1070 10158 1
1070 14453 1
10019 14469 1
1922 2864 1
1922 15566 1
438 7092 1
438 7692 1
438 10129 1
438 10153 1
438 10808 1
438 10843 1
438 10969 1
438 10982 1
438 11275 1
438 11288 1
438 11452 1
3752 12077 1
14873 14528 1
3543 11104 1
3543 11106 1
3543 11249 1
3543 11255 1
3543 11256 1
3543 11690 1
11019 11978 1
11019 12690 1
16709 14537 1
1459 9115 1
1459 11052 1
1459 15304 1
2189 6290 1
7493 12117 1
1904 8702 1
1904 8719 1
1904 8905 1
1904 8984 1
1904 9207 1
1904 9267 1
1904 9304 1
1904 9315 1
1904 9357 1
1904 9373 1
1904 10510 1
1904 11306 1
1904 11956 1
1904 11985 1
1904 11986 1
1904 12075 1
1904 12128 1
1904 12296 1
1904 12323 1
1904 12325 1
1904 12417 1
1904 12453 1
1904 12503 1
1904 12574 1
1904 12799 1
1904 12974 1
1904 12996 1
1904 13032 1
1904 13040 1
1904 13125 1
1904 13191 1
1904 13217 1
1904 13230 1
1904 13340 1
1904 13497 1
1904 13551 1
1904 13645 1
1904 13648 1
1904 13702 1
1904 13745 1
1904 15613 1
1904 15723 1
2739 4318 1
2739 4392 1
2739 7421 1
2739 10987 1
5458 12262 1
9772 12792 1
4291 7331 1
4291 7739 1
4291 12315 1
4291 13180 1
1633 4583 1
1633 4624 1
1633 10181 1
1633 10482 1
1633 13024 1
1633 13048 1
566 12087 1
566 12133 1
10373 7814 1
10373 12014 1
8925 11925 1
6404 11699 1
6404 13569 1
8199 12192 1
8114 13198 1
8114 14324 1
8114 14325 1
8114 14428 1
8114 14433 1
8114 14434 1
8114 14435 1
9410 10580 1
4109 7637 1
4109 12077 1
4978 7918 1
4978 11972 1
3662 13180 1
6063 4141 1
1227 6312 1
5525 3639 1
8278 10312 1
8278 11919 1
8278 11930 1
8278 11972 1
8278 12014 1
8278 12192 1
8278 14325 1
8278 14398 1
783 6271 1
783 7331 1
783 14502 1
5389 3568 1
8281 6211 1
2229 5308 1
7355 15255 1
7355 15262 1
7355 15282 1
7355 15300 1
7355 15307 1
7355 15310 1
7355 15335 1
966 6199 1
1189 13163 1
1189 14537 1
9994 9163 1
9994 11447 1
9994 13562 1
5044 4111 1
5462 16049 1
1928 13485 1
1928 14003 1
1928 15690 1
1928 15810 1
945 105 1
945 4185 1
3130 10814 1
7045 7771 1
7045 12308 1
1521 9240 1
1521 9260 1
1521 9364 1
1521 9395 1
1521 9601 1
1521 10883 1
1521 10957 1
1521 11042 1
1521 11064 1
1521 11148 1
1521 11185 1
1521 11231 1
1521 11319 1
1521 11544 1
1521 11631 1
1521 11661 1
1521 12598 1
1521 12696 1
4533 12643 1
4512 6067 1
2596 6148 1
2596 12014 1
5038 11648 1
8176 7371 1
8176 7573 1
8313 7371 1
8313 13180 1
3680 2251 1
127 61 1
127 14433 1
9116 6219 1
1258 2320 1
14054 12919 1
10255 8232 1
7098 6178 1
5843 8694 1
6554 11977 1
6554 12019 1
6554 12169 1
6554 12192 1
6554 12226 1
6554 12330 1
6554 12341 1
5203 11176 1
56 11080 1
56 11194 1
56 13445 1
56 16049 1
2483 8146 1
2483 8831 1
2483 13196 1
4958 7918 1
4958 9076 1
4958 10273 1
4958 12331 1
4958 12974 1
1262 7888 1
1262 7950 1
1262 8075 1
1262 8141 1
1262 10393 1
1262 10455 1
1262 10678 1
1262 11895 1
1262 12373 1
1262 12499 1
1262 12868 1
6394 8842 1
6865 6313 1
1140 6745 1
1140 6866 1
1140 10183 1
1140 10186 1
1140 10208 1
1140 11940 1
1140 14349 1
1140 14502 1
353 7507 1
353 7558 1
353 7645 1
353 7650 1
353 7725 1
353 8209 1
353 11320 1
353 12010 1
353 12077 1
353 12087 1
353 12139 1
353 12230 1
353 12292 1
353 12312 1
353 12974 1
353 14435 1
4180 6671 1
4180 7621 1
4180 12221 1
4180 14398 1
3246 13340 1
2289 2873 1
2302 8209 1
2839 12063 1
2839 12401 1
2839 14404 1
4765 14901 1
5212 6067 1
4043 7414 1
4043 7627 1
4043 12104 1
4043 13053 1
4043 14338 1
4043 14434 1
8089 7220 1
8308 6155 1
8308 6564 1
8308 14324 1
3492 11390 1
4882 10046 1
4882 10048 1
4882 10072 1
4882 10083 1
4882 14275 1
4882 14284 1
4882 14287 1
5945 6211 1
5945 10135 1
10519 10232 1
6126 12040 1
6126 14431 1
5617 11493 1
5617 11505 1
5617 11564 1
480 6043 1
480 7437 1
13519 11193 1
13414 10232 1
13414 10392 1
5001 8719 1
5001 8739 1
5001 12364 1
5001 12370 1
5001 12382 1
5001 12383 1
5001 12417 1
5001 12424 1
5001 12425 1
12070 13412 1
8010 10837 1
4509 14584 1
13748 12137 1
13748 12359 1
13748 12697 1
13748 13108 1
1537 6700 1
1537 6858 1
1537 13302 1
15542 12477 1
7356 11648 1
7356 11920 1
7356 12489 1
14242 13308 1
4334 13120 1
8042 5674 1
1063 7846 1
14296 11477 1
14539 12066 1
8803 7584 1
8803 8661 1
8803 10099 1
10386 6792 1
10386 6793 1
10386 6851 1
10386 8535 1
1159 4195 1
1159 6271 1
1159 12275 1
13566 12478 1
226 7566 1
226 7725 1
226 7772 1
226 11917 1
226 12087 1
226 14431 1
1009 6727 1
1009 12032 1
4560 8653 1
4560 15090 1
7233 8662 1
9046 6165 1
12899 12974 1
10588 11420 1
10588 11468 1
10377 12489 1
16448 14942 1
14228 13398 1
10347 14325 1
10347 14350 1
9 6057 1
9 6151 1
9 7386 1
9 7441 1
9 7529 1
411 7410 1
411 7452 1
411 7550 1
411 7557 1
411 7588 1
411 12104 1
411 14464 1
3945 11993 1
4604 13420 1
4007 14432 1
89 7571 1
89 7617 1
89 8636 1
89 14325 1
9452 14433 1
9452 14536 1
1988 9750 1
1988 9889 1
1988 10070 1
1988 10694 1
1988 12016 1
1988 12144 1
1988 12165 1
1988 13198 1
1988 14209 1
1988 14310 1
1988 14839 1
1988 15796 1
2656 7582 1
431 6067 1
431 6118 1
431 6140 1
431 6155 1
431 6158 1
431 7583 1
431 11967 1
431 12040 1
431 13180 1
5791 7371 1
574 7815 1
574 11983 1
574 12013 1
574 12134 1
574 12138 1
574 12148 1
574 12192 1
574 12974 1
6874 12365 1
1839 13163 1
10001 12467 1
2618 7583 1
3333 6312 1
3510 13338 1
3510 15127 1
2637 6788 1
2637 7422 1
2637 7660 1
7836 14475 1
7836 14498 1
7836 14505 1
8100 8301 1
8100 8301 1
8100 12154 1
8100 13198 1
2519 8199 1
2519 8317 1
2519 8324 1
2519 8393 1
2519 8672 1
2519 12035 1
2519 13093 1
6801 4487 1
5131 4206 1
4951 7693 1
4951 12036 1
4951 12371 1
4951 13128 1
1694 2710 1
4689 7636 1
4689 7729 1
4689 7949 1
4689 12548 1
537 7376 1
537 12515 1
1817 6967 1
1817 9076 1
468 6067 1
1822 7792 1
1822 7795 1
1822 7838 1
1822 7863 1
1822 7884 1
1822 7912 1
1822 7913 1
1822 8455 1
1822 8824 1
1822 8894 1
1822 8978 1
1822 9169 1
1822 9240 1
1822 9255 1
1822 9262 1
1822 9263 1
1822 9266 1
1822 9267 1
1822 9271 1
1822 9279 1
1822 9286 1
1822 9298 1
1822 9318 1
1822 9320 1
1822 9342 1
1822 9357 1
1822 9378 1
1822 9404 1
1822 9414 1
1822 9602 1
1822 12075 1
1822 12554 1
1822 12675 1
1822 12974 1
1822 13180 1
1822 13398 1
1822 13516 1
1822 13527 1
1822 13611 1
1822 13663 1
1822 13697 1
1822 13717 1
1822 13741 1
1822 13749 1
1822 15517 1
3188 12511 1
1847 8302 1
1847 8743 1
1847 9240 1
1847 9248 1
1847 9259 1
1847 9263 1
1847 9293 1
1847 9294 1
1847 9341 1
1847 9347 1
1847 9373 1
1847 9404 1
1847 9572 1
1847 10575 1
1847 12128 1
1847 12325 1
1847 12416 1
1847 12675 1
1847 13346 1
1847 13585 1
1847 13591 1
1847 13607 1
1847 13642 1
1847 13645 1
1847 13654 1
1847 13655 1
1847 13663 1
1847 13665 1
1847 13673 1
1847 13722 1
1847 13724 1
1847 13739 1
1847 13751 1
1847 13808 1
1847 13893 1
1847 15498 1
1847 15533 1
1847 15552 1
1847 15566 1
1847 15596 1
1847 15604 1
1847 15690 1
3638 6165 1
2664 13092 1
15012 14384 1
2711 6805 1
10166 12312 1
13252 12166 1
12461 10568 1
10433 8301 1
1186 7892 1
1186 12382 1
1186 12441 1
10447 7907 1
7318 8326 1
8697 12013 1
7349 10470 1
5232 8685 1
13538 11407 1
13538 11422 1
13538 12536 1
3876 6067 1
11590 11469 1
8763 6362 1
3280 1944 1
324 6119 1
324 14325 1
17026 14403 1
7012 12643 1
1526 5794 1
1526 14479 1
1526 15077 1
1526 15589 1
715 6671 1
715 7331 1
715 7380 1
715 7500 1
715 7566 1
715 7583 1
715 7584 1
715 7588 1
715 7591 1
715 7623 1
715 7627 1
715 7640 1
715 7657 1
715 7702 1
715 7719 1
715 7725 1
715 7739 1
715 7742 1
715 7786 1
715 8636 1
715 8846 1
715 11981 1
715 11993 1
715 12020 1
715 12049 1
715 12087 1
715 12133 1
715 12143 1
715 13180 1
715 14396 1
715 14426 1
715 14427 1
715 14442 1
1401 15334 1
1401 15380 1
1401 15564 1
1401 15584 1
3626 6153 1
2628 6148 1
2735 10730 1
2735 12341 1
2735 12425 1
2735 12453 1
2735 13092 1
2735 14522 1
2735 14542 1
2735 14893 1
1419 6458 1
5023 7331 1
5023 14371 1
5633 3710 1
4975 8033 1
4975 8097 1
4975 12074 1
4975 12361 1
4975 12467 1
4975 12484 1
4975 12692 1
2589 7371 1
2589 7398 1
2589 12273 1
5879 8663 1
5879 11914 1
5879 11973 1
5879 11986 1
5879 12085 1
10676 13236 1
4725 7362 1
4725 10205 1
4725 11844 1
331 5045 1
2682 7815 1
2682 10149 1
2682 12100 1
2682 12101 1
2682 12974 1
2682 13120 1
3636 6362 1
13439 12382 1
8468 6067 1
13963 15077 1
13610 12088 1
13610 12288 1
3222 12129 1
3222 12365 1
3222 12389 1
1091 6271 1
1091 10506 1
1080 12178 1
1080 12241 1
1080 12281 1
1080 12336 1
1080 12349 1
1080 12363 1
1080 12368 1
1080 12382 1
1080 12404 1
1080 12453 1
1080 12461 1
1080 12478 1
1080 12649 1
1080 13119 1
1080 13120 1
3688 6037 1
3688 6043 1
3688 6044 1
3688 7369 1
3688 7892 1
1976 13720 1
14987 12353 1
4741 11477 1
3619 6699 1
4063 6158 1
4063 7503 1
4063 10119 1
4063 14446 1
3741 7446 1
4735 3280 1
2453 12007 1
13547 11350 1
13547 11445 1
13547 11983 1
731 2251 1
731 7422 1
731 14415 1
3902 7687 1
3902 8636 1
3902 12002 1
3902 12060 1
3902 12128 1
3902 12974 1
3902 13180 1
386 6135 1
386 7111 1
386 12054 1
3806 14446 1
6745 12467 1
6810 6290 1
187 10965 1
187 11006 1
187 11052 1
187 11060 1
187 11064 1
187 11071 1
187 11088 1
187 11154 1
187 11155 1
187 11179 1
187 11185 1
187 11195 1
187 11294 1
187 11312 1
187 11314 1
187 11346 1
187 11497 1
187 11582 1
187 11629 1
187 11704 1
187 12205 1
187 12580 1
187 12593 1
187 12650 1
187 12737 1
187 12742 1
187 12750 1
187 12758 1
187 12783 1
187 12844 1
187 12895 1
187 12903 1
187 13630 1
187 14425 1
187 14547 1
187 14898 1
187 14923 1
187 15312 1
8012 7699 1
7899 11600 1
1256 7362 1
1256 7830 1
1256 7950 1
1256 8536 1
1256 8609 1
1256 8692 1
1256 8733 1
1256 8822 1
1256 8850 1
1256 8894 1
1256 9059 1
1256 9142 1
1256 9160 1
1256 9271 1
1256 9445 1
1256 9629 1
1256 10319 1
1256 12420 1
1256 12493 1
1256 13003 1
1256 13223 1
1256 13226 1
1256 13305 1
1256 13321 1
1256 13338 1
1256 13399 1
1256 13416 1
1256 13445 1
1256 13485 1
1256 13490 1
1256 13523 1
1256 13537 1
1256 13580 1
1256 13785 1
1256 13977 1
1256 14423 1
1256 14531 1
1256 14532 1
1256 14554 1
1256 14824 1
1256 14901 1
1256 15044 1
1256 15061 1
1256 15077 1
1256 15180 1
1256 15326 1
1256 16009 1
7251 5829 1
7251 11536 1
7251 11862 1
4031 6657 1
4031 7700 1
4031 10181 1
4031 12355 1
4031 13120 1
4031 14435 1
4031 14464 1
4031 14465 1
2433 8732 1
2433 11396 1
2433 13537 1
2433 13562 1
2433 13580 1
2433 13609 1
2433 14426 1
2433 14765 1
2433 14818 1
2433 15435 1
8799 10113 1
8076 6935 1
8638 10580 1
3810 14325 1
3810 14328 1
3810 14399 1
3810 14401 1
3810 14427 1
3810 14433 1
17316 15023 1
7994 8373 1
7994 9163 1
7994 9269 1
7994 10211 1
8209 12104 1
8209 12574 1
5406 10128 1
5406 10158 1
9033 12104 1
9033 14434 1
8219 11924 1
8219 12133 1
8219 14434 1
6350 7457 1
6350 14465 1
4128 6118 1
8235 7380 1
13036 14003 1
13036 14146 1
2418 11900 1
1006 7371 1
1006 7571 1
1006 10170 1
3401 13040 1
13887 11271 1
14085 13340 1
3535 12102 1
13473 12566 1
13473 14492 1
9588 6287 1
1294 6313 1
4352 6302 1
4760 13492 1
4760 13493 1
87 6589 1
87 12104 1
87 12190 1
87 12192 1
87 12312 1
6981 13163 1
5912 4159 1
5912 7405 1
265 6031 1
265 6087 1
8325 12275 1
11607 12148 1
11607 12199 1
7828 7838 1
7828 12370 1
8853 12104 1
523 6820 1
523 7583 1
523 11914 1
523 11915 1
523 11918 1
523 11919 1
523 12027 1
523 12033 1
523 12231 1
523 12681 1
95 6155 1
95 6238 1
3646 14435 1
1147 6118 1
1147 6173 1
1147 6239 1
1147 6671 1
1147 7740 1
1147 12104 1
1147 12265 1
13833 13163 1
13833 13311 1
3548 12675 1
10461 7331 1
13438 11495 1
1672 11127 1
1672 11424 1
1672 12251 1
1672 12325 1
1672 12353 1
1672 12384 1
1672 13245 1
1672 13426 1
10890 7015 1
11812 12432 1
5266 6270 1
6282 13527 1
171 7583 1
171 14324 1
171 14399 1
171 14403 1
13506 13245 1
9247 12099 1
9247 14432 1
12022 9164 1
9311 12192 1
5067 12242 1
5052 7610 1
2196 14505 1
2196 14537 1
13307 10418 1
16596 15071 1
9198 6179 1
12873 13418 1
1370 6331 1
1370 10979 1
1370 14540 1
4432 13302 1
6361 10143 1
6361 12056 1
1675 973 1
1201 1899 1
1201 6267 1
3094 8901 1
14155 13418 1
13736 11649 1
11864 10266 1
12093 12097 1
3655 4186 1
3655 7577 1
3655 7818 1
3655 11648 1
3655 11959 1
4189 4173 1
4189 6218 1
3 7631 1
3 8636 1
3 10110 1
3 11966 1
3 11990 1
3 11993 1
3 12087 1
3 12133 1
3 13180 1
3 14397 1
3 14398 1
3 14427 1
1786 10992 1
1786 11008 1
1786 11010 1
1786 15385 1
1786 15610 1
9967 12416 1
10590 6763 1
8868 8768 1
8868 12104 1
9252 14427 1
287 6165 1
287 6176 1
287 6362 1
287 6652 1
287 6659 1
287 7369 1
287 7491 1
287 10745 1
287 12137 1
287 12144 1
5391 4338 1
5493 6218 1
5493 10180 1
12539 13691 1
12539 13742 1
12539 13786 1
12597 12475 1
8478 11919 1
969 7699 1
959 8450 1
959 8788 1
959 8826 1
959 10183 1
959 10186 1
959 10208 1
959 10349 1
959 10416 1
959 10514 1
959 10777 1
959 11384 1
959 11621 1
959 12258 1
959 12266 1
959 12382 1
959 13391 1
959 15196 1
2025 6936 1
3829 7583 1
3829 11919 1
7772 12374 1
4392 14554 1
6055 7918 1
6055 11978 1
14472 15138 1
11866 13231 1
5792 6119 1
7028 12700 1
16361 13198 1
2287 8390 1
2287 13486 1
973 5650 1
973 6263 1
973 13580 1
14852 12133 1
5228 7778 1
5228 11977 1
5228 12360 1
6660 12424 1
6660 13398 1
7470 6846 1
8780 7679 1
4575 6295 1
7884 11671 1
931 13198 1
4119 12174 1
4119 12192 1
13325 12389 1
9021 11919 1
1236 6317 1
1236 7866 1
1236 12368 1
1236 12404 1
1236 12461 1
1236 12467 1
1236 12478 1
6097 5069 1
13923 11106 1
11886 8685 1
9927 11958 1
4197 8301 1
4197 10175 1
4197 12022 1
4197 12266 1
4197 12361 1
4197 12369 1
4197 12574 1
4197 12917 1
1399 9207 1
1399 11649 1
14230 15044 1
1335 6694 1
1335 6785 1
1335 11301 1
7667 6700 1
1318 153 1
5730 10565 1
5730 11052 1
174 6375 1
174 6377 1
174 6396 1
174 6409 1
174 6419 1
174 6441 1
174 6451 1
174 6478 1
174 6561 1
174 6572 1
174 6599 1
174 6642 1
174 6701 1
174 6736 1
174 6770 1
174 6784 1
174 6828 1
174 7009 1
174 7166 1
174 7265 1
174 7371 1
174 7374 1
174 7438 1
174 7449 1
174 7460 1
174 7492 1
174 7547 1
174 7552 1
174 7559 1
174 7577 1
174 7601 1
174 7782 1
174 7927 1
174 7950 1
174 8207 1
174 8282 1
174 8405 1
174 8535 1
174 8569 1
174 8590 1
174 8623 1
174 8663 1
174 8704 1
174 8829 1
174 8894 1
174 9000 1
174 9024 1
174 9180 1
174 9201 1
174 9259 1
174 9266 1
174 9271 1
174 9292 1
174 9297 1
174 9300 1
174 9322 1
174 9603 1
174 9753 1
174 9778 1
174 11577 1
174 11578 1
174 11973 1
174 12132 1
174 12179 1
174 12230 1
174 12404 1
174 12453 1
174 12482 1
174 12570 1
174 12599 1
174 13300 1
174 14799 1
174 15498 1
5110 8232 1
5250 6271 1
1331 4523 1
2365 10114 1
1531 6745 1
1531 10166 1
1531 11072 1
3783 4166 1
12487 10775 1
8189 7846 1
8754 12102 1
4267 7678 1
4267 7733 1
4267 8052 1
4267 8160 1
4267 8195 1
4267 8315 1
4267 8353 1
4267 8541 1
4267 10605 1
4267 12685 1
4267 14765 1
308 6313 1
308 7692 1
308 12084 1
5101 7863 1
743 14324 1
15960 14540 1
15960 15077 1
10972 7344 1
2228 708 1
3466 12461 1
5890 12020 1
5890 12077 1
5890 12092 1
5890 12101 1
5890 12104 1
5890 12169 1
5890 12974 1
7650 12403 1
9279 7390 1
528 10113 1
528 14379 1
528 14396 1
528 14408 1
1455 4652 1
1455 7286 1
1455 11994 1
1455 13641 1
3067 11235 1
6775 15035 1
5947 8962 1
5947 13380 1
9408 7700 1
3376 9574 1
3376 9714 1
3376 9792 1
3376 9808 1
3376 12265 1
3376 12293 1
3376 12384 1
3376 13245 1
3376 13589 1
3376 13738 1
3376 13892 1
3376 14033 1
3376 14133 1
3376 14206 1
3376 14222 1
3376 15539 1
12853 9040 1
6680 6596 1
6680 7712 1
6680 12226 1
7460 13162 1
7620 14403 1
1981 11276 1
1981 11781 1
1981 15564 1
2854 7510 1
2854 12494 1
2556 9969 1
2556 10046 1
1330 10616 1
7521 7026 1
3360 2359 1
782 6165 1
782 6231 1
782 12104 1
782 14324 1
1751 12740 1
13328 12969 1
1329 6910 1
1329 8434 1
1329 8704 1
1329 8715 1
1329 13189 1
1329 15024 1
1329 15042 1
1802 8847 1
12 2240 1
3729 12106 1
3851 12015 1
3851 12032 1
3851 12104 1
3851 14325 1
3851 14428 1
3851 14434 1
11636 14325 1
11636 14397 1
3254 12325 1
3254 12360 1
3254 13200 1
9560 12470 1
15813 13902 1
5346 11168 1
5346 12325 1
1653 6884 1
1653 6895 1
1653 6896 1
1653 6900 1
1653 7081 1
1653 7095 1
1653 7123 1
1653 7140 1
1653 7160 1
1653 7166 1
1653 7189 1
1653 7197 1
1653 7331 1
1653 7344 1
1653 7560 1
1653 9370 1
1653 9736 1
1653 12328 1
1653 13972 1
1653 14014 1
1653 14066 1
1653 14077 1
5721 7759 1
3420 12137 1
3420 12325 1
3420 12461 1
3420 13109 1
6863 7892 1
10482 10175 1
8434 14427 1
7339 15191 1
2104 2399 1
74 12104 1
74 14325 1
74 14396 1
74 14431 1
74 14434 1
2756 11244 1
7960 8801 1
7960 13040 1
1493 6574 1
1493 13583 1
11715 14500 1
2550 4961 1
2550 13705 1
4049 8636 1
11232 7407 1
2781 9295 1
2781 12079 1
2781 12229 1
14141 13279 1
96 5073 1
96 6178 1
6178 13198 1
6602 7773 1
4650 4117 1
12209 11072 1
1345 10823 1
1960 8853 1
151 6157 1
151 6419 1
151 7501 1
151 8663 1
151 11917 1
151 11924 1
151 12088 1
151 14324 1
14402 15310 1
6016 7437 1
121 4353 1
121 14404 1
13371 12330 1
8267 6818 1
8267 12120 1
12372 11379 1
4694 4631 1
4694 6896 1
391 7371 1
391 7746 1
391 12238 1
391 14482 1
4042 11983 1
4042 12077 1
4266 12314 1
4266 12427 1
3779 6195 1
3779 6657 1
3779 12974 1
644 12100 1
14769 12100 1
14769 12974 1
692 14431 1
2491 11581 1
4230 7095 1
3550 13044 1
9982 6731 1
482 11919 1
482 12515 1
3650 14436 1
12901 9240 1
5003 4156 1
7682 12133 1
5913 13120 1
7604 7382 1
8162 11671 1
15812 13389 1
1418 13163 1
6181 13105 1
11964 12154 1
5200 3601 1
4874 14257 1
4874 14287 1
4874 16009 1
9310 7681 1
9310 7750 1
7436 6939 1
7436 6957 1
11483 12122 1
11483 12161 1
3677 7492 1
2512 9267 1
2512 11648 1
2512 13245 1
2512 13359 1
2512 13398 1
5789 5062 1
5789 6183 1
978 5149 1
978 15061 1
641 12194 1
14601 11919 1
8143 11894 1
12020 12382 1
1428 12032 1
1428 12404 1
6622 12319 1
3749 11972 1
3749 14396 1
1097 4291 1
1097 6866 1
1272 12114 1
1272 12461 1
1272 13024 1
1272 13041 1
1272 14949 1
118 14670 1
118 14672 1
118 14681 1
118 14706 1
118 14717 1
118 14721 1
118 14735 1
118 14742 1
118 14744 1
118 14765 1
118 14775 1
118 14792 1
118 14798 1
118 14813 1
118 14832 1
118 14872 1
118 14874 1
118 14922 1
118 14929 1
118 14940 1
118 14945 1
118 14963 1
118 14989 1
118 15003 1
118 15009 1
118 15074 1
118 15084 1
118 15087 1
118 15097 1
118 15099 1
118 15111 1
118 15132 1
118 15137 1
118 15138 1
118 15190 1
118 15276 1
118 15289 1
118 15291 1
118 15292 1
118 15306 1
118 15341 1
118 15351 1
118 15367 1
118 15370 1
118 15389 1
118 15399 1
118 15400 1
118 15413 1
118 15437 1
118 15479 1
118 15518 1
118 15589 1
118 15600 1
118 15648 1
118 15681 1
118 15689 1
118 15741 1
118 15824 1
118 15913 1
1832 7226 1
1832 7230 1
1832 9254 1
1832 9292 1
1832 9373 1
1832 10575 1
1832 13682 1
1832 15493 1
1832 15604 1
1832 15704 1
1832 15764 1
5142 4112 1
1064 6322 1
1064 7775 1
1064 7846 1
1064 12416 1
1064 12425 1
1064 12466 1
1064 12467 1
1064 12982 1
1064 14554 1
2725 6909 1
10130 11239 1
3998 6165 1
4991 7369 1
4991 11986 1
4991 12054 1
2235 10136 1
2235 10166 1
12338 12453 1
5711 9037 1
5711 10530 1
5711 12874 1
6297 4302 1
1194 7863 1
1194 8539 1
1194 8962 1
1194 10115 1
1194 12096 1
1194 12445 1
2367 5207 1
2780 6241 1
548 7899 1
548 8482 1
548 12107 1
548 12307 1
548 12310 1
548 12370 1
548 12383 1
548 12432 1
548 12474 1
548 13007 1
4930 12163 1
4930 12337 1
4930 14310 1
4290 12362 1
4290 13490 1
6269 12230 1
278 12323 1
278 12337 1
278 12467 1
278 12792 1
278 13018 1
278 13120 1
278 13192 1
278 13221 1
278 13301 1
278 13340 1
278 13399 1
278 13426 1
278 13619 1
278 13665 1
278 13683 1
278 13691 1
278 13697 1
278 13702 1
278 14441 1
278 14505 1
278 14513 1
278 14573 1
278 15307 1
278 15343 1
278 15380 1
278 15433 1
278 15548 1
278 15632 1
2877 12489 1
2936 14763 1
20 7422 1
20 7550 1
20 7586 1
20 8209 1
20 8732 1
20 12040 1
20 12077 1
20 12088 1
20 12090 1
20 12148 1
20 13198 1
20 14325 1
20 14336 1
20 14345 1
20 14404 1
20 14426 1
20 14435 1
8840 7583 1
9295 7679 1
5978 4136 1
8194 12133 1
4947 16049 1
5737 4583 1
5737 8800 1
5114 7795 1
13865 10742 1
9683 7836 1
285 6155 1
285 6419 1
285 7371 1
285 7378 1
285 7403 1
285 7407 1
285 7424 1
285 7434 1
285 7452 1
285 7576 1
285 7700 1
285 11959 1
285 11983 1
285 12077 1
285 12102 1
285 12402 1
285 13120 1
285 14323 1
285 14324 1
172 7919 1
4191 14324 1
6954 8567 1
6954 12349 1
6954 13208 1
11212 8704 1
10355 14519 1
3881 11918 1
3881 11919 1
3881 11925 1
3881 12139 1
3881 12440 1
3881 13380 1
14146 12996 1
3949 11919 1
11520 12100 1
11520 12792 1
12078 10205 1
0 6080 1
0 6118 1
0 6140 1
0 6246 1
0 12085 1
0 13180 1
0 14415 1
1475 10506 1
1475 10848 1
1475 10979 1
1475 13055 1
5993 12104 1
11963 10445 1
11963 10580 1
11925 12475 1
8461 12074 1
2759 12117 1
5549 5018 1
5549 7814 1
985 6287 1
985 7577 1
985 7739 1
985 9593 1
985 11919 1
985 11972 1
985 12087 1
985 12275 1
985 12278 1
985 12974 1
985 14350 1
985 14396 1
985 14461 1
985 14502 1
4773 7015 1
4773 15329 1
413 14397 1
17544 16049 1
5238 7783 1
4672 10871 1
1124 5556 1
1124 8624 1
1124 8876 1
1124 14916 1
1124 15017 1
1198 12441 1
9172 10295 1
1171 6288 1
12870 12459 1
4474 7087 1
4474 14457 1
85 6067 1
85 6100 1
85 6118 1
85 6119 1
85 6158 1
85 7377 1
85 12013 1
85 12101 1
85 12104 1
85 14427 1
7939 14487 1
4066 7665 1
4066 12087 1
1385 8527 1
1385 10180 1
1385 10191 1
1385 10210 1
1385 12986 1
603 11944 1
603 12056 1
11485 11189 1
6261 8636 1
4561 8101 1
4561 8801 1
4561 12049 1
4561 12506 1
4561 12974 1
4561 14432 1
12137 14431 1
6352 12087 1
14949 14434 1
10152 12652 1
2654 5048 1
5434 12251 1
2539 9236 1
2539 9602 1
2539 9737 1
12807 15077 1
9019 14324 1
9019 14325 1
3841 6173 1
2683 6211 1
2683 6219 1
2683 6616 1
2683 7380 1
2683 10151 1
2683 11972 1
2683 13120 1
2683 13198 1
2672 7682 1
10694 8583 1
16231 14852 1
1075 12068 1
4924 6246 1
4924 7491 1
4924 11648 1
8133 7591 1
8133 12032 1
2065 10178 1
2202 15041 1
2202 15074 1
2202 15077 1
2202 15497 1
2202 15598 1
799 6238 1
799 6239 1
799 6657 1
799 7552 1
799 7650 1
799 7684 1
799 7714 1
799 7772 1
799 12103 1
799 12145 1
799 12982 1
2717 7659 1
2717 8663 1
6458 4454 1
940 7722 1
940 7739 1
940 12020 1
940 12241 1
940 12356 1
940 12362 1
940 14515 1
7230 15044 1
6207 7684 1
6207 7712 1
6207 12181 1
868 10127 1
868 11967 1
868 14399 1
868 14451 1
6770 10205 1
6770 12366 1
7654 11254 1
9791 7892 1
129 7717 1
129 11985 1
129 14428 1
13811 15030 1
6384 13198 1
552 12087 1
552 13120 1
552 14318 1
552 14427 1
552 14464 1
14590 11981 1
7630 12382 1
2551 6105 1
7437 4657 1
16827 14434 1
3481 2023 1
6410 7700 1
8996 12101 1
4570 7588 1
4570 7591 1
4570 8612 1
4570 14426 1
6534 13381 1
7698 5128 1
9450 12974 1
6786 13119 1
5386 3819 1
5386 13264 1
11273 14350 1
8387 12139 1
8387 14325 1
6585 12150 1
6585 12373 1
6585 12425 1
6585 12441 1
16642 13585 1
2816 13165 1
2816 14309 1
8397 6119 1
3691 6106 1
14874 12099 1
1005 10126 1
1005 12316 1
14485 15445 1
6151 6657 1
6151 7700 1
6151 11931 1
6151 12974 1
5875 4118 1
13541 14397 1
192 10110 1
192 11928 1
192 12054 1
192 12125 1
192 12355 1
12614 11194 1
427 7651 1
427 12127 1
427 14325 1
427 14337 1
427 14409 1
8157 11320 1
8157 13151 1
14195 12154 1
2892 9782 1
14792 12002 1
14792 12002 1
6233 6657 1
6233 7679 1
909 7371 1
10527 14646 1
5766 7377 1
5766 9782 1
5766 12097 1
5766 12102 1
17310 15134 1
14344 11567 1
7626 7627 1
68 6218 1
68 12105 1
68 12232 1
68 14325 1
2478 8397 1
2478 8443 1
7799 8663 1
7391 13119 1
4918 14391 1
4918 14434 1
7938 12453 1
7938 13180 1
7938 14554 1
6275 12478 1
6275 12586 1
3256 2110 1
3256 10870 1
2198 6699 1
2198 11995 1
2198 12171 1
2198 13272 1
2198 14399 1
2198 14506 1
14575 12015 1
6416 6195 1
6416 7739 1
6416 11983 1
6416 14434 1
3975 6673 1
3975 8304 1
13470 12135 1
886 12101 1
4155 7417 1
4155 14435 1
3832 12097 1
3832 12100 1
3832 12135 1
3832 12257 1
3832 12264 1
3832 12917 1
3832 12974 1
3832 13198 1
3832 14322 1
3832 14325 1
3832 14383 1
3832 14390 1
3832 14395 1
3832 14398 1
3832 14404 1
3832 14405 1
3832 14435 1
3832 14452 1
3832 14504 1
3832 14505 1
175 8301 1
175 8663 1
175 8871 1
175 8890 1
175 8973 1
175 9000 1
175 9024 1
175 10170 1
175 10313 1
175 11167 1
175 11455 1
175 11492 1
175 11597 1
175 11670 1
175 13151 1
175 13340 1
175 14500 1
175 14677 1
175 15251 1
6025 7083 1
6374 14500 1
11164 14540 1
6658 12382 1
13398 14505 1
5476 4487 1
7745 7739 1
4949 6403 1
4949 6435 1
8964 7588 1
11800 13334 1
1430 11367 1
1430 13035 1
1430 15015 1
9671 12378 1
9671 12382 1
9671 12514 1
9671 12788 1
9671 14528 1
4135 7422 1
4135 7666 1
4135 8326 1
4135 8685 1
1337 7983 1
1337 8208 1
1337 10605 1
1337 11453 1
1337 12510 1
1337 15062 1
416 7627 1
416 11988 1
416 12156 1
3825 8239 1
3825 8636 1
3825 14333 1
3825 14428 1
3825 14435 1
5700 11692 1
11613 11958 1
2943 7919 1
238 6046 1
238 6047 1
238 6118 1
238 6171 1
238 6652 1
238 8636 1
238 12917 1
238 14396 1
9525 14537 1
3220 7746 1
3220 14506 1
2062 9801 1
2062 11648 1
2062 12014 1
2062 12467 1
2062 12963 1
2062 12994 1
2062 13844 1
2062 14210 1
2062 15362 1
2062 15770 1
2062 15996 1
2062 16000 1
2062 16099 1
3528 12389 1
3528 13311 1
3528 13460 1
4559 8182 1
4559 8416 1
4559 8771 1
4559 10605 1
4559 12346 1
4559 12513 1
4559 12995 1
4559 13294 1
5999 6119 1
5785 4923 1
14797 12007 1
5022 8934 1
5022 11916 1
5022 12515 1
5022 12958 1
8788 13198 1
8788 14428 1
7037 14505 1
5037 7528 1
5037 12515 1
5139 3304 1
14694 14349 1
5325 8301 1
3020 2359 1
8151 6054 1
8151 6357 1
8151 6701 1
8151 7369 1
8151 12087 1
8151 14434 1
1779 6956 1
1779 10295 1
4057 6015 1
11771 11983 1
10797 15209 1
15250 12386 1
7492 13805 1
3185 7584 1
3185 13198 1
810 6140 1
810 6156 1
810 7422 1
810 7583 1
810 7628 1
858 15034 1
858 15590 1
858 15835 1
1545 6693 1
10966 13562 1
14600 13198 1
6972 10835 1
6972 10857 1
8107 14394 1
8107 14443 1
8107 14444 1
8107 14540 1
3886 6654 1
3886 7369 1
3886 10101 1
3886 12104 1
3886 12169 1
9520 12362 1
3874 11924 1
11432 13120 1
1223 2341 1
4084 11920 1
4084 12074 1
4084 12103 1
4084 12191 1
4084 12974 1
4084 14312 1
3933 14901 1
6567 10101 1
9039 7679 1
9460 13198 1
495 6564 1
495 7577 1
495 7583 1
495 11972 1
495 12161 1
10331 13198 1
10331 14427 1
6378 12090 1
7973 7585 1
2990 4116 1
2990 14704 1
9771 11959 1
9771 12416 1
13188 11604 1
768 12133 1
1854 7027 1
64 10126 1
64 11993 1
64 12101 1
64 14447 1
2942 6322 1
158 14351 1
158 14365 1
158 14395 1
158 14396 1
158 14433 1
158 14434 1
158 14447 1
158 14763 1
6033 12101 1
6033 14428 1
8511 7380 1
8511 7622 1
4361 4168 1
776 6362 1
776 6671 1
776 7547 1
776 7583 1
776 7698 1
776 11914 1
776 11914 1
776 11919 1
776 12104 1
776 14324 1
776 14324 1
11857 12020 1
13642 12161 1
13642 13097 1
13084 9263 1
2461 12122 1
2461 12816 1
2461 12996 1
2461 13019 1
2461 13245 1
2461 13340 1
2461 13418 1
2461 13516 1
2461 13585 1
2461 13645 1
2461 15928 1
9939 12254 1
7056 10667 1
8225 12077 1
675 12087 1
675 14434 1
9882 12461 1
1411 6736 1
1411 6896 1
1411 10233 1
9914 13384 1
9914 13562 1
6620 6246 1
4470 8885 1
7854 6362 1
422 6195 1
422 6238 1
422 11972 1
422 11983 1
422 14398 1
422 14431 1
347 11918 1
347 11919 1
347 11937 1
347 11994 1
347 12014 1
347 12015 1
347 12103 1
347 12232 1
347 12244 1
347 12337 1
347 12515 1
347 13198 1
347 14324 1
347 14349 1
347 14383 1
347 14486 1
5247 7742 1
4201 6805 1
4201 12373 1
1308 6271 1
1308 7087 1
8159 12102 1
6752 9459 1
9800 7826 1
9800 7892 1
8255 6058 1
6217 6160 1
6217 11983 1
3303 5732 1
3303 5790 1
3303 8965 1
3303 9059 1
5116 8232 1
1121 6206 1
1121 6476 1
185 6758 1
185 6761 1
185 6850 1
185 6857 1
185 7086 1
185 7489 1
185 7629 1
185 7742 1
185 7743 1
185 7753 1
185 7808 1
185 7863 1
185 7869 1
185 7886 1
185 7922 1
185 7957 1
185 8000 1
185 8034 1
185 8240 1
185 8301 1
185 8461 1
185 8590 1
185 8919 1
185 8967 1
185 9141 1
185 9168 1
185 10157 1
185 11080 1
185 11194 1
185 11907 1
185 12132 1
185 12154 1
185 12316 1
185 13097 1
185 13240 1
185 13265 1
185 13305 1
185 13315 1
185 13338 1
185 14353 1
185 14485 1
185 14574 1
185 14977 1
185 15044 1
17357 15681 1
8959 10588 1
8571 12101 1
16197 13392 1
12690 12100 1
13601 11430 1
2613 11914 1
2613 11919 1
2613 12063 1
2613 12101 1
2613 14396 1
2613 14398 1
2613 14433 1
10411 13056 1
2611 4166 1
2611 8636 1
3056 6313 1
3920 2311 1
9143 12087 1
9143 12192 1
9143 14325 1
9143 14434 1
9143 14465 1
9334 6240 1
14187 13484 1
16913 14398 1
7528 13501 1
7528 13963 1
2947 13163 1
7187 11008 1
5047 8569 1
7488 4795 1
1719 6298 1
1719 13337 1
1719 15194 1
11809 14311 1
8127 6031 1
5324 7918 1
7508 7669 1
13534 11084 1
13512 11188 1
13512 11426 1
13512 11428 1
13512 11506 1
13512 11507 1
2108 7387 1
2108 7964 1
2108 9703 1
2108 12375 1
2108 12679 1
2108 13785 1
6013 5026 1
16908 14444 1
7041 6239 1
4068 7425 1
4068 11914 1
4068 12077 1
4068 12917 1
1191 6308 1
11271 12199 1
11271 12210 1
1213 7958 1
1213 8217 1
206 6308 1
206 6327 1
206 6652 1
206 7814 1
206 7892 1
206 10157 1
206 10201 1
206 10232 1
206 11110 1
206 12238 1
206 12308 1
206 12382 1
206 12404 1
206 12453 1
206 13076 1
206 15034 1
732 6298 1
732 6805 1
732 6863 1
732 7331 1
732 7622 1
732 7679 1
732 7700 1
732 8326 1
732 10106 1
732 10128 1
732 10129 1
732 10141 1
732 10987 1
732 12104 1
732 12274 1
732 12384 1
732 14324 1
732 14325 1
732 14554 1
61 7265 1
61 7274 1
61 7293 1
61 7302 1
61 7307 1
61 7309 1
61 7325 1
61 7335 1
61 7344 1
61 7346 1
61 7347 1
61 7360 1
61 7372 1
61 7380 1
61 7479 1
61 7480 1
61 7482 1
61 7503 1
61 7545 1
61 7553 1
61 7556 1
61 7559 1
61 7560 1
61 7561 1
61 7565 1
61 7567 1
61 7571 1
61 7573 1
61 7577 1
61 7762 1
61 7772 1
61 7793 1
61 7815 1
61 7995 1
61 8146 1
61 8179 1
61 8224 1
61 8256 1
61 8269 1
61 8357 1
61 8367 1
61 8473 1
61 8590 1
61 8663 1
61 8700 1
61 8871 1
61 8884 1
61 8890 1
61 8919 1
61 9032 1
61 9075 1
61 9076 1
61 9127 1
61 9233 1
61 9259 1
61 9300 1
61 9315 1
61 9337 1
61 9360 1
61 9511 1
61 9540 1
61 9701 1
61 9778 1
61 9781 1
61 9782 1
61 9792 1
61 9809 1
61 9990 1
61 9998 1
61 10511 1
61 10698 1
61 10730 1
61 11430 1
61 11624 1
61 11822 1
61 11866 1
61 11867 1
61 11893 1
61 11921 1
61 11931 1
61 11961 1
61 11997 1
61 12002 1
61 12014 1
61 12018 1
61 12032 1
61 12043 1
61 12054 1
61 12063 1
61 12103 1
61 12122 1
61 12133 1
61 12156 1
61 12190 1
61 12192 1
61 12207 1
61 12225 1
61 12244 1
61 12251 1
61 12267 1
61 12274 1
61 12323 1
61 12330 1
61 12371 1
61 12376 1
61 12453 1
61 12499 1
61 12506 1
61 12515 1
61 12548 1
61 12558 1
61 12611 1
61 12641 1
61 12673 1
61 12680 1
61 12681 1
61 12690 1
61 12691 1
61 12831 1
61 12917 1
61 13029 1
61 13036 1
61 13080 1
61 13091 1
61 13096 1
61 13120 1
61 13161 1
61 13163 1
61 13180 1
61 13198 1
61 13201 1
61 13300 1
61 13305 1
61 13316 1
61 13340 1
61 13358 1
61 13375 1
61 13380 1
61 13392 1
61 13445 1
61 13463 1
61 13484 1
61 13486 1
61 13493 1
61 13516 1
61 13527 1
61 13537 1
61 13601 1
61 13604 1
61 13621 1
61 13666 1
61 13667 1
61 13685 1
61 13697 1
61 13702 1
61 13786 1
61 13813 1
61 13839 1
61 13886 1
61 13919 1
61 13926 1
61 13960 1
61 13996 1
61 14003 1
61 14036 1
61 14057 1
61 14072 1
61 14089 1
61 14129 1
61 14145 1
61 14148 1
61 14166 1
61 14206 1
61 14242 1
61 14258 1
61 14261 1
61 14310 1
61 14324 1
61 14325 1
61 14336 1
61 14349 1
61 14395 1
61 14396 1
61 14404 1
61 14415 1
61 14422 1
61 14443 1
61 14476 1
61 14502 1
61 14560 1
61 14975 1
61 15024 1
61 15030 1
61 15136 1
61 15205 1
61 15262 1
61 15285 1
61 15328 1
61 15593 1
61 15898 1
61 16049 1
14626 12133 1
1593 11050 1
1593 15058 1
617 13343 1
617 13344 1
617 13354 1
617 14398 1
617 14398 1
3686 14351 1
3686 14500 1
9032 11919 1
9032 11919 1
4881 5331 1
4881 10119 1
4881 10898 1
4881 11621 1
3906 6089 1
2584 7948 1
2584 13003 1
10132 8628 1
10132 12599 1
10132 13300 1
1218 11194 1
1218 11622 1
1218 12241 1
8269 6818 1
8269 6820 1
6927 5101 1
4183 11977 1
1456 13392 1
1456 15176 1
8149 7377 1
8149 11893 1
8149 12087 1
8149 12104 1
8149 14398 1
8149 14431 1
11294 14547 1
55 4534 1
55 4540 1
55 4553 1
55 6077 1
55 6118 1
55 6167 1
55 6557 1
55 6564 1
55 6693 1
55 6851 1
55 6851 1
55 7711 1
55 7863 1
55 11148 1
55 12560 1
55 12743 1
55 12982 1
55 13035 1
55 13219 1
55 14748 1
55 14978 1
55 14979 1
55 15077 1
8578 7787 1
8578 7814 1
8578 12313 1
11066 14159 1
2536 10345 1
2536 10366 1
2536 10403 1
2536 10547 1
2536 10557 1
2536 10570 1
2536 11065 1
2536 12100 1
2536 13337 1
2536 13655 1
2536 15334 1
971 5095 1
793 8191 1
793 8377 1
793 8919 1
793 11931 1
793 12207 1
793 12514 1
793 12515 1
793 12984 1
1377 6564 1
1377 7919 1
1377 8301 1
1377 14506 1
5369 11045 1
5369 11059 1
5369 11166 1
5369 11555 1
5369 11558 1
1451 7032 1
1451 7044 1
1451 7069 1
1451 7083 1
1451 7650 1
1451 8663 1
1451 8905 1
1451 8906 1
1451 8988 1
1451 9126 1
1451 9130 1
1451 9207 1
1451 9210 1
1451 9240 1
1451 9251 1
1451 9404 1
1451 9585 1
1451 9601 1
1451 13530 1
1451 13645 1
1451 13685 1
1451 13742 1
1451 13933 1
1451 15620 1
1451 15764 1
4415 15199 1
7587 11406 1
7587 13460 1
2891 11632 1
5471 12746 1
5471 12884 1
5471 13031 1
5471 13092 1
5471 13191 1
5471 13302 1
5471 13307 1
14514 14272 1
12210 12281 1
6956 12102 1
6832 12328 1
6832 12368 1
7240 8639 1
7240 10564 1
8587 12340 1
1656 13485 1
1656 14003 1
1656 14353 1
1656 15074 1
1656 15272 1
1656 15349 1
1656 15387 1
1656 15436 1
1656 15449 1
1656 15453 1
1656 15461 1
1656 15462 1
1656 15487 1
1656 15497 1
1656 15505 1
1656 15530 1
1656 15538 1
1656 15540 1
1656 15582 1
1656 15613 1
1656 15617 1
1656 15626 1
1656 15652 1
1656 15672 1
1656 15707 1
1656 15742 1
1656 15747 1
1656 15763 1
1656 15766 1
1656 15796 1
1656 15810 1
1656 15824 1
1656 15833 1
1656 15835 1
1656 15842 1
1800 4085 1
1800 4090 1
1800 4091 1
1800 5001 1
1800 6263 1
1800 6388 1
1800 7010 1
1800 7139 1
1800 7160 1
1800 7163 1
1800 7166 1
1800 7199 1
1800 7210 1
1800 7217 1
1800 7223 1
1800 7227 1
1800 7230 1
1800 7231 1
1800 7235 1
1800 7265 1
1800 7320 1
1800 7329 1
1800 7356 1
1800 9240 1
1800 9459 1
1800 11723 1
1800 13375 1
1800 13641 1
1800 14244 1
1800 14261 1
1800 15380 1
1800 15810 1
1800 15917 1
1800 15954 1
12214 7950 1
10051 12020 1
4938 12341 1
4610 9263 1
4610 13191 1
1446 14600 1
17024 14400 1
7541 14003 1
1823 7133 1
1823 7193 1
1823 7866 1
1823 8850 1
1823 8928 1
1823 8965 1
1823 8973 1
1823 9040 1
1823 9198 1
1823 9248 1
1823 9250 1
1823 9255 1
1823 9259 1
1823 9262 1
1823 9266 1
1823 9279 1
1823 9292 1
1823 9342 1
1823 9404 1
1823 9417 1
1823 9459 1
1823 9574 1
1823 9582 1
1823 9697 1
1823 9704 1
1823 9778 1
1823 9782 1
1823 9792 1
1823 11041 1
1823 11704 1
1823 11822 1
1823 12969 1
1823 13490 1
1823 13527 1
1823 13553 1
1823 14166 1
1823 15518 1
1823 15824 1
51 11977 1
51 12061 1
51 12097 1
51 12192 1
51 12231 1
51 12292 1
51 12792 1
51 14322 1
51 14324 1
51 14431 1
51 14506 1
51 14522 1
51 14537 1
6382 12192 1
3085 1764 1
4168 11987 1
4168 14426 1
5267 12356 1
5267 12654 1
6854 6731 1
5251 5085 1
361 7507 1
361 7520 1
361 7533 1
361 7863 1
361 8209 1
361 8240 1
361 8663 1
361 8680 1
361 8856 1
361 11320 1
361 11648 1
361 11967 1
361 12010 1
361 12033 1
361 12090 1
361 12119 1
361 12145 1
361 12262 1
361 12917 1
361 13053 1
361 13180 1
361 13380 1
361 14310 1
361 14328 1
361 14378 1
361 14380 1
361 14397 1
361 14403 1
361 14427 1
361 14443 1
361 14445 1
361 14447 1
361 14504 1
5991 13198 1
7851 13398 1
14585 13198 1
8069 15258 1
5299 12278 1
8908 14325 1
8908 14427 1
988 2296 1
11488 15855 1
7976 5664 1
1184 14528 1
3725 7588 1
3725 8209 1
3725 12077 1
3725 13180 1
3383 10254 1
16371 14478 1
10066 6763 1
10066 12654 1
5468 6896 1
5468 7547 1
5468 8176 1
5468 12117 1
5468 15077 1
5468 15176 1
12380 10345 1
4812 8397 1
4812 9224 1
4812 11088 1
2336 12275 1
2336 12341 1
13452 12986 1
9104 12101 1
3647 2233 1
1245 12089 1
1245 14476 1
6381 7585 1
8645 9602 1
8645 9782 1
8645 12389 1
8645 13697 1
8645 13724 1
8645 13742 1
8645 13757 1
8645 13894 1
13314 12312 1
13552 11219 1
13552 12965 1
374 7587 1
374 8636 1
374 10117 1
374 10144 1
374 11648 1
374 11919 1
374 11977 1
374 12088 1
374 12089 1
374 12091 1
374 12097 1
374 12102 1
374 12190 1
374 12440 1
374 13106 1
374 13179 1
374 13180 1
374 13198 1
374 14307 1
374 14324 1
374 14325 1
374 14328 1
374 14336 1
374 14345 1
374 14348 1
374 14350 1
374 14351 1
374 14364 1
374 14369 1
374 14370 1
374 14381 1
374 14384 1
374 14398 1
374 14403 1
374 14426 1
374 14428 1
374 14447 1
351 6046 1
351 6067 1
351 6118 1
351 7583 1
351 11983 1
10609 12449 1
10609 13507 1
1433 10295 1
1433 10445 1
1433 11102 1
1433 12280 1
1433 12503 1
1433 13008 1
1433 13097 1
1433 13217 1
1433 15052 1
2705 6443 1
3116 6267 1
8142 14367 1
8142 14390 1
8142 14395 1
8142 14396 1
8142 14407 1
8142 14432 1
8142 14763 1
4586 6153 1
4586 6604 1
4586 7869 1
4586 10838 1
7539 14146 1
2407 5330 1
2407 6735 1
2407 7082 1
2407 8692 1
2407 14323 1
4929 12031 1
4929 14328 1
12449 14427 1
7450 13585 1
1483 6308 1
14284 13163 1
3029 6643 1
8852 12104 1
8852 13180 1
8852 14325 1
15403 12382 1
10791 12443 1
11051 7134 1
806 5734 1
806 6088 1
806 6140 1
806 6615 1
806 6634 1
806 7392 1
806 7549 1
806 7579 1
806 7780 1
806 7835 1
806 7854 1
806 7949 1
806 7962 1
806 8214 1
806 8247 1
806 8248 1
806 8300 1
806 8329 1
806 8445 1
806 8736 1
806 9512 1
806 10187 1
806 10333 1
806 10756 1
806 11024 1
806 11069 1
806 11282 1
806 11284 1
806 11367 1
806 11517 1
806 11659 1
806 11828 1
806 11878 1
806 12710 1
806 12747 1
806 12850 1
806 13346 1
806 13619 1
806 13740 1
806 13960 1
806 14449 1
806 15562 1
7837 14448 1
4329 12478 1
5886 12104 1
11253 14300 1
11427 14398 1
4883 4639 1
6816 7832 1
6816 11956 1
1257 10178 1
1153 10194 1
1153 10196 1
1153 11899 1
1153 12427 1
1153 14476 1
1153 14523 1
12830 12837 1
8216 14328 1
13756 10688 1
5488 8656 1
2312 15015 1
7040 7722 1
5745 10455 1
5745 11194 1
5745 11380 1
5745 13445 1
5745 13445 1
5745 13504 1
5518 3693 1
2073 7744 1
2073 11801 1
6078 12087 1
6078 14435 1
4915 12006 1
4915 12958 1
4915 14310 1
2157 6128 1
2157 12087 1
2157 12104 1
7713 12256 1
7713 14427 1
5818 14467 1
5818 14478 1
5818 14529 1
5818 14997 1
5818 15041 1
5818 15112 1
5818 15162 1
5818 15168 1
5818 15178 1
5818 15681 1
14624 13151 1
2620 6118 1
2502 9659 1
2502 9701 1
2502 13315 1
2502 13588 1
2502 13589 1
2502 14985 1
2502 15175 1
2502 15540 1
8931 11918 1
8931 11919 1
8931 12312 1
2675 1380 1
4308 12341 1
578 6657 1
578 6700 1
578 7507 1
578 7679 1
578 7688 1
578 7719 1
578 8846 1
578 12087 1
578 12101 1
578 12355 1
578 12974 1
578 13120 1
578 14434 1
578 14435 1
12869 13124 1
762 14324 1
762 14324 1
10874 10990 1
10874 11247 1
2508 7089 1
6315 11914 1
15380 12382 1
1332 8940 1
1332 8964 1
1332 8979 1
1332 9018 1
1332 9074 1
1332 9096 1
1332 9157 1
1332 9217 1
1332 9235 1
1332 9263 1
1332 9270 1
1332 9286 1
1332 9292 1
1332 9304 1
1332 9360 1
1332 9367 1
1332 9373 1
1332 9424 1
1332 9429 1
1332 9438 1
1332 9458 1
1332 9529 1
1332 9604 1
1332 9667 1
1332 9709 1
1332 9714 1
1332 9720 1
1332 9756 1
1332 9830 1
1332 9889 1
1332 10011 1
1332 10030 1
1332 10915 1
1332 11740 1
1332 11783 1
1332 12063 1
1332 12092 1
1332 12182 1
1332 12187 1
1332 12332 1
1332 12359 1
1332 12371 1
1332 12503 1
1332 12515 1
1332 12548 1
1332 12574 1
1332 12845 1
1332 12974 1
1332 12982 1
1332 13019 1
1332 13265 1
1332 13266 1
1332 13368 1
1332 13589 1
1332 13637 1
1332 13666 1
1332 13743 1
1332 13882 1
1332 14122 1
1332 14311 1
1332 14312 1
1332 14322 1
1332 14337 1
1332 14343 1
1332 14349 1
1332 14351 1
1332 14391 1
1332 14397 1
1332 14412 1
1332 14436 1
1332 14438 1
1332 14447 1
1332 14468 1
1332 14474 1
1332 14476 1
1332 14483 1
1332 14517 1
1332 14524 1
1332 14542 1
1332 14608 1
1332 14615 1
1332 14649 1
1332 14704 1
1332 14718 1
1332 14756 1
1332 14765 1
1332 14774 1
1332 14790 1
1332 14800 1
1332 14887 1
1332 14893 1
1332 14909 1
1332 14947 1
1332 14963 1
1332 15039 1
1332 15070 1
1332 15077 1
1332 15087 1
1332 15092 1
1332 15099 1
1332 15112 1
1332 15132 1
1332 15138 1
1332 15139 1
1332 15174 1
1332 15185 1
1332 15199 1
1332 15289 1
1332 15290 1
1332 15344 1
1332 15355 1
1332 15360 1
1332 15365 1
1332 15389 1
1332 15393 1
1332 15405 1
1332 15409 1
1332 15426 1
1332 15435 1
1332 15458 1
1332 15499 1
1332 15505 1
1332 15519 1
1332 15539 1
1332 15540 1
1332 15562 1
1332 15564 1
1332 15590 1
1332 15613 1
1332 15624 1
1332 15681 1
1332 15774 1
1332 15799 1
1332 15835 1
1332 15843 1
1332 15862 1
1332 15864 1
1332 15885 1
1332 15890 1
1332 15928 1
1332 15940 1
1332 16004 1
1332 16089 1
8118 13198 1
5682 13319 1
11792 12077 1
5113 8429 1
5113 12129 1
5113 14328 1
4964 12192 1
11929 14465 1
9543 6700 1
2509 10429 1
2509 11305 1
2509 11310 1
2509 11311 1
2509 11313 1
2509 11407 1
2509 11446 1
790 6140 1
790 6375 1
790 6585 1
790 6622 1
790 6700 1
790 6728 1
790 6748 1
790 6763 1
790 6784 1
1618 9040 1
8487 14325 1
8487 14359 1
8487 14394 1
8487 14396 1
8487 14397 1
8487 14404 1
8487 14407 1
200 6370 1
200 6872 1
200 8466 1
200 15117 1
4038 8326 1
4038 8357 1
4038 12974 1
7403 10179 1
7403 11098 1
1603 13145 1
4396 5101 1
3326 10631 1
1782 8301 1
1782 9178 1
8342 12104 1
3554 12296 1
3554 12315 1
3554 12840 1
7839 14446 1
4482 8845 1
4482 13003 1
4482 13026 1
4482 13035 1
4482 14887 1
4482 14898 1
4482 14903 1
4482 15299 1
11326 15077 1
14446 13562 1
176 6015 1
5728 12455 1
5728 12692 1
5728 13467 1
5728 13706 1
5728 14003 1
5728 15041 1
5728 15564 1
5728 15613 1
5728 15651 1
5124 14434 1
