3345 15510 1
1804 10349 1
1804 10416 1
1804 10514 1
1804 11319 1
1804 11493 1
1804 12202 1
1804 12685 1
2110 11748 1
2110 13665 1
2110 13946 1
9283 13067 1
9283 13147 1
9283 13148 1
2125 13011 1
6723 14307 1
6723 14506 1
652 7415 1
652 7422 1
652 7591 1
652 7632 1
652 7732 1
652 8301 1
652 11918 1
3490 2101 1
10512 13048 1
1046 10171 1
1575 11365 1
1575 13325 1
1575 13742 1
16220 14898 1
52 4206 1
52 7387 1
2888 13337 1
2888 13490 1
2888 13569 1
2888 13585 1
4802 13624 1
4802 13655 1
2495 3443 1
2495 10962 1
4106 7075 1
606 6118 1
2118 14362 1
2118 14887 1
2118 15575 1
9995 12244 1
5244 14505 1
6771 12461 1
5802 5110 1
5802 6263 1
7246 8209 1
7246 8301 1
7246 8642 1
7246 12974 1
8231 12135 1
3781 6671 1
3781 7486 1
4680 14427 1
4680 14487 1
4680 14520 1
4680 15035 1
1844 6295 1
1844 6298 1
5280 7912 1
5280 14513 1
13671 15414 1
9961 14438 1
5644 12033 1
4919 7613 1
4919 8209 1
572 12104 1
572 12210 1
572 14378 1
2629 7705 1
3842 7775 1
3842 8101 1
3842 12974 1
3842 13119 1
5390 12499 1
12228 14329 1
2438 7949 1
11082 14148 1
10310 6699 1
4637 13315 1
1206 5082 1
15070 14427 1
3048 2341 1
6186 4202 1
819 403 1
5809 10625 1
5809 10814 1
5809 13067 1
5074 13120 1
5074 13120 1
7804 7331 1
3125 6311 1
4522 8029 1
4522 12956 1
6093 4200 1
2670 7768 1
2670 12420 1
2670 12467 1
2670 13246 1
15019 14396 1
15019 14415 1
7253 4571 1
8187 13198 1
8187 14325 1
10417 14944 1
2126 6158 1
2126 9625 1
2499 8638 1
2329 6272 1
8945 13120 1
2815 8079 1
2815 10128 1
2815 12149 1
2815 14742 1
860 7493 1
860 8559 1
860 10133 1
860 10134 1
860 10620 1
860 11921 1
860 12309 1
860 12401 1
860 12411 1
860 12706 1
860 14370 1
860 14476 1
860 14883 1
860 14980 1
860 15370 1
860 15593 1
860 15681 1
860 15864 1
188 10144 1
188 10183 1
188 10325 1
188 10426 1
188 10476 1
188 10573 1
188 10622 1
188 10641 1
188 11294 1
188 11582 1
188 11704 1
188 12580 1
188 12593 1
188 12602 1
188 12650 1
188 12742 1
188 12750 1
188 12758 1
188 12783 1
188 12895 1
188 12903 1
188 13630 1
188 14403 1
188 14561 1
188 14923 1
188 15205 1
188 15315 1
5744 9210 1
10122 6623 1
81 6067 1
7621 6561 1
6212 12133 1
6212 12192 1
6212 14309 1
217 6264 1
217 6271 1
217 7096 1
7543 10852 1
6270 8984 1
6270 13411 1
295 10610 1
295 14322 1
17007 14540 1
1550 8608 1
13423 11985 1
11791 12974 1
2440 6221 1
4700 6928 1
4700 9070 1
4700 12192 1
4700 13412 1
4700 13607 1
10012 8232 1
4692 11666 1
12482 12974 1
8160 11959 1
8160 12479 1
1693 12304 1
2161 6033 1
2161 6107 1
1635 13198 1
1635 15191 1
6146 12023 1
6146 12077 1
6146 13198 1
13337 12102 1
6984 4469 1
4961 6031 1
2429 8159 1
16451 13583 1
8603 11377 1
3696 2223 1
3696 8240 1
7645 7403 1
7645 14446 1
2114 10126 1
2114 11639 1
4083 8301 1
17383 15295 1
12480 8905 1
4316 12341 1
12413 12466 1
8698 12014 1
8698 14462 1
86 6118 1
86 7377 1
86 12104 1
86 12133 1
4973 4205 1
4973 12137 1
13947 14685 1
4864 8232 1
4864 8920 1
4864 9561 1
4864 9792 1
8094 7596 1
7291 5624 1
1643 12267 1
1643 12280 1
1643 12325 1
1643 12470 1
1643 12478 1
1643 12641 1
1643 12643 1
1643 12743 1
1643 12917 1
1643 12951 1
1643 12974 1
1643 13003 1
1643 13019 1
1643 13032 1
1643 13097 1
1643 13188 1
1643 13245 1
1643 13291 1
1643 13302 1
1643 13408 1
1643 13411 1
1643 13418 1
1643 13437 1
1643 13484 1
1643 13493 1
1643 14444 1
1643 14518 1
1643 14903 1
1643 15199 1
1643 15302 1
1643 15303 1
1643 15340 1
1643 15613 1
605 7331 1
605 7505 1
605 7507 1
605 7700 1
605 7701 1
605 14465 1
605 14478 1
5144 7863 1
5144 11938 1
1141 7679 1
1141 7735 1
1141 7918 1
1141 12416 1
1141 12468 1
1141 14513 1
1016 7712 1
1016 7791 1
1016 8016 1
1016 8455 1
1016 8704 1
1016 8732 1
1016 8768 1
1016 8871 1
1016 11923 1
1016 11988 1
1016 12002 1
1016 12193 1
1016 12218 1
1016 12244 1
1016 12288 1
1016 12291 1
1016 12974 1
1016 13060 1
1016 13148 1
1016 13381 1
1016 14362 1
1016 14570 1
7661 12134 1
10557 13097 1
918 4156 1
918 12077 1
9055 7377 1
8465 12104 1
8465 12133 1
4860 6160 1
1154 4206 1
1154 13163 1
2244 5652 1
2244 12345 1
12568 10178 1
12568 11670 1
1642 12280 1
1642 12612 1
16946 14939 1
1185 7888 1
594 13036 1
594 14324 1
1587 8155 1
1587 8877 1
1587 13056 1
1587 13201 1
1587 14520 1
1587 14961 1
8372 11981 1
8372 12015 1
8372 12104 1
8372 14427 1
3869 11983 1
3869 12043 1
3869 12087 1
3869 12088 1
3869 12101 1
3869 12116 1
3869 13198 1
3869 14325 1
2622 12102 1
2622 12161 1
3930 6106 1
3720 6100 1
3720 7404 1
3720 12122 1
3720 12169 1
3720 12274 1
3720 13180 1
15123 14427 1
5650 11842 1
366 6203 1
366 11985 1
366 12077 1
366 12087 1
366 12123 1
366 12174 1
366 14312 1
3382 10585 1
3382 10651 1
3382 10654 1
3382 10693 1
3382 12466 1
3382 13007 1
8314 11959 1
10977 13730 1
3179 12341 1
3179 12355 1
3179 14427 1
269 6700 1
269 11925 1
220 313 1
220 314 1
220 2552 1
8674 12235 1
8674 16078 1
14768 12974 1
447 11919 1
447 12088 1
447 13198 1
447 14325 1
12787 10830 1
6040 4167 1
4728 11239 1
4728 11467 1
4728 14505 1
4728 15232 1
4795 13697 1
4795 13742 1
4795 13743 1
4795 13751 1
7897 11648 1
3427 2251 1
8358 14325 1
4609 11275 1
13602 11056 1
1116 7815 1
1116 11786 1
6103 4333 1
7585 7583 1
14343 11567 1
3704 13055 1
3704 14397 1
8438 6118 1
12012 15196 1
9123 12014 1
9123 12024 1
9123 13198 1
9123 14434 1
13560 10358 1
10399 13352 1
11229 8024 1
14669 14435 1
9919 12161 1
9919 12489 1
9919 12792 1
9919 14560 1
16389 14324 1
6890 6316 1
6890 10190 1
6890 12461 1
6890 13196 1
6890 14514 1
4246 12002 1
4246 14487 1
16129 14310 1
2514 3402 1
9290 14427 1
14018 11194 1
7361 11122 1
7361 11149 1
372 7679 1
3553 4427 1
3553 14362 1
4050 4147 1
8239 6250 1
8239 13198 1
5584 4185 1
8310 7331 1
8432 12104 1
8432 14434 1
4375 7863 1
4375 12382 1
4892 3241 1
5965 7566 1
5965 12055 1
5965 12059 1
5965 12104 1
4966 12238 1
2661 11914 1
2661 12654 1
7591 5031 1
7591 7382 1
10827 10529 1
410 6046 1
410 6059 1
410 6066 1
410 11923 1
4174 6290 1
4174 7588 1
604 12104 1
604 12135 1
12452 12828 1
6209 7712 1
6209 11985 1
6209 12087 1
6209 12230 1
6209 12416 1
6209 12425 1
9186 12274 1
9186 12974 1
2472 15044 1
13459 14464 1
13459 15681 1
2662 7387 1
2662 7679 1
15138 12230 1
13261 11924 1
501 6564 1
4990 6067 1
803 10986 1
803 11270 1
803 11435 1
803 12003 1
803 12149 1
803 12160 1
803 12187 1
803 12308 1
803 12345 1
803 12346 1
803 12423 1
803 12481 1
803 12536 1
803 12596 1
803 12639 1
803 12716 1
803 12788 1
803 12873 1
803 12909 1
803 12928 1
803 12933 1
803 12945 1
803 14444 1
803 14543 1
803 14550 1
803 14551 1
803 14553 1
803 14572 1
803 14685 1
803 14875 1
803 14985 1
803 15021 1
803 15114 1
803 15289 1
4734 8653 1
4734 8910 1
4734 12375 1
4734 13506 1
2918 12341 1
2918 13184 1
2918 14763 1
1552 6839 1
3442 5074 1
9725 14310 1
11734 12191 1
296 7442 1
296 7705 1
296 9130 1
296 11080 1
296 11194 1
296 11422 1
296 13527 1
296 14322 1
296 14362 1
296 15258 1
296 15304 1
296 15408 1
193 6140 1
193 6211 1
193 6238 1
193 6370 1
193 6419 1
193 6616 1
193 6671 1
193 7545 1
193 7582 1
193 7636 1
193 7679 1
193 11930 1
193 11993 1
193 14415 1
193 14441 1
193 14457 1
6226 12192 1
8315 11960 1
3724 8726 1
3724 12008 1
3724 12086 1
3724 12230 1
3724 14325 1
3724 14464 1
597 6119 1
597 6804 1
597 7377 1
597 7815 1
597 12104 1
597 12133 1
597 14431 1
6906 12461 1
4858 14273 1
545 6031 1
545 6087 1
545 11931 1
545 12138 1
14687 13199 1
7304 8764 1
7304 13163 1
7304 14985 1
10498 12404 1
5121 11659 1
2862 6851 1
2862 8904 1
7348 10699 1
9377 6599 1
4208 11621 1
4208 11624 1
4208 11672 1
4208 11900 1
4208 12062 1
4208 12073 1
4208 12092 1
4208 12122 1
4208 12128 1
4208 12359 1
4208 12511 1
4208 13019 1
4208 13764 1
4208 14030 1
9497 14465 1
4789 6987 1
4789 13589 1
2142 7389 1
2142 7645 1
2142 7739 1
9780 7912 1
9780 12453 1
9780 13163 1
16870 14166 1
10604 11960 1
10604 12416 1
10357 14428 1
7234 8367 1
14741 14465 1
13048 15041 1
6774 10521 1
6774 11051 1
6774 12478 1
6774 13198 1
115 7563 1
115 7569 1
115 9152 1
115 12104 1
115 14311 1
115 14334 1
408 7533 1
408 7547 1
408 7566 1
408 7575 1
408 7577 1
408 7610 1
408 7650 1
408 7762 1
408 7764 1
408 7865 1
408 7866 1
408 7888 1
408 8066 1
408 8130 1
408 8553 1
408 8656 1
408 8715 1
408 8732 1
408 8846 1
408 9099 1
408 10128 1
408 10153 1
408 10214 1
408 10215 1
408 10522 1
408 10804 1
408 10806 1
408 10822 1
408 11334 1
408 11922 1
408 11925 1
408 11928 1
408 12039 1
408 12090 1
408 12133 1
408 12194 1
408 12251 1
408 12369 1
408 12833 1
408 13106 1
408 14324 1
408 14378 1
408 14425 1
408 14429 1
408 14940 1
408 15002 1
408 15132 1
408 15146 1
408 15313 1
408 15582 1
408 15603 1
408 15833 1
408 15992 1
10738 8155 1
3952 12128 1
3952 13041 1
3952 14409 1
678 6158 1
678 7583 1
11114 7778 1
4498 6537 1
4498 7938 1
4498 8416 1
4498 10410 1
4498 12020 1
4498 12088 1
4498 13289 1
6579 6700 1
10552 6768 1
2295 6195 1
2295 7422 1
2295 7505 1
2295 7588 1
2295 8636 1
2295 9269 1
2295 11926 1
2295 12077 1
2295 12148 1
2295 12180 1
2295 12974 1
2295 14460 1
784 7583 1
784 7628 1
11983 13265 1
3861 11970 1
3861 12020 1
2355 5096 1
2355 5121 1
2355 8213 1
5612 10574 1
2074 7044 1
1031 2226 1
9482 12171 1
3769 4130 1
3330 4174 1
2292 6652 1
2292 7512 1
2292 7629 1
2292 7631 1
2292 10100 1
2292 11967 1
2292 12077 1
2292 12788 1
2292 14428 1
310 12205 1
310 13381 1
14838 12366 1
4289 9024 1
4289 9240 1
4289 9300 1
4289 9359 1
4289 11981 1
4289 12466 1
4289 15770 1
13310 10991 1
10896 13642 1
10896 14049 1
1177 12370 1
1177 12424 1
1177 12467 1
1177 13245 1
1177 14481 1
1177 14975 1
3080 7371 1
3080 10602 1
9192 14519 1
13033 11592 1
16281 14479 1
484 7559 1
484 8661 1
14286 15017 1
3863 12325 1
3863 12340 1
3863 12353 1
3863 12360 1
3863 13011 1
6730 6529 1
6730 6804 1
6730 10205 1
6730 15091 1
6730 15252 1
13658 13565 1
13658 13569 1
13658 13583 1
15617 13530 1
8558 6941 1
763 4103 1
763 7403 1
763 7407 1
763 7815 1
6779 14528 1
5278 14513 1
1907 8946 1
10227 8778 1
257 1176 1
99 6593 1
99 6866 1
99 7610 1
99 7848 1
99 7904 1
99 8044 1
99 8223 1
99 8407 1
99 8467 1
99 11966 1
99 12493 1
3484 10601 1
3484 10689 1
3484 11115 1
3484 11127 1
3484 13426 1
8110 6071 1
8110 6090 1
8110 6148 1
8110 6654 1
8110 6789 1
8110 7007 1
8110 14324 1
11526 7684 1
8861 14433 1
11564 7918 1
13288 12165 1
2736 8582 1
390 6195 1
390 6214 1
390 6649 1
390 7632 1
390 14400 1
390 14430 1
7475 13645 1
4838 13722 1
10400 12328 1
6370 12312 1
2678 4171 1
2678 6221 1
2678 7583 1
2678 12124 1
921 6219 1
921 6240 1
2210 10349 1
2210 10416 1
2210 10461 1
2210 10514 1
2210 10520 1
2210 11052 1
2210 11071 1
2210 11195 1
1322 7084 1
2997 13163 1
145 10193 1
145 10215 1
145 10806 1
145 10882 1
145 11290 1
145 11594 1
145 12211 1
145 12216 1
145 12706 1
145 14465 1
145 14486 1
145 14592 1
145 15127 1
145 15257 1
145 15303 1
3761 6046 1
1702 6987 1
339 11648 1
339 11972 1
339 12088 1
339 12097 1
339 12101 1
339 12917 1
339 14398 1
339 14427 1
339 14428 1
977 7743 1
977 7772 1
977 7777 1
977 7851 1
977 7923 1
977 7949 1
977 8101 1
977 12005 1
977 12070 1
977 12145 1
977 12296 1
977 12312 1
977 12360 1
977 12382 1
977 12397 1
977 12432 1
977 12514 1
4300 10234 1
4300 10882 1
4300 11025 1
4300 11336 1
4300 12129 1
4300 13398 1
6437 6096 1
6437 6122 1
2534 11650 1
2534 15305 1
6218 14378 1
8723 6128 1
7752 6271 1
371 12219 1
371 14373 1
371 14378 1
371 14414 1
371 14427 1
371 14428 1
371 14429 1
9568 12453 1
6058 11918 1
6058 12008 1
6058 12020 1
6058 12100 1
15401 14350 1
7485 13646 1
7485 13665 1
1869 10676 1
3305 11027 1
2180 6015 1
2180 6195 1
2180 6250 1
2180 14427 1
2180 14431 1
13782 15116 1
2994 10510 1
9344 6699 1
7785 7863 1
7785 12325 1
10061 7693 1
9571 6805 1
10354 7679 1
8773 14441 1
1853 13697 1
8208 12104 1
8208 14324 1
3782 12100 1
12454 10836 1
12454 10863 1
12454 11173 1
3807 10179 1
1874 7051 1
1874 7199 1
1874 7209 1
1874 9240 1
1874 13302 1
1874 13599 1
1874 13641 1
1874 15262 1
1874 15380 1
2076 15620 1
17500 15498 1
3421 13188 1
749 7433 1
749 7627 1
749 8697 1
7352 12958 1
7352 13340 1
7352 13399 1
7352 13512 1
7352 13527 1
7352 13563 1
7352 13623 1
7352 15499 1
1691 12192 1
1691 13506 1
1691 13616 1
5361 12461 1
341 6219 1
341 6245 1
341 12192 1
9748 12859 1
1252 13398 1
1252 14554 1
1901 7660 1
1901 7957 1
1901 8336 1
1901 8492 1
1901 8549 1
1901 8630 1
1901 8631 1
1901 8662 1
1901 8919 1
1901 9210 1
1901 9240 1
1901 9459 1
1901 10227 1
1901 12416 1
1901 13041 1
1901 13152 1
1901 14130 1
15001 14433 1
12361 14554 1
3908 7604 1
3908 7613 1
3908 7679 1
3908 7772 1
3908 8301 1
3908 8636 1
3908 10312 1
3908 11320 1
3908 11986 1
3908 12002 1
3908 12193 1
3908 14349 1
6766 6266 1
16345 14506 1
9274 7783 1
9274 14487 1
4373 10295 1
4373 11973 1
4373 12074 1
4373 12353 1
4373 14435 1
34 7331 1
34 7404 1
34 7454 1
34 7461 1
34 7507 1
34 7511 1
34 7516 1
34 7528 1
34 7545 1
34 7643 1
34 7674 1
34 7775 1
34 7808 1
34 7846 1
34 7863 1
34 8243 1
34 8301 1
34 8600 1
34 8680 1
34 10568 1
34 11099 1
34 11922 1
34 11931 1
34 11983 1
34 12117 1
34 12318 1
34 12453 1
34 12781 1
34 12788 1
34 13163 1
34 13380 1
34 14375 1
34 14415 1
34 14422 1
34 14446 1
34 14529 1
34 14540 1
34 14554 1
34 16106 1
3311 1977 1
824 12004 1
824 12040 1
824 12043 1
824 12077 1
824 12090 1
824 12133 1
824 12135 1
824 12236 1
824 12974 1
824 13180 1
824 14307 1
824 14321 1
824 14396 1
824 14398 1
824 14399 1
824 14428 1
824 14429 1
824 14434 1
4843 7095 1
7917 10737 1
12536 10240 1
12536 13060 1
11669 10220 1
11669 12014 1
11669 12439 1
7069 12356 1
7069 12466 1
7069 12479 1
7069 13340 1
7069 13367 1
3084 6532 1
3084 7719 1
3084 8628 1
3084 8704 1
3084 12671 1
6997 10370 1
6997 10951 1
6997 11353 1
6997 14562 1
6997 14621 1
6997 14828 1
6997 14833 1
24 4156 1
9646 12309 1
9552 6324 1
9583 7739 1
7249 12792 1
7249 12927 1
4659 13150 1
4659 13249 1
181 7105 1
181 7331 1
181 7380 1
181 7480 1
181 7508 1
181 7588 1
181 7597 1
181 7617 1
181 7622 1
181 7627 1
181 7679 1
181 7683 1
181 7688 1
181 7689 1
181 7700 1
181 7702 1
181 7714 1
181 7719 1
181 7733 1
181 7734 1
181 7741 1
181 7745 1
181 7746 1
181 7749 1
181 7754 1
181 7772 1
181 7798 1
181 7815 1
181 7838 1
181 7857 1
181 7865 1
181 7866 1
181 7892 1
181 8353 1
181 8767 1
181 8846 1
181 11648 1
181 11930 1
181 11972 1
181 11977 1
181 12181 1
181 12241 1
181 12267 1
181 12292 1
181 12792 1
181 14307 1
181 14312 1
181 14324 1
181 14332 1
181 14349 1
181 14350 1
181 14370 1
181 14385 1
181 14398 1
181 14399 1
181 14427 1
181 14428 1
181 14433 1
181 14435 1
181 14441 1
181 14455 1
181 14460 1
181 14465 1
181 14469 1
181 14475 1
181 14479 1
181 14481 1
181 14483 1
181 14486 1
181 14487 1
181 14497 1
181 14498 1
181 14499 1
181 14501 1
181 14502 1
181 14503 1
181 14505 1
181 14506 1
181 14510 1
181 14513 1
181 14514 1
181 14515 1
181 14520 1
181 14528 1
181 14532 1
181 14537 1
181 14540 1
181 14540 1
181 14542 1
181 14554 1
181 14704 1
181 14790 1
181 14877 1
181 14901 1
181 14903 1
181 14909 1
181 14910 1
181 14919 1
181 14938 1
181 14958 1
181 15681 1
9446 12296 1
8444 12104 1
8444 12133 1
8444 14427 1
6431 4291 1
11092 12059 1
11092 13844 1
1043 6158 1
13652 12650 1
1948 7610 1
1948 7705 1
1948 8663 1
1948 8680 1
1948 9210 1
1948 9263 1
15754 12416 1
6700 10187 1
6700 10209 1
6700 10295 1
10802 13026 1
10802 13325 1
10802 15042 1
1654 8842 1
1654 8919 1
1654 9076 1
1654 9113 1
1654 9161 1
1654 12384 1
1654 12641 1
1654 12671 1
1654 12746 1
1654 13030 1
1654 13096 1
1654 13119 1
1654 13411 1
1654 13453 1
1654 13530 1
1654 13580 1
1654 15167 1
1654 15253 1
3400 7163 1
9034 14398 1
5908 12190 1
9840 14539 1
8018 11061 1
8018 11323 1
8018 15035 1
7163 6693 1
7163 12102 1
9470 6369 1
16261 14433 1
10555 12935 1
4573 8033 1
4873 15687 1
1023 12296 1
7282 11977 1
3091 10294 1
8083 14161 1
13309 10180 1
13309 10191 1
5672 11176 1
5672 11973 1
5672 14528 1
1076 7461 1
1076 7659 1
12290 12077 1
5545 8937 1
208 7378 1
208 7566 1
208 11919 1
2959 1676 1
8019 11383 1
8019 15589 1
9489 7831 1
1704 6900 1
1704 6939 1
1704 7371 1
1704 7432 1
1704 7892 1
1704 8301 1
1704 8715 1
1704 8831 1
1704 9300 1
1704 12102 1
1704 12256 1
1704 12415 1
1704 12917 1
1704 13192 1
1704 13550 1
1704 13562 1
1704 13655 1
1704 15309 1
1704 15409 1
7998 12416 1
7998 12466 1
7998 13238 1
8905 11985 1
8905 12108 1
8905 12974 1
9179 6446 1
1376 6564 1
1376 7583 1
1376 7821 1
1376 8024 1
1376 8636 1
1376 10122 1
1376 10150 1
1376 10417 1
1376 10437 1
1376 10513 1
1376 11648 1
1376 11985 1
1376 12006 1
1376 12007 1
1376 12280 1
1376 12368 1
1376 15112 1
14791 12104 1
2221 9263 1
4000 12359 1
12385 12635 1
12385 13321 1
3587 12384 1
3587 13516 1
3587 13697 1
396 10226 1
396 14513 1
396 14520 1
396 14523 1
6360 12974 1
184 8429 1
184 8584 1
184 8739 1
184 13918 1
2673 7922 1
10571 7538 1
2034 9294 1
2034 9300 1
2034 9860 1
2034 11468 1
2034 12384 1
2034 12466 1
2034 13655 1
2034 13702 1
2034 13813 1
2034 14312 1
2034 14505 1
2034 15365 1
6876 7101 1
6876 7919 1
6287 6935 1
1532 6700 1
1532 8599 1
11474 14336 1
11474 14375 1
6479 9076 1
6479 13319 1
6479 13492 1
6479 13517 1
2524 11347 1
2524 11497 1
2524 13239 1
2524 13386 1
2524 14561 1
7817 5582 1
12219 11935 1
7351 11194 1
8366 12014 1
6931 7892 1
12247 10178 1
2679 10178 1
2679 14434 1
651 11990 1
651 12043 1
651 12104 1
6682 12467 1
2913 12337 1
2913 13530 1
1992 13722 1
1992 13787 1
1992 13922 1
1992 13960 1
1992 14558 1
1992 15044 1
1992 15068 1
1992 15080 1
1992 15572 1
1992 15652 1
14372 11924 1
14216 12416 1
14139 13722 1
272 12347 1
272 12396 1
272 12654 1
272 13163 1
272 14558 1
272 14560 1
11346 7388 1
6611 14529 1
15790 14505 1
7625 11958 1
7625 12134 1
37 7369 1
37 7422 1
37 7428 1
37 7438 1
37 7443 1
37 7486 1
37 7491 1
37 7566 1
37 7571 1
37 7583 1
37 8357 1
37 10101 1
37 11918 1
37 11919 1
37 11938 1
37 11959 1
37 11969 1
37 12014 1
37 12032 1
37 12041 1
37 12056 1
37 12108 1
37 12127 1
37 12402 1
37 13165 1
37 13179 1
37 14383 1
37 14395 1
4234 6564 1
4234 14426 1
11515 11985 1
737 6219 1
737 14324 1
5107 4643 1
5107 6967 1
5107 14427 1
11365 15074 1
91 4139 1
6219 7760 1
6219 7918 1
6219 12020 1
6219 13180 1
6219 13192 1
12980 11422 1
12980 15195 1
4814 10205 1
3995 13374 1
7408 7373 1
5060 6211 1
5060 7688 1
711 11912 1
7497 7386 1
14526 12074 1
3730 12099 1
3730 12137 1
3730 12138 1
3730 12161 1
11407 12489 1
12526 8600 1
14806 13198 1
2102 3162 1
7137 8209 1
874 7719 1
874 9024 1
874 9091 1
874 9105 1
874 9130 1
874 9135 1
874 9167 1
874 9240 1
874 9251 1
874 9263 1
874 10135 1
874 10148 1
874 10589 1
874 11220 1
874 12122 1
874 12256 1
874 13527 1
874 13587 1
874 13611 1
874 13619 1
874 13629 1
874 13641 1
874 13682 1
874 13697 1
874 14324 1
874 14529 1
874 15171 1
874 15604 1
874 15764 1
4733 6738 1
3065 12489 1
3065 13024 1
16535 14919 1
7969 14520 1
7969 14532 1
7969 14903 1
7969 15295 1
1111 6745 1
1111 7851 1
7340 12099 1
2442 4511 1
4338 12113 1
4338 12550 1
12703 9207 1
5054 7679 1
5054 7700 1
5054 12210 1
5054 14415 1
1580 8878 1
1580 8967 1
1580 11549 1
1580 13243 1
10515 7851 1
4292 7804 1
4292 12321 1
7195 6603 1
7195 12478 1
10104 6622 1
4848 7403 1
4848 14397 1
4848 14447 1
2776 8856 1
2776 12554 1
6946 12417 1
13672 15035 1
5976 4168 1
3750 12515 1
1190 13290 1
2415 12156 1
2415 12466 1
448 6671 1
448 10178 1
448 11937 1
6459 4178 1
12826 13315 1
6808 7633 1
301 12099 1
3948 6118 1
3948 13180 1
5701 13550 1
5701 14499 1
5701 14739 1
5701 14763 1
5701 15056 1
5701 15295 1
14309 14919 1
4014 5015 1
4014 6302 1
4014 12056 1
4014 12382 1
3882 7759 1
3882 8663 1
3882 13119 1
3882 13180 1
7564 14297 1
6064 4206 1
6064 4424 1
6064 12441 1
4657 13479 1
4657 13516 1
4657 13589 1
4657 15057 1
4657 15436 1
643 12169 1
1677 7507 1
15340 14398 1
7714 7783 1
7714 12209 1
6163 7583 1
27 6419 1
27 6564 1
27 6701 1
27 7007 1
27 7369 1
27 7558 1
27 7565 1
27 7566 1
27 7570 1
27 7576 1
27 7576 1
27 7583 1
27 7588 1
27 7815 1
27 10100 1
27 11648 1
27 12014 1
27 12087 1
27 12097 1
27 13198 1
27 14325 1
27 14396 1
27 14427 1
27 14431 1
1021 6657 1
3673 7577 1
3673 7596 1
3673 12360 1
3673 14325 1
3673 14351 1
3673 14464 1
3673 14465 1
3673 14481 1
4635 14333 1
7366 13462 1
266 11574 1
266 11911 1
266 12024 1
266 12148 1
7323 13619 1
7323 14139 1
9843 14560 1
10408 13249 1
5665 7583 1
8214 11995 1
8214 14434 1
3242 12076 1
3242 12155 1
3242 12293 1
15 6165 1
8540 6370 1
1380 10577 1
10077 12416 1
6056 7520 1
6056 8301 1
6056 10100 1
6056 11648 1
6056 11917 1
6056 11964 1
6056 11994 1
6056 12010 1
6056 12024 1
6056 13198 1
4992 7918 1
12903 14208 1
3423 4595 1
3423 15613 1
8303 14473 1
6107 11919 1
4037 7772 1
4037 12210 1
4037 12232 1
246 6364 1
246 6596 1
246 6727 1
246 7421 1
246 7503 1
246 7553 1
246 7583 1
246 12132 1
246 12236 1
246 12515 1
246 13119 1
246 13180 1
246 14370 1
246 14443 1
4213 8289 1
4213 9033 1
4213 15044 1
9211 6727 1
8731 6151 1
13454 10341 1
8237 7369 1
8237 14427 1
3137 12569 1
2063 14479 1
1571 9255 1
1571 13530 1
4513 7583 1
4513 11918 1
4513 14414 1
10937 12317 1
958 6935 1
958 7571 1
958 9310 1
15162 12371 1
12374 8467 1
5556 3685 1
12432 10500 1
9341 12101 1
3544 3834 1
1501 12515 1
4766 8256 1
7612 6151 1
8311 13266 1
458 6155 1
458 6362 1
458 6652 1
458 7577 1
458 7584 1
458 11648 1
458 11919 1
458 11972 1
458 12010 1
458 12033 1
458 14398 1
458 14422 1
15670 15041 1
15670 15380 1
2510 13334 1
13289 12751 1
13289 12986 1
13289 13076 1
256 6195 1
256 6211 1
256 6657 1
256 7679 1
256 12087 1
256 14428 1
10053 12014 1
6648 14501 1
6648 14514 1
7115 14561 1
10546 7571 1
3801 7660 1
3801 7846 1
3801 7851 1
3801 8585 1
3801 10181 1
3801 11937 1
3801 12032 1
3801 12033 1
3801 12097 1
3801 12129 1
3801 12181 1
3801 12453 1
3801 13120 1
3801 13163 1
3801 13180 1
3801 14325 1
3801 14427 1
3801 14431 1
3801 14447 1
3801 14504 1
3801 14505 1
407 6791 1
407 7015 1
407 7886 1
407 14323 1
407 14430 1
407 15061 1
407 15335 1
490 6659 1
490 11919 1
490 13198 1
8900 7701 1
2689 6211 1
9864 7778 1
9011 6287 1
4053 7584 1
211 14357 1
211 14358 1
211 14370 1
211 14408 1
725 7583 1
725 7725 1
725 14396 1
2395 11545 1
1135 6266 1
1135 6700 1
1135 12360 1
13345 12145 1
12066 10181 1
3859 12169 1
3859 12355 1
3859 14396 1
3859 14434 1
3000 12971 1
7765 14500 1
9053 12974 1
7343 5085 1
6539 14427 1
553 8666 1
553 12077 1
553 12133 1
13444 12467 1
204 6204 1
204 6218 1
204 6238 1
204 6246 1
204 6357 1
204 6362 1
204 6419 1
204 6419 1
204 6564 1
204 6665 1
204 6730 1
204 6818 1
204 6820 1
204 7369 1
204 7385 1
204 7391 1
204 7442 1
204 7448 1
204 7457 1
204 7458 1
204 7459 1
204 7476 1
204 7481 1
204 7485 1
204 7489 1
204 7491 1
204 7498 1
204 7520 1
204 7611 1
204 7663 1
204 7692 1
204 7699 1
204 7731 1
204 8240 1
204 8357 1
204 8663 1
204 10116 1
204 11648 1
204 11911 1
204 11918 1
204 11919 1
204 11938 1
204 11958 1
204 11971 1
204 11974 1
204 11975 1
204 11988 1
204 12002 1
204 12008 1
204 12018 1
204 12037 1
204 12041 1
204 12085 1
204 12097 1
204 12104 1
204 12129 1
204 12192 1
204 12217 1
204 12436 1
204 12515 1
204 13179 1
204 13198 1
204 13265 1
204 14308 1
204 14308 1
204 14324 1
204 14352 1
204 14377 1
204 14399 1
204 14413 1
204 14428 1
204 14434 1
204 14437 1
204 14476 1
204 14504 1
348 6118 1
348 6122 1
348 7621 1
348 13119 1
12657 12274 1
12657 12336 1
17257 14540 1
2730 10991 1
2730 10992 1
5987 12056 1
5987 12072 1
14356 13240 1
564 6173 1
564 6211 1
564 6564 1
564 7566 1
564 7584 1
564 7918 1
564 10143 1
564 11894 1
564 12574 1
564 14324 1
564 14325 1
564 14428 1
12340 14515 1
13898 11277 1
5148 3542 1
10451 12328 1
2474 10178 1
2474 12353 1
4468 11298 1
4468 11958 1
4468 12467 1
4468 14349 1
4468 14554 1
4658 7613 1
4658 7666 1
4658 15307 1
618 7377 1
618 11916 1
618 12133 1
12190 12297 1
11753 12105 1
11753 12199 1
7770 6596 1
7770 12453 1
7770 12461 1
7770 12466 1
7345 11208 1
7345 11612 1
11871 13335 1
586 6067 1
586 7369 1
899 14324 1
899 14473 1
899 14481 1
899 14487 1
899 14502 1
899 14513 1
899 14666 1
2846 10992 1
2846 14323 1
8538 12958 1
5276 12087 1
5276 12135 1
5276 12397 1
5276 12441 1
5276 12461 1
5276 12466 1
5276 13163 1
5173 3639 1
5173 4358 1
5448 12712 1
3683 2251 1
10969 8715 1
8893 12077 1
5385 5312 1
10800 13233 1
2778 5587 1
9480 7095 1
15627 13120 1
9266 12251 1
9266 13096 1
3986 3172 1
320 6140 1
320 6166 1
320 6167 1
320 6197 1
320 6197 1
320 7369 1
320 7391 1
320 7404 1
320 7462 1
320 7498 1
320 7545 1
320 7610 1
320 7611 1
320 8977 1
320 10116 1
320 14322 1
320 14351 1
320 14362 1
320 14404 1
320 14415 1
320 14437 1
11351 11925 1
11351 12147 1
8436 7559 1
8436 7560 1
8436 7561 1
8436 7622 1
8436 12104 1
4866 9949 1
1015 6077 1
1015 6266 1
1015 6270 1
1015 7952 1
1015 10144 1
1015 10254 1
1015 10341 1
1015 14548 1
2842 7950 1
2842 8301 1
2842 8453 1
2842 8641 1
2842 9022 1
2842 10116 1
2842 10150 1
2842 11983 1
2842 12057 1
2842 12152 1
2842 12169 1
2842 12256 1
2842 12370 1
2842 12453 1
2842 12477 1
2842 14349 1
2842 14353 1
2842 14452 1
2842 14626 1
2842 14639 1
2842 14675 1
2842 14721 1
2842 14817 1
7447 6106 1
13429 12019 1
13429 12136 1
11966 11983 1
11966 14464 1
9386 7096 1
10948 8527 1
1200 6599 1
1200 7403 1
1200 10380 1
1200 12237 1
1200 12788 1
1200 14311 1
1200 14399 1
12923 9395 1
12923 13717 1
12254 8700 1
11913 11914 1
3320 2135 1
14592 12974 1
6527 4291 1
2897 8494 1
4107 7517 1
4107 14065 1
4107 14108 1
4107 14978 1
10018 7775 1
3758 4145 1
3758 6173 1
11580 10170 1
10746 13332 1
4214 11090 1
4214 12533 1
1392 9111 1
1392 9175 1
1392 9282 1
1392 9328 1
1392 9771 1
1392 9791 1
1392 9792 1
1392 11720 1
1392 12002 1
1392 12018 1
1392 12079 1
1392 12129 1
1392 12168 1
1392 12196 1
1392 12223 1
1392 12241 1
1392 12303 1
1392 12305 1
1392 12313 1
1392 12347 1
1392 12356 1
1392 12361 1
1392 12362 1
1392 12368 1
1392 12369 1
1392 12370 1
1392 12374 1
1392 12379 1
1392 12381 1
1392 12401 1
1392 12422 1
1392 12445 1
1392 12526 1
1392 12548 1
1392 12577 1
1392 12670 1
1392 13165 1
1392 13174 1
1392 13206 1
1392 13249 1
1392 13369 1
1392 13391 1
1392 13613 1
1392 13637 1
1392 13892 1
1392 14154 1
1392 14343 1
1392 14399 1
1392 14403 1
1392 14452 1
1392 14520 1
1392 14531 1
1392 14777 1
1392 14789 1
1392 15138 1
1392 15426 1
1392 15865 1
1392 15913 1
98 4156 1
98 6698 1
98 10793 1
4169 12075 1
4169 12242 1
4169 12296 1
4169 12974 1
9269 6282 1
8823 12097 1
8823 12101 1
3903 11931 1
12969 13704 1
12969 13799 1
12969 13919 1
817 6073 1
239 7387 1
239 7406 1
239 8452 1
239 10101 1
239 11893 1
239 11899 1
239 11919 1
239 11925 1
239 14330 1
239 14540 1
2333 4205 1
2333 7491 1
6232 12181 1
5565 13398 1
5565 14901 1
3017 12466 1
3017 13026 1
3017 13325 1
1144 11972 1
1144 11999 1
1144 12014 1
1144 12102 1
1144 12161 1
1144 12275 1
1144 12339 1
1144 12416 1
1144 12466 1
1144 12479 1
1144 12489 1
1144 12690 1
1144 12980 1
1144 13096 1
1144 13097 1
1144 13120 1
1144 13188 1
1144 13198 1
1144 13240 1
1144 13318 1
1144 13408 1
1144 13484 1
1144 13609 1
1144 13621 1
1144 14310 1
1144 14506 1
1144 15376 1
1144 15390 1
698 5047 1
1756 9078 1
1756 9251 1
1860 7127 1
1860 15704 1
2489 11235 1
2489 11263 1
2489 11326 1
2489 11361 1
2489 11430 1
8742 14427 1
97 8224 1
97 8428 1
97 8526 1
97 8642 1
97 8862 1
97 10745 1
97 10817 1
97 11298 1
97 11931 1
97 12006 1
97 12103 1
97 12110 1
97 12125 1
97 12160 1
97 12184 1
97 12421 1
97 12515 1
97 12931 1
97 14413 1
9317 14502 1
8062 14362 1
9163 12396 1
5963 4291 1
5963 7583 1
5963 12267 1
3699 11911 1
4905 3170 1
755 4657 1
755 8301 1
755 12466 1
1066 10948 1
1066 11902 1
1066 11905 1
355 7442 1
355 7446 1
355 7461 1
355 7482 1
355 7509 1
355 7549 1
355 7565 1
355 7589 1
355 7621 1
355 7622 1
355 7656 1
355 7669 1
355 7705 1
355 7729 1
355 7831 1
355 7832 1
355 7846 1
355 7853 1
355 7856 1
355 7862 1
355 7872 1
355 7931 1
355 7949 1
355 7995 1
355 8153 1
355 8203 1
355 8371 1
355 8620 1
355 8642 1
355 8651 1
355 8653 1
355 8702 1
355 8798 1
355 8799 1
355 8804 1
355 8842 1
355 8871 1
355 8905 1
355 8967 1
355 8979 1
355 9040 1
355 9068 1
355 9076 1
355 9078 1
355 9126 1
355 9132 1
355 9133 1
355 9151 1
355 9198 1
355 9217 1
355 9233 1
355 9240 1
355 9248 1
355 9253 1
355 9259 1
355 9262 1
355 9263 1
355 9266 1
355 9279 1
355 9283 1
355 9285 1
355 9289 1
355 9292 1
355 9295 1
355 9300 1
355 9308 1
355 9315 1
355 9337 1
355 9347 1
355 9356 1
355 9367 1
355 9373 1
355 9389 1
355 9404 1
355 9417 1
355 9436 1
355 9506 1
355 9529 1
355 9533 1
355 9574 1
355 9582 1
355 9645 1
355 9652 1
355 9782 1
355 10605 1
355 10654 1
355 10947 1
355 11116 1
355 11320 1
355 11649 1
355 11909 1
355 11915 1
355 11917 1
355 11937 1
355 11974 1
355 11995 1
355 12009 1
355 12011 1
355 12018 1
355 12019 1
355 12058 1
355 12079 1
355 12094 1
355 12117 1
355 12136 1
355 12155 1
355 12159 1
355 12182 1
355 12193 1
355 12195 1
355 12199 1
355 12207 1
355 12234 1
355 12244 1
355 12283 1
355 12290 1
355 12344 1
355 12373 1
355 12438 1
355 12467 1
355 12501 1
355 12603 1
355 12607 1
355 12631 1
355 12653 1
355 12665 1
355 12676 1
355 12691 1
355 12898 1
355 12932 1
355 12958 1
355 12962 1
355 12973 1
355 13003 1
355 13018 1
355 13019 1
355 13023 1
355 13040 1
355 13087 1
355 13097 1
355 13106 1
355 13128 1
355 13147 1
355 13168 1
355 13180 1
355 13191 1
355 13219 1
355 13221 1
355 13230 1
355 13231 1
355 13240 1
355 13245 1
355 13269 1
355 13305 1
355 13315 1
355 13338 1
355 13340 1
355 13359 1
355 13399 1
355 13408 1
355 13410 1
355 13412 1
355 13418 1
355 13426 1
355 13428 1
355 13445 1
355 13446 1
355 13469 1
355 13484 1
355 13492 1
355 13493 1
355 13506 1
355 13508 1
355 13512 1
355 13516 1
355 13517 1
355 13518 1
355 13520 1
355 13522 1
355 13526 1
355 13527 1
355 13530 1
355 13548 1
355 13562 1
355 13580 1
355 13587 1
355 13588 1
355 13589 1
355 13607 1
355 13621 1
355 13641 1
355 13642 1
355 13644 1
355 13647 1
355 13648 1
355 13654 1
355 13663 1
355 13665 1
355 13666 1
355 13673 1
355 13676 1
355 13698 1
355 13699 1
355 13702 1
355 13724 1
355 13729 1
355 13734 1
355 13738 1
355 13742 1
355 13790 1
355 13807 1
355 13810 1
355 13813 1
355 13820 1
355 13829 1
355 13833 1
355 13839 1
355 13845 1
355 13855 1
355 13869 1
355 13882 1
355 13893 1
355 13896 1
355 13900 1
355 13910 1
355 13921 1
355 13926 1
355 13933 1
355 14002 1
355 14006 1
355 14008 1
355 14955 1
355 15262 1
355 15604 1
355 15629 1
355 15705 1
355 15715 1
3657 14887 1
5817 4056 1
5817 11723 1
7136 9175 1
4671 8890 1
4671 10522 1
4671 11704 1
4671 13389 1
453 6775 1
453 6806 1
453 6807 1
453 6820 1
453 6856 1
453 6857 1
453 6936 1
453 6939 1
453 6945 1
453 6949 1
453 6957 1
453 6987 1
453 7010 1
453 7030 1
453 7069 1
453 7078 1
453 7127 1
453 7139 1
453 7160 1
453 7166 1
453 7240 1
453 7258 1
453 7503 1
453 7544 1
453 8764 1
453 8940 1
453 9790 1
453 10129 1
453 11100 1
453 12375 1
453 12481 1
453 12651 1
453 13666 1
13866 11650 1
2520 12084 1
2520 13151 1
11563 12879 1
15294 13120 1
12083 14522 1
1757 8694 1
16989 14478 1
16989 14519 1
1728 4643 1
15030 13374 1
6318 12514 1
14593 12181 1
9445 7588 1
9445 7622 1
9445 14435 1
10499 12586 1
12323 12288 1
6354 7673 1
10439 10203 1
7166 5461 1
7166 7633 1
7166 7795 1
7166 14522 1
9592 7331 1
10002 7331 1
4304 12051 1
4304 12260 1
4304 12784 1
4304 13511 1
4304 14951 1
4304 15332 1
5169 4132 1
10713 13381 1
3286 13026 1
14732 12104 1
7908 6851 1
3654 7892 1
3654 8535 1
3654 8906 1
3654 15044 1
3654 15185 1
5977 6700 1
8915 6362 1
5256 6271 1
300 9990 1
300 9998 1
300 10017 1
300 10046 1
300 10048 1
300 10051 1
300 10055 1
300 10060 1
300 10065 1
300 10072 1
300 10081 1
300 10083 1
300 10086 1
300 10814 1
300 11621 1
300 11649 1
300 11675 1
300 11870 1
300 12092 1
300 12137 1
300 12372 1
300 12397 1
300 12439 1
300 12486 1
300 12963 1
300 12996 1
300 13003 1
300 13018 1
300 13019 1
300 13072 1
300 13110 1
300 13192 1
300 13250 1
300 13302 1
300 13346 1
300 13475 1
300 13512 1
300 13533 1
300 13580 1
300 13619 1
300 13621 1
300 13663 1
300 13702 1
300 13745 1
300 13844 1
300 13890 1
300 13917 1
300 13930 1
300 14020 1
300 14057 1
300 14065 1
300 14070 1
300 14104 1
300 14125 1
300 14160 1
300 14168 1
300 14206 1
300 14240 1
300 14242 1
300 14244 1
300 14258 1
300 14261 1
300 14267 1
300 14271 1
300 14272 1
300 14273 1
300 14275 1
300 14289 1
300 14333 1
300 14337 1
300 14349 1
300 14397 1
300 14446 1
300 14510 1
300 14560 1
300 14930 1
300 15041 1
300 15176 1
300 15197 1
300 15233 1
300 15256 1
300 15277 1
300 15304 1
300 15436 1
300 15499 1
300 15524 1
300 15530 1
300 15562 1
300 15564 1
300 15572 1
300 15597 1
300 15604 1
300 15621 1
300 15624 1
300 15801 1
300 15810 1
300 15865 1
300 15891 1
300 15898 1
300 15917 1
300 15943 1
300 15999 1
300 16049 1
300 16090 1
300 16094 1
11453 11061 1
11453 14036 1
2592 7422 1
2592 13374 1
4801 11265 1
1736 8930 1
1736 13530 1
1736 13580 1
1736 13583 1
303 7808 1
303 7846 1
303 7848 1
303 7892 1
303 8101 1
303 8533 1
303 8588 1
303 8646 1
303 8710 1
303 8743 1
303 9119 1
303 9279 1
303 9778 1
303 9868 1
303 12014 1
303 12101 1
303 12135 1
303 12330 1
303 12503 1
303 12675 1
303 12937 1
303 12974 1
303 13040 1
303 13136 1
303 13163 1
303 13188 1
303 13253 1
303 13300 1
303 13302 1
303 13340 1
303 13411 1
303 13479 1
303 13493 1
303 13563 1
303 13587 1
303 13589 1
303 14397 1
303 14479 1
303 14554 1
303 14574 1
303 14646 1
303 15393 1
303 15572 1
303 15704 1
303 16100 1
11445 8651 1
13647 10457 1
888 12192 1
846 6122 1
846 14415 1
7608 7791 1
7608 7838 1
7608 7950 1
7608 8590 1
7608 8732 1
7608 8824 1
7608 9064 1
7608 9075 1
9715 6775 1
8155 6158 1
255 12238 1
255 12958 1
255 12974 1
255 13120 1
6698 12368 1
12907 12553 1
2987 10691 1
2987 10723 1
2987 10778 1
2987 10798 1
2987 10803 1
2987 10846 1
2987 12047 1
2987 12401 1
2987 13074 1
2987 13324 1
2987 14310 1
1683 9115 1
1683 12079 1
1683 12445 1
1683 12470 1
1683 12478 1
1683 12816 1
1683 13035 1
1683 13410 1
1683 14514 1
8833 6592 1
13994 13024 1
800 6657 1
800 12192 1
4262 7631 1
4262 7644 1
14205 11635 1
3678 6159 1
3678 7583 1
3678 14325 1
3678 14398 1
1341 7746 1
1341 10838 1
5272 8503 1
5272 10730 1
5272 13409 1
5272 15198 1
5272 15255 1
542 6140 1
542 14324 1
9237 11983 1
4607 6096 1
4607 8232 1
4607 11080 1
4607 11168 1
3628 11422 1
9693 12032 1
17412 15030 1
8747 12033 1
268 7740 1
268 7773 1
268 14378 1
268 14498 1
268 14500 1
268 14515 1
5864 7163 1
5864 7907 1
5864 10231 1
5864 11306 1
4933 12262 1
11078 13657 1
3102 10529 1
7801 7814 1
7801 10919 1
3339 11997 1
3339 12099 1
3339 12461 1
3339 13041 1
3339 13041 1
3339 13074 1
3339 13249 1
3339 13346 1
3339 13395 1
3339 13445 1
3339 14518 1
3339 15017 1
3339 15068 1
3339 15134 1
3339 15199 1
1468 4185 1
1468 4631 1
14896 14325 1
2402 6789 1
2402 6840 1
2402 6843 1
2402 10205 1
2402 14396 1
2402 15456 1
1916 9284 1
1916 9539 1
1916 12554 1
3833 12161 1
3833 13198 1
3833 14325 1
3833 14395 1
3833 14426 1
3833 14428 1
3833 14433 1
1165 6308 1
1165 7505 1
6662 6290 1
4712 7585 1
1288 12148 1
2538 11254 1
2538 11254 1
4146 12104 1
4146 12181 1
9607 6324 1
11793 12404 1
11793 13117 1
2026 13283 1
8832 11958 1
6738 12325 1
1368 4869 1
1368 5082 1
1368 7356 1
1368 10470 1
1368 11346 1
4446 12461 1
4446 12884 1
4446 13163 1
4446 14684 1
6311 6240 1
3522 8838 1
3522 9374 1
3522 9771 1
3522 9997 1
5063 12170 1
7560 7242 1
7560 14178 1
8246 12032 1
8246 12100 1
2447 12099 1
2447 13120 1
1504 9018 1
1504 9175 1
11383 14415 1
3105 6884 1
3105 9094 1
7467 13623 1
11403 12013 1
6108 12104 1
14373 13483 1
8522 12104 1
417 12261 1
417 12278 1
417 12297 1
417 13198 1
4819 4811 1
4819 9522 1
5878 4136 1
7673 7615 1
3059 10451 1
6280 4179 1
8191 6128 1
8191 7588 1
8191 14378 1
12726 12434 1
12726 13290 1
4893 3196 1
4893 3202 1
4893 4141 1
4893 7663 1
10998 8704 1
9159 7170 1
3731 11985 1
3731 12040 1
3731 12099 1
3731 12138 1
3731 14396 1
3731 14427 1
4132 7422 1
1359 10444 1
1359 11052 1
1359 11963 1
1359 12670 1
1359 14628 1
15886 14500 1
8250 6118 1
4727 9130 1
2317 10106 1
2317 12054 1
2317 12104 1
6513 6212 1
6513 7700 1
10407 13047 1
6615 10196 1
6615 10205 1
6615 12389 1
6615 13151 1
6615 14540 1
9397 12020 1
9397 12441 1
9242 11985 1
9242 12974 1
3959 7753 1
3959 7772 1
3959 7808 1
3959 8101 1
3959 8301 1
3959 8516 1
3959 8585 1
3959 8768 1
3959 11911 1
3959 11983 1
3959 11985 1
3959 12018 1
3959 12132 1
3959 12133 1
3959 12174 1
3959 12242 1
3959 12251 1
3959 12267 1
3959 12274 1
3959 12277 1
3959 12278 1
3959 12291 1
3959 12311 1
3959 12382 1
3959 13180 1
4925 12102 1
4925 14330 1
2685 6239 1
8753 6158 1
6066 7461 1
4282 12317 1
4282 12323 1
773 12092 1
773 14325 1
773 14396 1
11883 12278 1
9056 7583 1
11530 13703 1
8043 6613 1
8043 8399 1
14790 12207 1
315 7534 1
315 7566 1
315 7584 1
315 7588 1
315 7616 1
315 7624 1
315 8636 1
315 11919 1
315 11959 1
315 11983 1
315 12033 1
315 12077 1
315 12087 1
315 12104 1
315 12122 1
315 12133 1
315 12974 1
315 13198 1
315 14383 1
11987 12274 1
2873 7900 1
3760 7627 1
3760 12138 1
3760 13380 1
3760 14398 1
12798 10814 1
1609 8964 1
1339 12565 1
1339 13559 1
1339 14685 1
1339 14860 1
1339 15396 1
1339 15400 1
1339 15741 1
15213 12362 1
332 11986 1
332 11999 1
332 12014 1
332 13036 1
332 13198 1
332 14330 1
10050 13426 1
1730 8062 1
1730 9070 1
11382 14373 1
11382 14390 1
6100 10558 1
6100 11000 1
6100 14413 1
4754 8979 1
4754 9080 1
4754 9089 1
4754 13548 1
451 142 1
451 6018 1
451 6246 1
275 6851 1
275 7371 1
275 7422 1
275 7438 1
275 7479 1
275 7482 1
275 7719 1
275 8146 1
275 8301 1
275 8719 1
275 9000 1
275 11422 1
275 11521 1
275 11648 1
275 13055 1
275 13198 1
275 13358 1
275 13381 1
275 13522 1
275 14324 1
275 14349 1
275 15087 1
275 15345 1
4688 8041 1
4688 13163 1
2561 13223 1
2561 13526 1
2561 13702 1
8985 7666 1
10107 12785 1
10107 14975 1
67 6804 1
67 7377 1
67 7422 1
67 7650 1
67 8636 1
67 10151 1
67 11918 1
67 11919 1
67 12087 1
67 12104 1
67 12106 1
67 12312 1
67 14427 1
67 14434 1
67 14435 1
67 14447 1
67 14519 1
991 6246 1
991 6364 1
991 6652 1
991 6657 1
991 11648 1
991 14404 1
370 7679 1
370 12974 1
370 14428 1
370 14434 1
4437 12341 1
2201 15035 1
1787 4602 1
1787 9072 1
1787 11050 1
1787 14419 1
1787 14631 1
1787 14760 1
1787 15222 1
13670 10452 1
11330 7721 1
11330 11899 1
7229 4610 1
7229 15199 1
3707 7392 1
1293 6314 1
8174 12104 1
4993 12006 1
4993 12078 1
4993 12095 1
4993 12128 1
4993 12168 1
4993 12183 1
4993 12187 1
4993 12249 1
4993 12649 1
432 2248 1
432 13198 1
11876 14349 1
11876 14465 1
1250 12328 1
1250 12416 1
6886 12416 1
1911 15610 1
520 6652 1
520 6657 1
520 6857 1
520 14427 1
520 14506 1
520 14844 1
520 15044 1
520 15077 1
11014 11430 1
11014 12466 1
9151 7644 1
9151 10151 1
8979 12104 1
1772 2658 1
1772 2732 1
968 12192 1
11568 7660 1
11568 14433 1
9587 6290 1
445 12169 1
9538 15136 1
6316 12136 1
6316 12179 1
6316 12308 1
919 7331 1
919 7421 1
919 7614 1
919 7734 1
919 12036 1
919 12192 1
919 12295 1
919 12382 1
919 12788 1
919 14310 1
919 14446 1
919 14467 1
919 14487 1
1134 7768 1
1134 7772 1
1134 12134 1
1134 12318 1
10217 11005 1
10217 13007 1
13579 11313 1
5854 4587 1
5854 4652 1
6717 6277 1
10429 15023 1
4711 8703 1
4711 9210 1
4711 11797 1
5120 7918 1
5120 9248 1
404 8380 1
404 8569 1
404 8585 1
404 8768 1
404 8826 1
404 9157 1
404 9300 1
404 10125 1
404 10181 1
404 10239 1
404 11045 1
404 11082 1
404 11220 1
404 11428 1
404 11455 1
404 11962 1
404 11994 1
404 11999 1
404 12137 1
404 12404 1
404 12641 1
404 13119 1
404 14322 1
404 14515 1
404 15044 1
404 15057 1
4693 8308 1
205 2266 1
205 7507 1
205 14428 1
6646 12341 1
8206 11962 1
6272 12099 1
10216 10250 1
9642 12226 1
9642 12751 1
10913 6987 1
8130 7377 1
8130 7583 1
8130 11981 1
16373 13346 1
15341 14378 1
3716 8732 1
884 12210 1
3954 7624 1
16715 13583 1
6279 13273 1
6279 13511 1
6279 15196 1
4460 6596 1
10562 13097 1
10562 13445 1
10562 14529 1
3856 14398 1
8955 6143 1
14877 12974 1
891 6173 1
891 6232 1
4188 14487 1
10226 10810 1
4170 6206 1
7862 14505 1
7862 14561 1
14579 13137 1
14579 13307 1
14579 13395 1
3590 11252 1
3590 11255 1
3590 11256 1
5368 7666 1
772 12236 1
772 13180 1
772 14307 1
772 14435 1
1781 10724 1
1781 11102 1
1781 13030 1
1781 13192 1
1781 13359 1
1781 14479 1
1781 14558 1
1781 15077 1
1781 15505 1
1781 15885 1
820 8740 1
820 9109 1
820 10178 1
820 10406 1
820 12145 1
820 12515 1
820 12586 1
13491 10460 1
13491 11056 1
9138 12160 1
4324 14466 1
6325 4412 1
5099 12351 1
1199 7814 1
3523 11420 1
3523 11469 1
3523 11659 1
3523 13516 1
9554 8054 1
9554 8124 1
9554 8301 1
1906 7069 1
7122 12740 1
8797 12165 1
1596 6860 1
11700 8205 1
11700 14540 1
7332 15151 1
1641 11006 1
1641 11326 1
11882 8871 1
11696 11985 1
11696 12958 1
10316 8588 1
3813 10312 1
3813 11997 1
3813 12015 1
3813 12099 1
3813 12163 1
3813 14325 1
3813 14380 1
6877 10247 1
13367 12267 1
3937 8642 1
3937 12453 1
3937 12621 1
5893 4149 1
9017 11918 1
335 7633 1
335 8871 1
335 11986 1
335 12081 1
335 14349 1
5055 5045 1
3195 1939 1
2829 6362 1
2829 11922 1
2829 12515 1
2829 13053 1
6408 6218 1
1260 11983 1
1260 12441 1
1260 13163 1
1260 14187 1
1260 14506 1
7417 11922 1
7417 12499 1
673 6118 1
673 7377 1
4808 11240 1
8584 7950 1
465 12097 1
465 13180 1
465 13198 1
465 14434 1
7749 9298 1
3718 7377 1
3718 12087 1
3718 12133 1
3582 7352 1
3582 7353 1
3582 9998 1
3582 10018 1
3582 11538 1
2456 6638 1
2456 6727 1
2456 6784 1
2456 7907 1
2456 9030 1
2456 10201 1
2456 10232 1
2456 10730 1
2456 10867 1
2456 11110 1
2456 11353 1
2456 11477 1
2456 11616 1
2456 12340 1
2456 13337 1
2456 13583 1
2456 13621 1
2456 13629 1
2456 15529 1
15610 13241 1
2251 7550 1
2251 8112 1
2251 14316 1
809 6118 1
809 14427 1
5759 13665 1
2930 4301 1
2930 12884 1
6298 13198 1
6298 14324 1
6298 14427 1
6109 6015 1
4632 8973 1
4632 13399 1
4632 13418 1
1824 7343 1
1824 7352 1
1824 8232 1
1824 9122 1
1824 9602 1
1824 9878 1
1824 9889 1
1824 9917 1
1824 9966 1
1824 10011 1
1824 10018 1
1824 11424 1
1824 11781 1
1824 13619 1
1824 13648 1
1824 14010 1
1824 14111 1
1824 14178 1
1824 14186 1
1824 14206 1
1824 14209 1
1824 14261 1
1824 14273 1
1824 14282 1
1824 14286 1
1824 15435 1
1824 15530 1
1824 15610 1
1824 15620 1
1824 15690 1
1824 15824 1
1824 15898 1
1824 15985 1
1824 16000 1
1824 16049 1
3694 11986 1
3694 12087 1
2540 9240 1
2647 8322 1
2647 13340 1
2647 13583 1
4232 10168 1
13478 13299 1
11853 11919 1
11853 11983 1
11853 14330 1
5530 13203 1
1259 7265 1
1259 7346 1
1259 7507 1
1259 7679 1
1259 7719 1
1259 7721 1
1259 7848 1
1259 7870 1
1259 7892 1
1259 7906 1
1259 7927 1
1259 7931 1
1259 7948 1
1259 7949 1
1259 7950 1
1259 8494 1
1259 8708 1
1259 8764 1
1259 8830 1
1259 8881 1
1259 8890 1
1259 8906 1
1259 8910 1
1259 8930 1
1259 8988 1
1259 9000 1
1259 9011 1
1259 9022 1
1259 9130 1
1259 9135 1
1259 9174 1
1259 9198 1
1259 9240 1
1259 9267 1
1259 9373 1
1259 9647 1
1259 9993 1
1259 11914 1
1259 11917 1
1259 11931 1
1259 11977 1
1259 12101 1
1259 12155 1
1259 12161 1
1259 12192 1
1259 12221 1
1259 12231 1
1259 12235 1
1259 12240 1
1259 12320 1
1259 12330 1
1259 12402 1
1259 12404 1
1259 12420 1
1259 12466 1
1259 12469 1
1259 12476 1
1259 12528 1
1259 12715 1
1259 13003 1
1259 13096 1
1259 13120 1
1259 13140 1
1259 13142 1
1259 13163 1
1259 13198 1
1259 13272 1
1259 13324 1
1259 13384 1
1259 13399 1
1259 13428 1
1259 13437 1
1259 13485 1
1259 13497 1
1259 13508 1
1259 13522 1
1259 13526 1
1259 13527 1
1259 13551 1
1259 13588 1
1259 13589 1
1259 13619 1
1259 13621 1
1259 13629 1
1259 13639 1
1259 13654 1
1259 13663 1
1259 13666 1
1259 13673 1
1259 13676 1
1259 13699 1
1259 13702 1
1259 13710 1
1259 13717 1
1259 13724 1
1259 13742 1
1259 13750 1
1259 13751 1
1259 13808 1
1259 13896 1
1259 13919 1
1259 13926 1
1259 13930 1
1259 13949 1
1259 13974 1
1259 14005 1
1259 14057 1
1259 14062 1
1259 14066 1
1259 14076 1
1259 14086 1
1259 14108 1
1259 14129 1
1259 14145 1
1259 14148 1
1259 14222 1
1259 14323 1
1259 14324 1
1259 14378 1
1259 14427 1
1259 14487 1
1259 14502 1
1259 14510 1
1259 15604 1
1259 16077 1
8643 10295 1
5824 12453 1
5824 13053 1
10171 8225 1
4936 12312 1
4936 12474 1
3609 13198 1
134 6262 1
134 6804 1
134 7007 1
134 7588 1
134 8726 1
134 11967 1
1841 14027 1
1841 14107 1
1841 15613 1
1535 6492 1
1535 6790 1
12751 14506 1
385 7665 1
1224 6313 1
1224 7621 1
1224 7893 1
1224 8452 1
1224 12406 1
3692 7559 1
3692 14509 1
1540 9044 1
1540 11311 1
1540 11313 1
1540 11463 1
1540 11568 1
1540 12994 1
1540 13302 1
1540 13363 1
1540 13665 1
4035 7642 1
4035 12077 1
4035 12104 1
289 12135 1
289 12192 1
289 13119 1
289 14390 1
289 14396 1
667 7371 1
16422 14100 1
2951 4291 1
2951 7448 1
2378 877 1
7835 10486 1
2771 6298 1
11357 7909 1
12478 15613 1
657 6202 1
657 7815 1
9643 12093 1
14361 14432 1
3641 8301 1
3641 12104 1
8764 14324 1
4082 6446 1
4082 7437 1
4082 7582 1
4082 7772 1
4082 12092 1
10525 11968 1
9619 10195 1
1774 6246 1
1774 6612 1
1774 6896 1
1774 7004 1
2630 11930 1
2630 13120 1
2630 14434 1
2630 14465 1
4 6564 1
4 7369 1
4 7377 1
4 7583 1
4 7583 1
4 11893 1
4 11914 1
4 12014 1
4 12104 1
4 13180 1
4 13198 1
4 14324 1
4 14427 1
3459 8919 1
1065 14529 1
1065 14621 1
1793 9130 1
13852 12107 1
13852 12939 1
15991 13004 1
15991 13040 1
9030 7576 1
8139 7616 1
8139 8636 1
8651 10118 1
15784 12461 1
15996 14570 1
3632 11977 1
3632 11995 1
3632 12033 1
3632 12132 1
3632 12236 1
3632 13053 1
3632 14314 1
3632 14354 1
3632 14370 1
3632 14397 1
3632 14415 1
3632 14443 1
11268 14349 1
337 6128 1
337 6162 1
337 6195 1
337 6652 1
337 7369 1
337 7377 1
337 7583 1
337 7584 1
337 7622 1
337 8663 1
337 11977 1
5917 12325 1
5917 12425 1
5917 14528 1
5591 13142 1
5591 13250 1
13173 13702 1
882 6219 1
4912 11658 1
4912 11670 1
10196 12047 1
2834 6857 1
2834 13389 1
9717 12935 1
479 7818 1
479 7918 1
479 10181 1
479 11914 1
479 11930 1
479 11959 1
479 12075 1
479 12087 1
479 12088 1
479 12097 1
479 12102 1
479 12117 1
479 12135 1
479 12347 1
479 12362 1
479 12441 1
479 13163 1
479 14324 1
479 14398 1
479 14434 1
479 14434 1
479 14464 1
12616 13024 1
1251 4205 1
14689 12085 1
2393 12692 1
2393 12954 1
6925 12171 1
6925 12392 1
6783 6308 1
10392 14464 1
7883 15087 1
5287 8585 1
5287 10400 1
1982 5598 1
1982 6185 1
1982 7139 1
1982 7166 1
1982 15810 1
1103 12190 1
2798 8905 1
2798 9431 1
9003 14427 1
3919 14325 1
13525 12461 1
13525 12467 1
4383 6700 1
4383 6700 1
14554 12402 1
11924 12649 1
15359 13192 1
9337 14464 1
11032 11220 1
11620 10122 1
16645 15197 1
224 11648 1
224 11919 1
224 12014 1
224 12097 1
224 12104 1
224 14325 1
224 14427 1
8494 11924 1
8494 12088 1
8494 13198 1
3150 11176 1
60 10557 1
60 10567 1
60 10570 1
60 10691 1
60 10987 1
60 10991 1
60 10992 1
60 11008 1
60 11010 1
60 11052 1
60 11067 1
60 11071 1
60 11088 1
60 11140 1
60 11195 1
60 11279 1
60 11287 1
60 11305 1
60 11306 1
60 11310 1
60 11313 1
60 11338 1
60 11339 1
60 11340 1
60 11384 1
60 11407 1
60 11442 1
60 11444 1
60 11447 1
60 11448 1
60 11465 1
60 11492 1
60 11493 1
60 11497 1
60 11579 1
60 11596 1
60 11599 1
60 11610 1
60 11679 1
60 11681 1
60 11693 1
60 11714 1
60 11722 1
60 11744 1
60 11774 1
60 11785 1
60 11893 1
60 11938 1
60 11973 1
60 11994 1
60 12009 1
60 12016 1
60 12019 1
60 12032 1
60 12054 1
60 12069 1
60 12105 1
60 12131 1
60 12190 1
60 12207 1
60 12235 1
60 12244 1
60 12256 1
60 12264 1
60 12273 1
60 12290 1
60 12322 1
60 12328 1
60 12341 1
60 12376 1
60 12426 1
60 12438 1
60 12600 1
60 12621 1
60 12637 1
60 12715 1
60 12917 1
60 13003 1
60 13004 1
60 13074 1
60 13147 1
60 13148 1
60 13163 1
60 13252 1
60 13265 1
60 13300 1
60 13381 1
60 13463 1
60 13656 1
60 14322 1
60 14351 1
60 14391 1
60 14404 1
60 14444 1
60 14474 1
60 14479 1
60 14487 1
60 14500 1
60 14756 1
60 14777 1
60 14857 1
60 15030 1
60 15074 1
60 15109 1
60 15191 1
60 15246 1
11544 10163 1
4315 3241 1
4550 12099 1
4550 12282 1
4550 12384 1
4550 13023 1
4550 13226 1
1914 9395 1
1914 9540 1
1914 9541 1
1914 9574 1
1914 9585 1
1914 9595 1
1914 9601 1
1914 9689 1
1914 9701 1
1914 9709 1
1914 9720 1
1914 9725 1
1914 9748 1
1914 9770 1
1914 9778 1
1914 9781 1
1914 9782 1
1914 9792 1
1914 9801 1
1914 9813 1
1914 9858 1
1914 9868 1
1914 9882 1
1914 9917 1
1914 9926 1
1914 9935 1
1914 9954 1
1914 9959 1
1914 9969 1
1914 9982 1
1914 9993 1
1914 10019 1
1914 10041 1
1914 10055 1
1914 10058 1
1914 10063 1
1914 10065 1
1914 10068 1
1914 10076 1
1914 10079 1
1914 10081 1
1914 10091 1
1914 13340 1
1914 13563 1
1914 13888 1
1914 13930 1
1914 13949 1
1914 13960 1
1914 14034 1
1914 14099 1
1914 14246 1
1914 14257 1
1914 14263 1
1914 14275 1
1914 14479 1
1914 15497 1
1914 15524 1
1914 15552 1
1914 15626 1
1914 15714 1
1914 15764 1
1914 15859 1
1914 15919 1
1914 15928 1
1914 15999 1
1914 16107 1
10212 10977 1
6328 6238 1
9883 14920 1
8441 6118 1
2582 14370 1
8530 12104 1
4871 9899 1
1202 7190 1
1202 7203 1
1202 7227 1
1202 7340 1
1202 7343 1
1202 7402 1
1202 8916 1
1202 9000 1
1202 9018 1
1202 9267 1
1202 9354 1
1202 9701 1
1202 9709 1
1202 9860 1
1202 10058 1
1202 10753 1
1202 11332 1
1202 11792 1
1202 11925 1
1202 11926 1
1202 12137 1
1202 12472 1
1202 12769 1
1202 13024 1
1202 13119 1
1202 14257 1
1202 14510 1
1202 15810 1
1202 16009 1
1363 15077 1
781 10108 1
781 12155 1
14696 12132 1
1868 8888 1
1868 8981 1
1868 9078 1
1868 9271 1
1868 9289 1
1868 9300 1
1868 9364 1
1868 13254 1
1868 13580 1
1868 13644 1
1868 13898 1
1868 13978 1
13590 15403 1
4376 7761 1
1621 11985 1
1621 12330 1
1621 12459 1
1621 12461 1
1621 12653 1
1621 13188 1
1621 13408 1
1621 13492 1
1621 13506 1
1621 13522 1
1621 13551 1
9154 6759 1
9154 6957 1
9154 7588 1
9154 9240 1
9154 9279 1
4698 13359 1
4698 13479 1
4698 13748 1
4721 15311 1
6158 7903 1
6158 8003 1
6158 14649 1
6187 4205 1
6003 6158 1
6003 12104 1
6003 12133 1
1282 10295 1
1282 12331 1
1282 12439 1
2924 6067 1
2924 6419 1
7132 14756 1
2718 7118 1
2718 13240 1
2718 13769 1
2718 13922 1
2527 9271 1
2527 11025 1
2527 13138 1
2527 13580 1
1818 9645 1
1818 12128 1
1818 12148 1
1818 13302 1
1818 13340 1
1818 13418 1
1818 13512 1
1818 13516 1
1818 13527 1
1818 13548 1
1818 13607 1
1818 13619 1
1818 13629 1
1818 13648 1
1818 13683 1
1818 13702 1
1818 13724 1
1818 13741 1
1818 13745 1
1818 13751 1
1818 13763 1
1818 13797 1
1818 13808 1
1818 13883 1
1818 13899 1
1818 13921 1
1818 13930 1
1818 13949 1
1818 13991 1
1818 14003 1
4842 13138 1
13200 15917 1
984 12101 1
984 14465 1
14662 14349 1
14662 14434 1
13665 11173 1
2543 7476 1
2543 8400 1
1623 7633 1
1623 8599 1
3097 7907 1
2306 9152 1
8783 12104 1
1755 15520 1
8622 7331 1
1122 6616 1
1122 6784 1
1122 10435 1
12172 14435 1
12172 14520 1
12172 14548 1
5948 12240 1
12110 12453 1
12110 12461 1
1918 7227 1
11480 8301 1
1277 1669 1
1277 6586 1
12422 8210 1
13698 13026 1
4027 13526 1
4027 13648 1
4027 14634 1
12225 12081 1
1289 6789 1
1289 7700 1
1289 10178 1
1338 10855 1
7596 14427 1
5784 13372 1
6205 9068 1
1353 8181 1
1353 8181 1
8180 6266 1
11518 7621 1
7058 6026 1
13975 12751 1
1358 7962 1
1358 8416 1
1358 8466 1
1358 8622 1
1358 8771 1
1358 8801 1
1358 8830 1
1358 9263 1
1358 9266 1
1358 11319 1
1358 11907 1
1358 12075 1
1358 12181 1
1358 12347 1
1358 12423 1
1358 12516 1
1358 12542 1
1358 12833 1
1358 12917 1
1358 13007 1
1358 13174 1
1358 13579 1
1358 14353 1
1358 14354 1
1358 14516 1
1358 14979 1
1358 15002 1
1358 15058 1
167 6183 1
167 6246 1
167 7627 1
167 12013 1
167 12087 1
167 12133 1
167 12515 1
167 14324 1
167 14336 1
10183 8860 1
1287 6411 1
1287 6784 1
1516 11139 1
1516 11173 1
1516 11220 1
1516 11323 1
1516 11364 1
1516 11404 1
1516 11406 1
1516 11468 1
1516 11486 1
1516 11495 1
1516 12339 1
1516 15176 1
2749 4179 1
249 6176 1
249 7369 1
249 12104 1
10093 10246 1
14289 12275 1
6580 8726 1
6580 10814 1
8989 6302 1
4002 12101 1
4002 14433 1
7759 12321 1
6313 6211 1
2526 6364 1
5129 3229 1
5680 6851 1
43 6657 1
43 7519 1
43 7546 1
43 7547 1
43 7627 1
43 7712 1
43 11937 1
43 12132 1
43 12181 1
43 12230 1
43 14312 1
43 14340 1
43 14404 1
43 14429 1
3488 2055 1
1123 8274 1
1123 11911 1
1123 15134 1
7465 11193 1
7465 11671 1
1729 336 1
3956 7584 1
3956 7673 1
3956 7679 1
3956 8636 1
3956 12974 1
3956 14307 1
3956 14398 1
1170 14532 1
1170 14558 1
1170 14609 1
1170 14711 1
1170 15023 1
1170 15044 1
1170 15068 1
1170 15074 1
1170 15115 1
833 2269 1
8373 6118 1
9756 14481 1
9756 14506 1
6944 4208 1
12299 12461 1
843 9113 1
843 11384 1
843 11930 1
843 13334 1
843 15380 1
843 15427 1
11392 7577 1
14793 14427 1
14793 14506 1
4786 8968 1
4786 9258 1
5035 12104 1
5035 12574 1
3321 4236 1
3465 9175 1
1244 5101 1
1244 6643 1
1244 7892 1
1244 12461 1
3965 12104 1
6735 7588 1
6735 12401 1
11329 7533 1
10767 10250 1
1361 7754 1
1361 8495 1
1361 8683 1
1361 10845 1
1361 11910 1
1361 12978 1
5039 12288 1
5039 12296 1
5039 12974 1
9289 12192 1
13083 10049 1
11829 12039 1
4177 6239 1
101 6133 1
101 6136 1
101 6140 1
101 6162 1
101 6246 1
101 6357 1
101 6659 1
101 7007 1
101 7369 1
101 7437 1
101 7461 1
101 7589 1
101 10110 1
101 11893 1
101 11956 1
101 11957 1
101 11994 1
101 12054 1
101 12059 1
101 12060 1
101 12075 1
101 12211 1
101 12212 1
101 12264 1
101 13119 1
101 13381 1
101 14324 1
101 14362 1
101 14395 1
101 14396 1
972 8114 1
972 9207 1
972 10158 1
972 10207 1
972 10621 1
972 10819 1
972 11002 1
972 11004 1
972 11395 1
972 12042 1
972 12133 1
972 12251 1
972 12515 1
972 13163 1
972 13305 1
972 15548 1
4567 8642 1
4567 10460 1
10700 11690 1
802 7622 1
802 11931 1
802 12101 1
802 14434 1
6036 11914 1
6036 14383 1
6036 14427 1
3197 7443 1
3439 12104 1
3439 12355 1
6198 6067 1
6198 6118 1
6198 6657 1
6198 7483 1
15028 12479 1
8717 14324 1
5029 7476 1
5029 7519 1
5029 11894 1
5029 14325 1
6640 12403 1
6640 14520 1
2969 4516 1
2969 4519 1
2969 12706 1
2969 12740 1
2969 13020 1
2863 7404 1
2863 11611 1
3663 7556 1
3663 8788 1
3663 11926 1
3663 12087 1
3663 12104 1
3663 14325 1
3663 14415 1
1881 9701 1
15276 14465 1
316 7584 1
316 10098 1
316 10295 1
316 11915 1
316 11918 1
316 11919 1
316 12014 1
316 12088 1
316 12104 1
316 13198 1
316 14427 1
316 14434 1
6134 6693 1
6134 12941 1
6134 13359 1
6134 15302 1
4365 12232 1
556 12313 1
556 12360 1
556 12382 1
556 12981 1
556 14903 1
690 8636 1
690 12104 1
14763 12230 1
4431 7892 1
5622 13516 1
2515 12441 1
2279 13384 1
2098 10076 1
2098 14273 1
2098 15436 1
2098 16078 1
10190 11311 1
7014 10336 1
7014 10687 1
7014 10956 1
7014 11167 1
998 12372 1
998 12420 1
998 15061 1
9861 6324 1
8181 14515 1
5609 12489 1
5069 8636 1
5069 8846 1
5069 14435 1
2971 10716 1
3047 10882 1
9296 14428 1
9296 14464 1
9145 12092 1
7440 12053 1
11834 12382 1
328 12002 1
328 12515 1
328 12681 1
328 13276 1
328 14600 1
11276 14486 1
11276 14523 1
406 6843 1
5653 11220 1
9767 6596 1
1458 7740 1
1458 7919 1
1458 12077 1
1458 12194 1
1458 12231 1
1458 12264 1
1458 12360 1
1458 13026 1
1458 13200 1
1458 14398 1
1458 14510 1
7189 6018 1
9547 11241 1
894 6158 1
894 6165 1
894 10117 1
10343 12515 1
11380 7711 1
5821 10051 1
4295 14464 1
4295 14513 1
11717 14427 1
534 14504 1
15587 13240 1
8678 10557 1
8678 14001 1
1450 9040 1
1450 9210 1
1450 9224 1
1450 9240 1
1450 9254 1
1450 9279 1
1450 9286 1
1450 9288 1
1450 9292 1
1450 9294 1
1450 9300 1
1450 9310 1
1450 9374 1
1450 10239 1
1450 10295 1
1450 10393 1
1450 10510 1
1450 10701 1
1450 10840 1
1450 11220 1
1450 11406 1
1450 11617 1
1450 11670 1
1450 11704 1
1450 12087 1
1450 12339 1
1450 13580 1
1450 13588 1
1450 13589 1
1450 13599 1
1450 13621 1
1450 13641 1
1450 13655 1
1450 13688 1
1450 13717 1
1450 13722 1
1450 13734 1
1450 13741 1
1450 15499 1
1450 15549 1
1450 15564 1
4268 12335 1
925 6671 1
925 7719 1
925 12210 1
1235 7331 1
343 7949 1
5502 8567 1
5502 13392 1
16097 13363 1
6692 12256 1
6106 4591 1
6106 12092 1
1383 11107 1
1383 11389 1
1383 11476 1
1383 12017 1
1383 12958 1
3671 7832 1
3671 8101 1
3671 10211 1
3671 10996 1
3671 11986 1
3671 11996 1
3671 12004 1
3671 12234 1
3671 12239 1
3671 12290 1
3671 12359 1
3671 12360 1
3671 12368 1
3671 12382 1
3671 12438 1
3671 12799 1
700 7422 1
700 7640 1
700 7815 1
700 8636 1
700 12974 1
700 13198 1
3889 7918 1
3889 8209 1
3889 11972 1
3889 11978 1
3889 12098 1
3889 12099 1
3889 12101 1
3889 12138 1
3889 12178 1
3889 12190 1
3889 12196 1
3889 12241 1
3889 12275 1
3889 12281 1
3889 12295 1
3889 12312 1
3889 12974 1
3889 13120 1
3889 14325 1
3889 14330 1
3889 14398 1
3889 14431 1
3889 14433 1
3889 14434 1
3889 14435 1
3889 14438 1
3889 14447 1
3889 14460 1
3889 14475 1
3889 14481 1
3889 14502 1
17334 15077 1
911 7584 1
911 7627 1
10220 10529 1
656 14396 1
399 7585 1
399 14325 1
399 14435 1
6763 6306 1
6763 12439 1
132 14415 1
3057 4127 1
3057 4166 1
3057 4206 1
3057 8600 1
2039 7163 1
10801 8964 1
2729 1233 1
10939 8202 1
4739 6612 1
8204 7422 1
13559 12861 1
8909 12087 1
8909 14430 1
982 7772 1
982 7870 1
982 8101 1
982 8301 1
982 12251 1
982 12291 1
982 12293 1
982 12312 1
11789 12236 1
11789 12236 1
11567 8250 1
8263 12074 1
5421 10983 1
5421 11007 1
4194 5102 1
4194 6700 1
4194 7666 1
4194 13036 1
797 3172 1
1352 9011 1
1352 9016 1
1352 9040 1
1352 9051 1
1352 9058 1
1352 9066 1
1352 9070 1
1352 9076 1
1352 9078 1
1352 9081 1
1352 9085 1
1352 9095 1
1352 9111 1
1352 9112 1
1352 9114 1
1352 9116 1
1352 9132 1
1352 9133 1
1352 9134 1
1352 9141 1
1352 9154 1
1352 9197 1
1352 9210 1
1352 9234 1
1352 9248 1
1352 9254 1
1352 9259 1
1352 9263 1
1352 9279 1
1352 9293 1
1352 9304 1
1352 9318 1
1352 9404 1
1352 11525 1
1352 12663 1
1352 13004 1
1352 13267 1
1352 13301 1
1352 13318 1
1352 13359 1
1352 13367 1
1352 13411 1
1352 13448 1
1352 13469 1
1352 13479 1
1352 13484 1
1352 13485 1
1352 13490 1
1352 13492 1
1352 13497 1
1352 13508 1
1352 13511 1
1352 13512 1
1352 13516 1
1352 13517 1
1352 13518 1
1352 13520 1
1352 13526 1
1352 13527 1
1352 13530 1
1352 13535 1
1352 13542 1
1352 13589 1
1352 13594 1
1352 13616 1
1352 13619 1
1352 13639 1
1352 13641 1
1352 13665 1
1352 13670 1
1352 13738 1
1352 13933 1
1352 13991 1
1352 15092 1
1352 15191 1
1352 15215 1
1352 15232 1
1352 15240 1
1352 15260 1
1352 15262 1
1352 15279 1
1352 15282 1
1352 15298 1
1352 15302 1
1352 15303 1
1352 15304 1
1352 15310 1
1352 15323 1
1352 15332 1
1352 15334 1
1352 15348 1
1352 15386 1
1352 15409 1
1352 15429 1
1352 15437 1
1352 15492 1
1352 15613 1
1352 15715 1
2901 5035 1
11334 8661 1
2326 14514 1
1325 11959 1
1325 12331 1
1325 13340 1
741 6158 1
12167 12404 1
5320 7949 1
5320 13196 1
14135 13262 1
681 6244 1
681 6247 1
681 6257 1
681 6265 1
681 6266 1
681 6270 1
681 6271 1
681 6282 1
681 6290 1
681 6295 1
681 6297 1
681 6308 1
681 6322 1
681 6419 1
681 6561 1
681 6654 1
681 6970 1
681 7378 1
681 7389 1
681 7403 1
681 7566 1
681 7679 1
681 7719 1
681 7773 1
681 7866 1
681 8301 1
681 8767 1
681 11925 1
681 12185 1
681 12322 1
681 12426 1
681 12453 1
681 12788 1
681 13153 1
681 14520 1
14125 11754 1
1971 7227 1
1971 7235 1
1971 9771 1
1971 9792 1
1971 14165 1
1971 14898 1
1971 16016 1
13435 11377 1
1299 7919 1
1299 8535 1
1299 12278 1
1299 12477 1
1299 14900 1
11440 14465 1
11903 12104 1
1167 10191 1
1167 10195 1
1167 10210 1
10203 10848 1
10203 13392 1
3917 2374 1
6964 6165 1
4430 6327 1
7624 7581 1
2450 7026 1
2450 7625 1
2450 7719 1
1284 13334 1
1284 14391 1
1284 14427 1
11772 8209 1
463 7406 1
463 7549 1
463 7556 1
463 13180 1
1505 11509 1
1505 11600 1
5975 13119 1
7245 7610 1
6544 12283 1
7138 7847 1
7138 12309 1
11470 7483 1
7929 12274 1
1212 8996 1
11659 14398 1
267 6048 1
267 6211 1
267 6364 1
267 6564 1
267 7549 1
267 7700 1
267 11969 1
267 12014 1
267 12104 1
267 12190 1
267 13198 1
12266 13142 1
10933 7773 1
6395 4179 1
3317 15449 1
12796 8979 1
5078 6238 1
1977 15723 1
1821 9260 1
1821 9263 1
1821 11705 1
1821 12833 1
1821 13591 1
1821 13926 1
1821 15262 1
1821 15421 1
1821 15620 1
7083 11112 1
7083 11424 1
7083 14172 1
13197 13991 1
6960 11422 1
9590 12330 1
6295 12219 1
3532 11173 1
3532 11585 1
13983 14518 1
9909 12869 1
7176 10249 1
9718 6580 1
9718 12251 1
6396 4522 1
3045 10501 1
3045 11447 1
3045 13533 1
3045 13559 1
3045 15115 1
9180 12515 1
7350 12441 1
9228 12015 1
9228 12099 1
9228 13198 1
754 9168 1
754 9263 1
6303 12144 1
414 6652 1
414 7007 1
414 7545 1
414 10100 1
414 14324 1
414 14330 1
414 14405 1
15018 14433 1
4836 8996 1
2356 7900 1
2356 8098 1
2356 8534 1
2356 8588 1
2356 10552 1
2127 9995 1
2127 10018 1
2127 14244 1
2127 14258 1
2127 14261 1
2127 14279 1
2127 14284 1
2127 16113 1
4353 12370 1
5911 13163 1
1117 4185 1
1739 6957 1
1739 7437 1
1739 9133 1
1739 10178 1
1739 10511 1
1739 10522 1
1739 13589 1
11961 7752 1
3458 8916 1
3458 8973 1
3458 13117 1
3458 13484 1
3458 15136 1
4800 10379 1
4800 11652 1
4800 12653 1
4800 13208 1
14610 14394 1
13129 10575 1
10059 14622 1
10059 14646 1
10059 14802 1
10059 14877 1
9940 12507 1
2222 3947 1
2222 5045 1
2222 5196 1
317 4159 1
317 6100 1
317 6179 1
317 6419 1
317 7500 1
317 7583 1
317 7673 1
317 8612 1
317 12089 1
317 12169 1
317 12255 1
317 12788 1
317 14427 1
317 14431 1
4715 12467 1
4715 12478 1
4715 13340 1
4900 8636 1
2246 10514 1
10167 7371 1
313 10100 1
313 10111 1
313 10112 1
3319 3207 1
3319 12644 1
2658 11900 1
8287 7547 1
8287 11919 1
12184 12036 1
12184 13730 1
14440 13484 1
9183 6446 1
16745 15597 1
16745 15859 1
2311 6166 1
2311 8661 1
15540 12362 1
668 14434 1
11062 8535 1
1436 7698 1
1436 12099 1
1436 12192 1
1436 12217 1
1436 12291 1
1436 12295 1
1436 12312 1
1436 12328 1
1436 12631 1
1436 12788 1
1436 13238 1
1436 14362 1
1436 14460 1
1436 14547 1
14421 13240 1
10794 11070 1
2568 14145 1
13135 9720 1
13135 9757 1
7592 5078 1
7592 5079 1
9496 12341 1
1840 12280 1
1840 12296 1
1840 12489 1
1840 12851 1
1840 13585 1
1840 13641 1
1840 13769 1
1840 13922 1
5079 4561 1
5079 6238 1
5079 7666 1
5079 7722 1
5079 11958 1
199 7133 1
199 7139 1
199 7142 1
199 7153 1
199 7160 1
199 7163 1
199 7166 1
199 7174 1
199 7175 1
199 7186 1
199 7190 1
199 7193 1
199 7199 1
199 7201 1
199 7209 1
199 7242 1
199 7243 1
199 7260 1
199 7264 1
199 7265 1
199 7269 1
199 7282 1
199 7307 1
199 7312 1
199 7335 1
199 7343 1
199 7344 1
199 7347 1
199 7376 1
199 7385 1
199 7386 1
199 7389 1
199 7391 1
199 7403 1
199 7424 1
199 7432 1
199 7434 1
199 7478 1
199 7480 1
199 7482 1
199 7489 1
199 7491 1
199 7492 1
199 7497 1
199 7501 1
199 7533 1
199 7537 1
199 7550 1
199 7560 1
199 7561 1
199 7573 1
199 7579 1
199 7611 1
199 7615 1
199 7617 1
199 7621 1
199 7625 1
199 7626 1
199 7629 1
199 7633 1
199 7644 1
199 7660 1
199 7666 1
199 7667 1
199 7669 1
199 7679 1
199 7692 1
199 7701 1
199 7712 1
199 7721 1
199 7737 1
199 7773 1
199 7791 1
199 7806 1
199 7809 1
199 7821 1
199 7830 1
199 7903 1
199 7912 1
199 7919 1
199 7922 1
199 7940 1
199 7950 1
199 7962 1
199 7970 1
199 7995 1
199 8052 1
199 8079 1
199 8114 1
199 8130 1
199 8199 1
199 8203 1
199 8224 1
199 8232 1
199 8248 1
199 8357 1
199 8379 1
199 8380 1
199 8416 1
199 8419 1
199 8441 1
199 8443 1
199 8461 1
199 8494 1
199 8527 1
199 8535 1
199 8567 1
199 8569 1
199 8575 1
199 8580 1
199 8590 1
199 8646 1
199 8653 1
199 8661 1
199 8694 1
199 8704 1
199 8710 1
199 8717 1
199 8733 1
199 8743 1
199 8772 1
199 8800 1
199 8804 1
199 8829 1
199 8850 1
199 8890 1
199 8904 1
199 8908 1
199 8910 1
199 8955 1
199 8969 1
199 8979 1
199 9000 1
199 9021 1
199 9032 1
199 9033 1
199 9049 1
199 9064 1
199 9085 1
199 9091 1
199 9095 1
199 9103 1
199 9109 1
199 9130 1
199 9132 1
199 9135 1
199 9141 1
199 9144 1
199 9151 1
199 9207 1
199 9210 1
199 9234 1
199 9236 1
199 9251 1
199 9255 1
199 9263 1
199 9266 1
199 9279 1
199 9282 1
199 9292 1
199 9297 1
199 9310 1
199 9320 1
199 9337 1
199 9360 1
199 9370 1
199 9371 1
199 9374 1
199 9397 1
199 9499 1
199 9540 1
199 9574 1
199 9652 1
199 9655 1
199 9670 1
199 9701 1
199 9714 1
199 9733 1
199 9748 1
199 9778 1
199 9782 1
199 9785 1
199 10048 1
199 10609 1
199 10689 1
199 10723 1
199 10810 1
199 10859 1
199 10992 1
199 11147 1
199 11279 1
199 11287 1
199 11338 1
199 11340 1
199 11388 1
199 11596 1
199 11599 1
199 11610 1
199 11681 1
199 11905 1
199 11907 1
199 11908 1
199 11911 1
199 11922 1
199 11923 1
199 11925 1
199 11937 1
199 11938 1
199 11957 1
199 11959 1
199 11960 1
199 11962 1
199 11973 1
199 11993 1
199 11994 1
199 11999 1
199 12018 1
199 12047 1
199 12059 1
199 12063 1
199 12092 1
199 12097 1
199 12103 1
199 12118 1
199 12145 1
199 12154 1
199 12173 1
199 12187 1
199 12195 1
199 12231 1
199 12235 1
199 12244 1
199 12283 1
199 12317 1
199 12331 1
199 12356 1
199 12368 1
199 12416 1
199 12424 1
199 12453 1
199 12471 1
199 12499 1
199 12520 1
199 12526 1
199 12570 1
199 12574 1
199 12651 1
199 12715 1
199 12740 1
199 12774 1
199 12788 1
199 12815 1
199 12845 1
199 12917 1
199 12938 1
199 12974 1
199 13001 1
199 13040 1
199 13041 1
199 13053 1
199 13058 1
199 13091 1
199 13096 1
199 13148 1
199 13163 1
199 13180 1
199 13188 1
199 13230 1
199 13240 1
199 13249 1
199 13276 1
199 13290 1
199 13302 1
199 13334 1
199 13359 1
199 13380 1
199 13391 1
199 13398 1
199 13399 1
199 13442 1
199 13480 1
199 13486 1
199 13497 1
199 13506 1
199 13512 1
199 13516 1
199 13522 1
199 13527 1
199 13530 1
199 13550 1
199 13551 1
199 13570 1
199 13589 1
199 13591 1
199 13621 1
199 13639 1
199 13645 1
199 13648 1
199 13652 1
199 13654 1
199 13666 1
199 13685 1
199 13691 1
199 13702 1
199 13709 1
199 13722 1
199 13738 1
199 13744 1
199 13745 1
199 13806 1
199 13829 1
199 13859 1
199 13882 1
199 13883 1
199 13922 1
199 13929 1
199 13960 1
199 13963 1
199 14222 1
199 14336 1
199 14349 1
199 14362 1
199 14397 1
199 14403 1
199 14443 1
199 14446 1
199 14593 1
199 14634 1
199 14734 1
199 14898 1
199 14942 1
199 15024 1
199 15052 1
199 15087 1
199 15088 1
199 15111 1
199 15211 1
199 15259 1
199 15282 1
199 15304 1
199 15331 1
199 15335 1
199 15358 1
199 15376 1
199 15487 1
199 15494 1
199 15511 1
199 15590 1
199 15690 1
199 15715 1
199 15764 1
199 15835 1
199 15857 1
199 15880 1
199 15915 1
199 16049 1
723 6564 1
4618 9161 1
9741 7892 1
10427 15620 1
29 14345 1
8510 12094 1
8510 12104 1
3878 12015 1
3878 12039 1
3878 12043 1
3878 12085 1
3878 12154 1
3878 14398 1
3245 7846 1
3245 7853 1
3245 7862 1
3245 8118 1
3245 8621 1
3245 8885 1
3245 12128 1
3245 12307 1
3245 12325 1
3245 12335 1
3245 12425 1
3245 12429 1
3245 12439 1
3245 12467 1
380 6282 1
380 6700 1
380 7679 1
380 12192 1
6789 11467 1
6789 11725 1
6789 12461 1
6789 12869 1
6369 8636 1
10549 13226 1
14339 12331 1
5485 3541 1
1068 13583 1
1068 13585 1
1068 15198 1
1068 15409 1
2409 12690 1
7565 5001 1
11767 12133 1
11767 13119 1
14878 12088 1
12141 14383 1
12141 14395 1
12141 14435 1
14695 14427 1
8716 12133 1
11763 12104 1
3982 14415 1
7191 12461 1
1054 6264 1
4496 8800 1
4496 14403 1
4496 14554 1
4496 15057 1
4496 15080 1
4496 15163 1
6116 6165 1
6116 7583 1
6116 14324 1
5314 11998 1
48 11925 1
13593 11444 1
10364 10990 1
14102 11252 1
13244 14210 1
12366 12453 1
5812 9459 1
880 6657 1
6415 11983 1
1039 6699 1
1039 12024 1
1039 12296 1
6176 12077 1
3957 7815 1
3957 8934 1
3957 12974 1
2988 3526 1
7764 8512 1
7764 14507 1
12878 15030 1
4476 12296 1
11065 8710 1
7733 12654 1
7733 13192 1
840 7832 1
840 12360 1
10598 6857 1
5269 7722 1
5269 7769 1
5269 12099 1
5269 12241 1
5269 12308 1
5269 12312 1
7615 7814 1
13964 11536 1
10393 7706 1
2309 7660 1
2309 7685 1
2309 8467 1
2309 11917 1
2309 11968 1
2309 12000 1
2309 12145 1
2309 12156 1
2309 12917 1
1149 12043 1
7398 14479 1
1925 7000 1
1925 10575 1
3775 7378 1
3775 7584 1
3775 11994 1
26 7496 1
26 7507 1
26 7511 1
26 7514 1
26 7519 1
26 7558 1
26 7566 1
26 7582 1
26 7583 1
26 7584 1
26 7587 1
26 7589 1
26 7591 1
26 7643 1
26 7674 1
26 7679 1
26 7714 1
26 7723 1
26 7739 1
26 7742 1
26 7745 1
26 7749 1
26 7752 1
26 7763 1
26 7766 1
26 7773 1
26 7815 1
26 8552 1
26 8732 1
26 10745 1
26 11298 1
26 11914 1
26 11920 1
26 11921 1
26 11924 1
26 11959 1
26 11967 1
26 11970 1
26 11971 1
26 11972 1
26 11975 1
26 11985 1
26 11986 1
26 11993 1
26 11999 1
26 12009 1
26 12011 1
26 12013 1
26 12014 1
26 12020 1
26 12055 1
26 12095 1
26 12095 1
26 12097 1
26 12101 1
26 12102 1
26 12122 1
26 12135 1
26 12137 1
26 12138 1
26 12154 1
26 12155 1
26 12161 1
26 12169 1
26 12190 1
26 12191 1
26 12195 1
26 12205 1
26 12215 1
26 12216 1
26 12221 1
26 12230 1
26 12231 1
26 12235 1
26 12236 1
26 12267 1
26 12287 1
26 12288 1
26 12296 1
26 12515 1
26 12917 1
26 13106 1
26 13147 1
26 13192 1
26 13198 1
26 13238 1
26 13381 1
26 14307 1
26 14311 1
26 14314 1
26 14318 1
26 14320 1
26 14321 1
26 14322 1
26 14323 1
26 14324 1
26 14325 1
26 14336 1
26 14339 1
26 14343 1
26 14349 1
26 14353 1
26 14354 1
26 14355 1
26 14356 1
26 14357 1
26 14360 1
26 14364 1
26 14370 1
26 14378 1
26 14379 1
26 14383 1
26 14397 1
26 14398 1
26 14399 1
26 14404 1
26 14407 1
26 14414 1
26 14426 1
26 14427 1
26 14428 1
26 14428 1
26 14429 1
26 14431 1
26 14433 1
26 14434 1
26 14435 1
26 14435 1
26 14441 1
26 14446 1
26 14447 1
26 14447 1
26 14449 1
26 14451 1
26 14452 1
26 14453 1
26 14454 1
26 14460 1
26 14464 1
26 14467 1
26 14468 1
26 14469 1
26 14476 1
26 14476 1
26 14478 1
26 14479 1
26 14486 1
26 14487 1
26 14494 1
26 14498 1
26 14499 1
26 14502 1
26 14529 1
15869 13334 1
12160 7900 1
213 7588 1
213 11975 1
213 14325 1
6423 7095 1
6423 7679 1
5230 11624 1
4284 14505 1
6072 12935 1
6173 6173 1
42 11975 1
4367 7094 1
2631 7425 1
11372 14325 1
11372 14427 1
10430 11059 1
3437 12325 1
84 2277 1
2401 12364 1
10044 8584 1
146 10247 1
146 10248 1
146 10249 1
146 10252 1
146 10253 1
146 10263 1
146 10319 1
146 10349 1
146 10350 1
146 10381 1
146 10388 1
146 10393 1
146 10416 1
146 10426 1
146 10476 1
146 10484 1
146 10514 1
146 10577 1
146 11050 1
146 11053 1
146 11071 1
146 11165 1
146 11173 1
146 11188 1
146 11495 1
146 11585 1
146 11637 1
146 11668 1
146 11914 1
146 11999 1
146 12017 1
146 12102 1
146 12136 1
146 12140 1
146 12192 1
146 12199 1
146 12252 1
146 12331 1
146 12347 1
146 12586 1
146 12917 1
146 12958 1
146 13028 1
146 13163 1
146 13391 1
146 13465 1
146 13580 1
146 14397 1
146 14403 1
146 14423 1
146 14441 1
146 14692 1
146 15061 1
146 15112 1
146 15376 1
