6515 6805 1
4166 12386 1
1747 13569 1
4541 8254 1
16948 14427 1
4969 6096 1
4969 6246 1
4969 11967 1
4653 8132 1
4653 10186 1
856 12788 1
856 12859 1
856 12880 1
856 12904 1
856 13020 1
856 13147 1
856 13305 1
856 13316 1
856 13384 1
856 13410 1
856 13428 1
856 13707 1
856 14478 1
856 14518 1
856 14532 1
856 14615 1
856 14752 1
856 14760 1
856 14800 1
856 14856 1
856 14874 1
856 14881 1
856 14895 1
856 14897 1
856 14944 1
856 15051 1
856 15059 1
856 15112 1
856 15213 1
856 15312 1
856 15335 1
856 15385 1
856 15386 1
856 15390 1
856 15499 1
856 15530 1
856 15650 1
856 15992 1
5884 4136 1
5884 4181 1
5884 4591 1
2594 8232 1
2594 8392 1
2594 8663 1
2594 14487 1
12916 9254 1
10206 13248 1
1595 12365 1
1595 13067 1
1595 15080 1
15097 14398 1
3567 11075 1
3567 11617 1
3567 12226 1
4196 10672 1
4196 11019 1
4196 12647 1
4196 13208 1
4196 13226 1
4196 13378 1
4196 15042 1
4196 15044 1
12091 12441 1
10111 14609 1
5418 6839 1
15429 12696 1
4477 6159 1
10973 13697 1
3031 11082 1
3031 14898 1
3031 14901 1
8 6155 1
8 6727 1
8 6789 1
8 7481 1
8 7550 1
8 7554 1
8 7556 1
8 7583 1
8 8529 1
8 12032 1
8 14324 1
7342 15232 1
13706 13076 1
3265 4679 1
3265 10580 1
461 7422 1
461 7441 1
461 7588 1
461 7622 1
461 7623 1
461 11919 1
461 11920 1
461 13198 1
5872 10445 1
9993 6840 1
9993 6851 1
330 6290 1
330 6313 1
330 6321 1
330 6322 1
330 6330 1
330 6381 1
330 6512 1
330 6732 1
330 6761 1
330 6819 1
330 6850 1
330 7561 1
330 7863 1
330 7948 1
330 8612 1
330 8666 1
330 11895 1
330 12471 1
330 13398 1
2600 12101 1
2600 14434 1
3901 11985 1
3901 12077 1
3901 12230 1
3298 8024 1
13916 11263 1
5179 10774 1
5179 11958 1
5179 12467 1
6393 10327 1
6393 10580 1
922 4156 1
922 6240 1
4195 14500 1
4195 14505 1
10297 13119 1
7562 11624 1
7562 11797 1
7562 11986 1
7562 12006 1
7562 12007 1
7562 12296 1
7562 12621 1
7562 13071 1
7562 13381 1
7562 13411 1
7562 13764 1
7562 14427 1
7562 14506 1
7562 15044 1
14700 14427 1
10529 7669 1
10529 14325 1
15374 14532 1
5926 12088 1
1949 1279 1
550 8400 1
6493 13119 1
6493 13230 1
6300 7371 1
12144 10988 1
12144 12006 1
15543 12974 1
388 7589 1
388 7645 1
388 10146 1
388 11320 1
388 11917 1
388 12133 1
388 14426 1
1738 13192 1
1738 13518 1
1738 14561 1
1738 15408 1
10384 12251 1
694 14447 1
6092 12641 1
4983 11978 1
4983 12097 1
4983 12100 1
4983 13041 1
9451 7801 1
9451 14500 1
12088 7863 1
928 2216 1
2917 6308 1
2917 14446 1
8242 7547 1
1734 11254 1
1734 11469 1
1734 11975 1
3916 6657 1
3916 12077 1
3916 12230 1
14275 12561 1
10734 12199 1
10734 13240 1
4620 12416 1
4620 13392 1
2146 6080 1
2146 6113 1
2146 6144 1
2146 6155 1
2146 6178 1
2146 7518 1
2146 7550 1
2146 10101 1
2146 11923 1
2146 12402 1
2146 14349 1
12661 11168 1
4153 13604 1
4153 13697 1
4153 13789 1
4153 15399 1
4153 15408 1
4153 15499 1
4153 15509 1
697 7712 1
697 8209 1
697 8585 1
697 8800 1
697 10298 1
697 12154 1
697 13374 1
697 14542 1
697 14734 1
697 15305 1
5246 12006 1
4121 2365 1
14578 12436 1
5140 13198 1
4374 4108 1
6533 13583 1
9108 6199 1
15856 14537 1
10649 7719 1
12981 10236 1
6903 7892 1
11390 12043 1
11390 14398 1
3614 7422 1
3614 7507 1
3614 11990 1
3614 12104 1
3614 12118 1
3614 12436 1
6532 6500 1
11858 12020 1
11858 12296 1
11858 14481 1
2383 7533 1
2383 7838 1
2383 7950 1
2383 7982 1
2383 8221 1
2383 8580 1
2383 8692 1
2383 8710 1
2383 9210 1
2383 9782 1
2383 9926 1
2383 9935 1
2383 12187 1
2383 12262 1
2383 13527 1
2383 13580 1
2383 15061 1
2383 15114 1
2383 15304 1
2383 15900 1
4972 13119 1
11289 11383 1
13401 11648 1
7367 13348 1
7367 13384 1
7367 15168 1
15738 12919 1
8630 12426 1
1669 6970 1
1669 15234 1
4954 10476 1
12637 12461 1
2593 8256 1
2593 8906 1
2593 8910 1
2593 12681 1
2593 13340 1
3872 8209 1
3872 8636 1
3872 11985 1
3872 12032 1
3872 14349 1
6689 6271 1
6689 12059 1
7632 6446 1
13856 14584 1
6538 11977 1
6538 11995 1
6538 12102 1
6933 7760 1
5529 10229 1
5529 10374 1
5529 10803 1
5529 10814 1
5529 10846 1
5529 10869 1
5529 10892 1
5529 10955 1
5529 11090 1
5529 11105 1
5529 11266 1
5529 14324 1
5529 14692 1
1711 6322 1
13681 13147 1
2245 6418 1
3951 10312 1
3951 12071 1
3951 12095 1
3951 12104 1
11693 11250 1
9462 10151 1
877 5082 1
877 6657 1
7091 10295 1
4742 7536 1
4742 12105 1
4742 13381 1
4742 14398 1
3620 6056 1
3620 6282 1
4271 6864 1
5716 8967 1
5716 13334 1
6951 12288 1
6951 12341 1
6951 12388 1
6951 12426 1
6951 12712 1
6951 12740 1
9396 12241 1
9396 12363 1
9396 12368 1
9396 12389 1
992 12055 1
4592 12076 1
4752 6987 1
4752 9076 1
635 2266 1
7172 12478 1
7172 13032 1
7172 13346 1
4198 6537 1
4198 6668 1
4198 8190 1
4198 11284 1
4198 14462 1
8190 11998 1
2468 13008 1
12277 10723 1
12277 12382 1
5469 6839 1
13691 14291 1
1637 6151 1
1637 6166 1
1637 7995 1
1637 12205 1
1637 12288 1
1637 14307 1
15545 13030 1
15545 13240 1
15545 13245 1
621 12100 1
621 12138 1
621 12169 1
3082 3513 1
9501 7892 1
937 82 1
4678 8979 1
4678 10295 1
4678 13462 1
4678 15332 1
6019 12090 1
10075 9207 1
6715 13248 1
1758 8995 1
4061 12138 1
11301 12104 1
17113 14447 1
976 6218 1
976 12277 1
5353 3645 1
5353 3680 1
1417 15824 1
4614 10226 1
9792 12382 1
4492 6246 1
4492 10457 1
4258 6987 1
4258 7583 1
4258 11102 1
4258 13530 1
4258 14554 1
4258 15162 1
4258 15388 1
6517 6637 1
6517 7331 1
294 8704 1
294 12101 1
294 12315 1
294 14506 1
294 14513 1
2603 13198 1
3600 7737 1
3600 8492 1
9418 7387 1
3396 10736 1
3396 11071 1
3396 12672 1
13195 15552 1
11618 12367 1
11618 14427 1
11618 14427 1
8046 9263 1
1851 7125 1
2048 4594 1
11570 14920 1
2116 7067 1
4221 12499 1
4221 14343 1
4221 14498 1
6672 10119 1
6672 12256 1
7955 8429 1
10175 12087 1
13355 10205 1
13355 11173 1
13355 11495 1
13355 12105 1
13355 13381 1
8760 12104 1
2193 14325 1
12862 13591 1
12862 13680 1
12862 15302 1
12862 15376 1
6147 14431 1
3980 10101 1
13127 12251 1
5215 12241 1
5215 12241 1
8002 13003 1
14019 11659 1
11338 7429 1
2546 8128 1
2546 8471 1
15656 14537 1
3115 14901 1
2123 9335 1
2123 9753 1
2123 9819 1
2123 9882 1
2123 9990 1
2123 10011 1
2123 10043 1
2123 10049 1
2123 10054 1
2123 10058 1
2123 10061 1
2123 10871 1
2123 11778 1
2123 14258 1
2123 14488 1
2123 14558 1
2123 14735 1
2123 15429 1
2123 16078 1
4642 4427 1
7135 6732 1
16958 14446 1
1296 6700 1
1296 7919 1
1296 7933 1
1296 7950 1
1296 8708 1
1296 12466 1
1296 12478 1
2085 8527 1
2085 8850 1
2085 10270 1
2085 14005 1
2085 14166 1
2085 15080 1
2085 15584 1
2085 15980 1
4971 7633 1
4971 10176 1
4971 12018 1
4971 12129 1
13970 14654 1
6915 12370 1
33 7643 1
33 10101 1
33 12032 1
33 12101 1
33 12102 1
33 12161 1
33 13053 1
33 13053 1
33 13198 1
33 14448 1
16950 14333 1
143 6246 1
143 7631 1
143 12032 1
3411 14558 1
7878 5476 1
6568 12426 1
8336 14427 1
3660 7840 1
3660 12046 1
823 6218 1
823 6238 1
823 7095 1
823 12104 1
823 14465 1
823 14487 1
5327 4302 1
5327 7957 1
5327 12382 1
7961 12325 1
3700 6195 1
3700 7627 1
3700 8301 1
3700 11937 1
13784 12680 1
13805 11127 1
6305 4176 1
6305 4178 1
6628 7807 1
6628 8904 1
6628 13411 1
9187 14335 1
9187 14383 1
346 12008 1
346 12104 1
346 12569 1
4594 14920 1
15140 14328 1
14589 14434 1
13373 12416 1
4349 6443 1
4349 6699 1
6776 12100 1
5474 15127 1
2714 7757 1
2714 8101 1
2714 10151 1
2714 12274 1
665 6195 1
665 8301 1
665 11985 1
665 11997 1
665 12788 1
665 13120 1
665 14415 1
5503 15435 1
869 7577 1
869 10122 1
869 11978 1
3263 1939 1
3263 1977 1
8227 8301 1
10330 10956 1
10330 14944 1
7550 13527 1
7550 14005 1
5858 8857 1
4186 7461 1
4186 12099 1
6234 14390 1
4569 15692 1
5630 8599 1
10396 7739 1
8495 7815 1
8495 14427 1
6947 6302 1
1241 8492 1
1241 8559 1
1241 8585 1
1241 10151 1
1241 11907 1
1241 12078 1
1241 12301 1
1241 12401 1
1241 12416 1
1241 12439 1
1241 13003 1
1241 13290 1
1241 14554 1
2149 1307 1
8253 12015 1
8253 13198 1
2421 7545 1
2421 11938 1
2421 12515 1
1216 9207 1
1216 13011 1
1216 13493 1
1216 13527 1
1216 15334 1
505 6238 1
14844 12169 1
10952 13655 1
10952 14434 1
170 6119 1
170 6239 1
170 7369 1
170 7377 1
170 7377 1
170 7422 1
170 7422 1
170 7507 1
170 7650 1
170 10151 1
170 11919 1
170 11919 1
170 11926 1
170 12100 1
170 12104 1
170 12974 1
2731 6600 1
12089 14426 1
2224 730 1
2224 10205 1
9129 6490 1
11302 12104 1
2549 15077 1
14655 13354 1
4546 12920 1
4546 13341 1
4546 13366 1
2523 11371 1
11436 8920 1
12399 8704 1
486 6195 1
486 6818 1
486 7377 1
486 7623 1
486 8636 1
486 8774 1
486 11915 1
486 14312 1
486 14325 1
486 14365 1
486 14366 1
486 14435 1
4784 13562 1
4784 13898 1
4784 15511 1
4784 15613 1
8515 14427 1
14159 11200 1
15475 14505 1
3002 7549 1
5237 14434 1
5586 13136 1
7080 8877 1
7080 12186 1
7080 12663 1
7080 13522 1
7080 13527 1
7080 13535 1
7080 15445 1
5916 4184 1
6587 6317 1
342 7094 1
4368 2356 1
142 7869 1
13930 10989 1
12577 12459 1
4911 7544 1
412 14360 1
412 14364 1
412 14385 1
412 14386 1
412 14388 1
412 14395 1
412 14399 1
412 14400 1
412 14401 1
412 14403 1
412 14412 1
412 14430 1
412 14519 1
412 14659 1
7119 12084 1
1826 8366 1
1826 8651 1
1826 9207 1
1826 9251 1
1826 9495 1
1826 9601 1
1826 11690 1
1826 12217 1
1826 12361 1
1826 12426 1
1826 12996 1
1826 13140 1
1826 13222 1
1826 13302 1
1826 13484 1
1826 13516 1
1826 13530 1
1826 13619 1
1826 13621 1
1826 13641 1
1826 13760 1
861 9233 1
861 9259 1
861 9279 1
861 9310 1
861 9391 1
861 11329 1
861 11348 1
861 11442 1
861 11616 1
861 11670 1
861 11682 1
861 11760 1
861 11870 1
861 12705 1
861 13200 1
861 13321 1
861 13479 1
861 13641 1
861 13697 1
861 14001 1
861 14261 1
861 14269 1
861 15702 1
861 15898 1
14266 12656 1
1131 6281 1
1131 6405 1
1131 7714 1
1131 7739 1
1131 7745 1
1131 12077 1
1131 12087 1
1131 12101 1
1131 12104 1
1131 12341 1
1131 12974 1
1131 14426 1
15304 12506 1
1467 13053 1
9711 6306 1
7124 4492 1
17496 15279 1
3397 13201 1
3397 13231 1
8101 7422 1
8101 8301 1
8101 12033 1
13128 13031 1
4131 11985 1
4131 12074 1
895 6240 1
258 12100 1
258 12137 1
258 12138 1
258 12574 1
258 12974 1
258 13198 1
9709 14537 1
7893 5345 1
4433 7919 1
4433 14455 1
7496 4841 1
10863 12043 1
11417 7601 1
13040 15435 1
9379 14323 1
5451 12514 1
4590 11614 1
4590 11956 1
4590 12022 1
4590 12100 1
4590 12128 1
4590 12148 1
4590 12241 1
4590 12315 1
4590 12325 1
4590 12356 1
4590 12363 1
4590 12951 1
4590 13221 1
4590 13245 1
4590 13340 1
3204 14310 1
3161 4867 1
3161 10345 1
3161 11670 1
3161 13607 1
3161 13666 1
10895 13654 1
9223 12274 1
5537 7482 1
5537 7554 1
5537 12078 1
543 6564 1
543 12280 1
4160 11918 1
4160 11919 1
4160 12095 1
4160 14432 1
4160 14460 1
2597 1176 1
46 6564 1
4543 12449 1
4543 13189 1
12377 12553 1
4200 10180 1
4200 11935 1
4200 12240 1
4200 12356 1
2915 12103 1
2915 12339 1
9365 6239 1
8173 12104 1
2604 1176 1
13192 11766 1
5007 6186 1
5007 7879 1
11249 7362 1
4366 6700 1
5070 12074 1
5070 12077 1
12595 8790 1
1919 13346 1
1919 14148 1
1919 14166 1
1682 11277 1
1682 11614 1
1682 11635 1
1682 11641 1
1682 11675 1
1682 11870 1
1682 14588 1
1682 14621 1
1682 15385 1
1682 15496 1
9650 6290 1
10854 11244 1
10854 11378 1
10854 11490 1
10854 11492 1
1381 14802 1
2315 7258 1
2315 7830 1
2315 7912 1
2315 8203 1
2315 11262 1
2315 15571 1
2960 6532 1
10280 8905 1
2903 11844 1
5697 11364 1
5697 13221 1
5697 13302 1
14006 12553 1
11998 14479 1
11998 15309 1
8066 5793 1
6388 10988 1
10879 11681 1
10879 12138 1
10879 12479 1
8777 14435 1
4346 7520 1
4346 13003 1
8708 6158 1
5887 14397 1
3721 6195 1
3721 14433 1
2051 6943 1
15584 12441 1
1515 8800 1
1515 14592 1
4276 12403 1
4276 12514 1
4276 14528 1
10443 12479 1
2207 6476 1
2207 6629 1
3864 8732 1
3173 12974 1
2977 1593 1
9677 12416 1
4955 4100 1
11476 12114 1
9732 12382 1
547 7774 1
6344 12192 1
6344 12974 1
6344 13120 1
13643 10866 1
13643 11170 1
13643 14821 1
3701 7814 1
3701 14500 1
2856 8301 1
8138 6158 1
8138 11983 1
13301 11104 1
13301 11220 1
13301 11420 1
13301 11422 1
13301 11639 1
4269 12372 1
4269 12372 1
11752 13198 1
8729 6119 1
135 6118 1
135 6158 1
135 6160 1
135 6183 1
135 6195 1
135 6238 1
135 6370 1
135 6671 1
135 7095 1
135 7387 1
135 7422 1
135 7583 1
135 7584 1
135 7646 1
135 7700 1
135 7714 1
135 7757 1
135 8101 1
135 8209 1
135 8301 1
135 8636 1
135 8661 1
135 11320 1
135 11977 1
135 11983 1
135 11985 1
135 12032 1
135 12077 1
135 12104 1
135 12127 1
135 12130 1
135 12227 1
135 12241 1
135 12436 1
135 12515 1
135 12788 1
135 13151 1
135 13198 1
135 14415 1
135 14453 1
11786 10312 1
2808 2365 1
1767 9130 1
1767 9271 1
1767 9293 1
1767 9757 1
1767 13008 1
1767 13140 1
1767 13162 1
1767 13200 1
1767 13398 1
1767 13492 1
1767 13513 1
1767 14269 1
1767 14554 1
1767 15304 1
611 6026 1
11655 11994 1
11655 14428 1
9657 6616 1
1069 13200 1
1069 13497 1
1069 14160 1
1069 15215 1
1069 15496 1
14833 12100 1
1768 13663 1
1768 14166 1
1768 14468 1
1768 14553 1
1768 15074 1
1768 15355 1
1768 15360 1
1768 15514 1
1768 15519 1
1768 15590 1
1768 15611 1
1768 15613 1
1768 15616 1
1768 15621 1
1768 15629 1
1768 15632 1
1768 15640 1
1768 15651 1
1768 15687 1
1768 15714 1
1768 15885 1
1768 15892 1
1768 15940 1
476 8492 1
476 8636 1
476 8663 1
476 8934 1
476 12005 1
476 12104 1
476 12129 1
476 12181 1
476 12241 1
476 12251 1
476 12960 1
476 12974 1
12256 11935 1
11323 14446 1
2760 10173 1
6467 11919 1
6467 13359 1
2089 9180 1
2089 9758 1
2089 11777 1
2089 14062 1
2089 14166 1
2089 15843 1
12324 12486 1
1560 4819 1
1560 5093 1
1560 5525 1
1560 6314 1
1560 6967 1
1560 12781 1
1560 13163 1
10436 12100 1
10744 16049 1
3187 7673 1
2721 11899 1
2721 13523 1
10943 7026 1
12493 9174 1
4662 4126 1
483 6046 1
483 6047 1
14951 13198 1
15903 13199 1
6037 6239 1
6037 6850 1
6037 7387 1
6037 7533 1
6037 12077 1
11978 12063 1
11978 12079 1
11978 13384 1
6750 4502 1
8415 14427 1
4274 6700 1
4274 7491 1
4274 7660 1
4274 7808 1
4274 8885 1
4274 10181 1
4274 14515 1
5096 12339 1
6794 13192 1
6794 14457 1
6794 14499 1
6794 14500 1
1944 4631 1
9555 12792 1
9555 13197 1
7269 11472 1
13892 10823 1
2719 10224 1
2719 11950 1
2719 11953 1
855 8826 1
15087 12133 1
6807 12673 1
3770 7422 1
3770 11983 1
3770 14433 1
3540 6920 1
628 6158 1
628 6165 1
628 6173 1
628 6446 1
628 7588 1
628 7627 1
628 11983 1
628 14324 1
7841 13254 1
7841 13418 1
5479 13189 1
1395 7422 1
1395 7505 1
5153 8142 1
7432 11918 1
5670 6805 1
5670 7479 1
5670 7832 1
5670 12059 1
2684 6805 1
2684 7772 1
6004 8726 1
6004 10312 1
6004 11919 1
6004 12088 1
6004 13179 1
1034 8973 1
1034 9081 1
1034 9318 1
1034 12341 1
1034 12362 1
1034 12384 1
1034 12466 1
1034 13315 1
1034 14465 1
1034 14498 1
1034 14505 1
1034 14510 1
1034 14554 1
1589 4206 1
14766 12241 1
525 11925 1
1217 6957 1
1217 7437 1
1217 7659 1
1217 10506 1
72 7588 1
72 12274 1
72 13180 1
72 14373 1
72 14429 1
2747 8248 1
2747 8377 1
2747 8397 1
2747 14479 1
2747 15681 1
16090 13785 1
3790 2309 1
3790 14529 1
14133 11193 1
14581 14427 1
5881 11059 1
3955 7583 1
3955 7815 1
3955 14325 1
3955 14383 1
7818 10139 1
7818 14403 1
7244 11122 1
7244 11149 1
10371 7387 1
6858 4206 1
6012 6118 1
1454 8101 1
1454 12371 1
1454 14965 1
16852 14147 1
2101 8232 1
2101 9050 1
2101 9240 1
2101 9585 1
2101 9619 1
2101 10030 1
2101 10048 1
2101 11303 1
2101 11670 1
2101 11748 1
2101 12102 1
2101 13855 1
2101 14166 1
2101 14287 1
2101 15620 1
2101 15767 1
376 2245 1
10730 14349 1
10730 14427 1
7261 4624 1
7720 6320 1
7720 12487 1
12563 12102 1
104 9210 1
104 10116 1
104 10965 1
104 11033 1
104 11060 1
104 11064 1
104 11179 1
104 11185 1
104 14425 1
5631 4652 1
5631 6238 1
13558 10337 1
13558 10397 1
9755 14528 1
3885 7584 1
3885 11648 1
3885 12019 1
3885 13119 1
3885 14325 1
3885 14404 1
3046 13113 1
5202 3405 1
12096 7846 1
3780 10295 1
3780 11959 1
2870 6839 1
2870 11648 1
2870 12607 1
2870 13389 1
7803 6745 1
5304 8428 1
1546 4166 1
340 6112 1
340 6651 1
340 6652 1
340 14325 1
1583 6864 1
1583 6920 1
1583 11641 1
1583 14427 1
1071 7095 1
816 6308 1
816 6843 1
816 7094 1
816 7371 1
816 10506 1
816 14324 1
816 14502 1
816 14560 1
787 12416 1
787 12433 1
3004 9000 1
3004 9161 1
3004 9163 1
8867 12015 1
811 7421 1
811 7422 1
811 7679 1
811 12077 1
811 12129 1
811 12154 1
811 12192 1
811 12974 1
811 14349 1
811 14433 1
2615 7483 1
2615 7505 1
2615 7507 1
2615 7512 1
2615 7538 1
2615 7622 1
2615 7666 1
2615 7695 1
2615 7772 1
2615 8301 1
2615 11320 1
2615 11985 1
2615 12049 1
2615 12104 1
2615 12138 1
2615 12148 1
2615 12230 1
2615 12236 1
2615 14398 1
11406 12325 1
519 201 1
11311 13198 1
3652 6264 1
3652 7331 1
3763 6195 1
3763 6446 1
3763 14396 1
8825 11447 1
4332 12461 1
2103 11911 1
2103 13751 1
298 10576 1
298 10577 1
298 10579 1
298 10582 1
298 10608 1
298 10684 1
298 10723 1
298 10742 1
298 10810 1
298 10874 1
298 10965 1
298 10983 1
298 11042 1
298 11044 1
298 11064 1
298 11079 1
298 11107 1
298 11154 1
298 11155 1
298 11170 1
298 11184 1
298 11187 1
298 11232 1
298 11265 1
298 11297 1
298 11308 1
298 11312 1
298 11314 1
298 11319 1
298 11350 1
298 11383 1
298 11389 1
298 11409 1
298 11445 1
298 11511 1
298 11544 1
298 11631 1
298 11923 1
298 11979 1
298 12007 1
298 12027 1
298 12098 1
298 12315 1
298 12466 1
298 12917 1
298 13121 1
298 13200 1
298 13412 1
298 13492 1
298 13619 1
298 13645 1
298 13665 1
5628 9098 1
5628 12282 1
5628 12493 1
5628 13208 1
5628 13570 1
1837 9240 1
1837 12122 1
3809 11931 1
1371 11931 1
6113 11924 1
6113 13198 1
6113 14427 1
4091 12077 1
4091 14428 1
2786 8482 1
2786 9053 1
2382 8630 1
2382 8631 1
2382 8639 1
2382 8694 1
2382 8800 1
2382 8996 1
2382 12237 1
12774 11518 1
1663 11248 1
1663 13250 1
1663 14310 1
1663 14397 1
3631 12033 1
3631 12040 1
3631 13198 1
3631 14324 1
3631 14427 1
3631 14435 1
4828 14062 1
4828 15708 1
3778 12100 1
3778 12161 1
3778 14324 1
1936 6620 1
1936 9240 1
829 4156 1
1582 11506 1
1592 9450 1
1592 9884 1
1592 9918 1
1592 9938 1
1592 9943 1
1592 10172 1
1592 11288 1
1592 11823 1
1592 11978 1
1592 12917 1
1592 13671 1
6330 14465 1
6149 14415 1
7033 6586 1
4815 7537 1
5892 12077 1
5892 12087 1
5892 12135 1
5892 12974 1
11461 14554 1
5690 10506 1
5690 10830 1
5690 13307 1
6996 12293 1
6996 12370 1
6996 12431 1
6996 12478 1
6996 13254 1
6996 13635 1
6996 14573 1
517 6599 1
517 6654 1
517 7588 1
15155 12148 1
1053 6281 1
4670 6910 1
4670 8890 1
4670 13318 1
13839 14309 1
10463 7626 1
1783 7892 1
1783 11220 1
1783 11648 1
9743 10178 1
8772 7507 1
8772 7582 1
8772 7656 1
8772 12101 1
11707 10404 1
11707 12371 1
1152 7728 1
1152 7742 1
1152 7743 1
1152 7793 1
1152 7795 1
1152 7851 1
1152 7853 1
1152 7922 1
1152 12360 1
1152 12382 1
1152 12432 1
1152 12453 1
1152 12474 1
1152 13163 1
13944 12503 1
9178 14325 1
2466 7700 1
2466 7808 1
2466 7845 1
2466 7952 1
2466 8636 1
2466 11985 1
2466 12004 1
2466 12230 1
2466 12328 1
2466 12382 1
2466 12385 1
2466 12574 1
2466 13340 1
12142 12366 1
11891 12240 1
3511 4319 1
3511 8636 1
8889 7380 1
8889 8775 1
7372 6900 1
4566 12941 1
6793 5519 1
6793 15518 1
7146 12994 1
2176 7814 1
2176 14506 1
5478 6160 1
5478 6808 1
5478 14427 1
14181 13230 1
1503 8567 1
1503 8860 1
1503 10226 1
1503 11399 1
1503 12389 1
1503 14478 1
1503 14500 1
6422 4179 1
5666 4171 1
6244 7676 1
10145 6580 1
2616 13198 1
5152 6405 1
2752 4867 1
2752 11052 1
3289 8639 1
8032 6458 1
8032 6490 1
7404 6675 1
7404 8842 1
7404 9210 1
7404 12416 1
7404 12449 1
3495 13120 1
3495 13162 1
3495 13198 1
3495 13359 1
13749 10982 1
2644 12104 1
2644 14397 1
5343 5445 1
5343 5485 1
5343 8243 1
7963 13516 1
6338 7892 1
6017 7377 1
6017 7389 1
6017 7576 1
6017 13198 1
2691 7793 1
2691 12335 1
4190 11648 1
4190 11962 1
4190 12000 1
4190 12006 1
4190 12074 1
4190 12194 1
4190 12264 1
4190 12341 1
4190 12439 1
4190 12467 1
4190 12499 1
4190 13163 1
4190 14385 1
4190 14528 1
4190 14539 1
8044 13516 1
8524 14519 1
7482 11831 1
7482 14172 1
5523 8703 1
1036 14482 1
16113 13161 1
1439 6612 1
7643 6173 1
3737 7448 1
3737 7623 1
11248 14242 1
2286 9889 1
2286 10026 1
2286 13574 1
1902 9263 1
975 6151 1
975 10151 1
975 12274 1
5957 12240 1
5957 12267 1
5957 12424 1
5957 14398 1
14094 13163 1
14761 14324 1
11393 12087 1
15439 14498 1
509 7583 1
509 12148 1
9550 7846 1
5435 10506 1
392 13120 1
392 14447 1
392 14464 1
10284 9018 1
8262 12169 1
10930 10048 1
6581 4201 1
16957 15034 1
16957 15681 1
8779 6160 1
14988 12278 1
4279 12362 1
13460 14455 1
13460 14545 1
13460 15681 1
2898 1557 1
2898 6148 1
10283 6698 1
455 15399 1
3251 3369 1
3251 3519 1
3251 3717 1
3251 3718 1
3251 3743 1
3251 4108 1
3251 7704 1
3251 14522 1
12240 11302 1
7534 10857 1
7534 11621 1
280 27 1
4137 12466 1
1437 4624 1
1437 6170 1
1437 6283 1
1437 6322 1
1437 6612 1
1437 6629 1
1437 6860 1
1437 6863 1
1437 7206 1
1437 9279 1
1437 13769 1
1437 15052 1
1437 15928 1
5554 6657 1
1452 12385 1
1452 13655 1
3630 6118 1
3630 6564 1
3630 14324 1
15241 15041 1
691 12441 1
4406 8407 1
4406 10261 1
4406 11102 1
4406 12479 1
4406 14311 1
5727 11164 1
9890 12384 1
10521 15127 1
2734 8153 1
1426 6106 1
11992 12974 1
304 9279 1
304 13537 1
304 13562 1
304 13589 1
304 13598 1
2867 7376 1
658 12133 1
6569 6316 1
6569 8857 1
6569 11613 1
10704 13142 1
3822 12840 1
3822 13347 1
2784 12536 1
7887 14537 1
2237 5083 1
6600 7331 1
1378 12020 1
1378 12280 1
1378 12597 1
1378 14622 1
15992 12885 1
6057 12104 1
6057 12161 1
6057 14428 1
9652 14529 1
7755 7918 1
2380 4867 1
2380 12046 1
2380 13492 1
2380 13591 1
2380 15282 1
2380 15449 1
1785 9701 1
1785 9741 1
1785 9756 1
1785 9928 1
1785 9972 1
1785 9990 1
1785 10057 1
1785 11761 1
1785 11783 1
1785 13321 1
1785 13512 1
1785 13527 1
1785 13562 1
1785 13589 1
1785 13641 1
1785 13722 1
1785 13748 1
1785 13902 1
1785 13921 1
1785 13982 1
1785 13998 1
1785 14020 1
1785 14026 1
1785 14073 1
1785 14076 1
1785 14148 1
1785 14161 1
1785 14210 1
1785 14213 1
1785 14222 1
1785 14225 1
1785 14261 1
1785 14269 1
1785 14273 1
1785 14289 1
1785 14431 1
1785 14525 1
1785 14775 1
1785 15073 1
1785 15122 1
1785 15151 1
1785 15221 1
1785 15277 1
1785 15295 1
1785 15349 1
1785 15358 1
1785 15376 1
1785 15435 1
1785 15456 1
1785 15496 1
1785 15498 1
1785 15503 1
1785 15540 1
1785 15549 1
1785 15566 1
1785 15572 1
1785 15626 1
1785 15632 1
1785 15763 1
1785 15769 1
1785 15824 1
1785 15835 1
1785 15855 1
1785 15859 1
1785 15862 1
1785 15865 1
1785 15880 1
1785 15888 1
1785 15917 1
1785 15957 1
1785 15985 1
1785 16004 1
1785 16017 1
3834 12018 1
3834 12024 1
3834 12073 1
3834 12079 1
3834 12080 1
3834 12088 1
3834 12095 1
3834 12122 1
3834 12128 1
3834 12148 1
3834 12367 1
3834 14434 1
4909 6118 1
8573 14427 1
2894 10049 1
2894 14275 1
2894 14282 1
14887 12169 1
2653 6118 1
2653 12077 1
8000 8764 1
12937 13516 1
12937 13958 1
5161 10295 1
5161 12281 1
54 12466 1
54 14353 1
54 14397 1
54 14539 1
12924 10400 1
405 8217 1
405 11967 1
405 12166 1
405 12917 1
9831 14554 1
10008 12032 1
1688 6890 1
1688 6957 1
1688 11189 1
1688 13534 1
1688 13544 1
1688 13562 1
1688 15262 1
13596 11422 1
159 6140 1
159 6147 1
159 6185 1
159 7371 1
159 7425 1
159 7491 1
159 7633 1
159 14431 1
159 14447 1
3274 8535 1
4033 6089 1
4033 6195 1
4033 7627 1
4033 11983 1
10616 13189 1
6490 11018 1
12149 12384 1
13890 10855 1
7816 6374 1
7816 6587 1
1959 4856 1
6654 7818 1
6654 12074 1
2535 6599 1
2535 6942 1
2535 7059 1
2535 8920 1
2535 9126 1
2535 9130 1
2535 9133 1
2535 13530 1
2535 15742 1
2906 1458 1
2906 2320 1
2906 3249 1
11282 14446 1
5621 14833 1
3791 12020 1
3791 13163 1
3791 13697 1
314 12087 1
314 12161 1
14008 13389 1
5903 12154 1
5903 12218 1
5903 12315 1
15737 12919 1
2297 12010 1
2297 12170 1
2297 12171 1
2297 13163 1
2297 14325 1
4906 3172 1
2170 6033 1
3163 15824 1
10544 14399 1
1620 6808 1
1620 6939 1
1620 9113 1
2554 9240 1
2554 13517 1
2554 13552 1
2554 13579 1
2554 13663 1
2554 13724 1
2554 14165 1
3976 7665 1
3976 11956 1
10453 7757 1
10453 14505 1
1181 6313 1
5245 7778 1
5245 12104 1
5245 12270 1
14174 12308 1
4974 3216 1
4051 12138 1
3617 6161 1
3617 11921 1
3617 11922 1
3617 11985 1
3617 12017 1
3617 12032 1
3617 12103 1
3617 12158 1
3617 12337 1
3617 12958 1
1000 8301 1
4307 8842 1
4307 8871 1
4307 8934 1
4307 9207 1
4307 10199 1
4307 10209 1
4307 10705 1
4307 10769 1
4307 10912 1
4307 10929 1
4307 11220 1
4307 11690 1
4307 11960 1
4307 12006 1
4307 12128 1
4307 12148 1
4307 12291 1
4307 12360 1
4307 12416 1
4307 12437 1
4307 12461 1
4307 12503 1
4307 12506 1
4307 12692 1
4307 12974 1
4307 13044 1
4307 13119 1
4307 13192 1
4307 13200 1
4307 13395 1
4307 13484 1
5103 10185 1
5103 12310 1
2147 6187 1
2147 6691 1
2147 7007 1
2147 7378 1
2147 7422 1
2147 7454 1
2147 7491 1
2147 7550 1
2147 7566 1
2147 7588 1
2147 7616 1
2147 11648 1
2147 11918 1
2147 11919 1
2147 12148 1
8705 12104 1
2435 6748 1
2435 10815 1
5871 10113 1
5871 12104 1
4422 12467 1
17343 14716 1
3922 6278 1
3922 13198 1
3613 7577 1
3613 7583 1
3613 7613 1
3613 8636 1
3613 14395 1
15482 12466 1
1029 14378 1
5243 10676 1
5243 10835 1
5243 12027 1
5243 12223 1
695 52 1
2687 7650 1
2687 12265 1
11935 8768 1
1049 6260 1
1049 6866 1
1049 14505 1
649 12104 1
2241 14377 1
2241 14464 1
2650 14405 1
2576 7352 1
2576 7818 1
2576 9050 1
2576 11538 1
3603 14132 1
1151 12071 1
6220 7700 1
2470 10410 1
12809 13198 1
6237 6616 1
6237 7679 1
3389 6465 1
3389 8403 1
3389 13018 1
3389 13125 1
3910 13119 1
3409 13185 1
7139 11112 1
8748 12075 1
6065 14515 1
14226 11983 1
1083 6264 1
6599 6805 1
13364 12396 1
13364 12429 1
3153 6763 1
10096 13131 1
3388 13026 1
3388 13120 1
3388 13188 1
3388 13198 1
3388 13325 1
3388 13364 1
3388 13399 1
3388 14522 1
3388 14850 1
3388 15134 1
3388 15295 1
15998 13106 1
10264 13163 1
11087 9949 1
5526 9040 1
1852 4156 1
153 7399 1
153 7491 1
153 11893 1
153 11957 1
153 12103 1
153 12225 1
153 12515 1
153 12982 1
153 14325 1
2738 12602 1
15291 13302 1
14596 12275 1
8492 7369 1
8492 14434 1
14071 11495 1
1624 8850 1
1624 13550 1
1624 14560 1
1778 9126 1
3977 6046 1
3977 6067 1
3977 6156 1
3977 6162 1
5089 12104 1
5089 12296 1
279 6018 1
279 6043 1
279 6118 1
279 6124 1
279 6246 1
279 6364 1
279 6651 1
279 6652 1
279 6820 1
279 7491 1
279 11986 1
279 13198 1
279 14325 1
279 14380 1
279 14395 1
279 14397 1
10626 13340 1
14717 14399 1
8848 7707 1
152 6158 1
152 6564 1
152 7545 1
152 10098 1
152 13198 1
152 14324 1
152 14415 1
4086 7558 1
4086 8209 1
4086 11983 1
11901 11648 1
1950 6957 1
436 7772 1
436 8301 1
436 8348 1
436 8420 1
436 10208 1
436 10916 1
436 11041 1
436 11922 1
436 11983 1
436 12014 1
436 12018 1
436 12133 1
436 12210 1
436 12917 1
436 12974 1
436 13231 1
436 14325 1
436 14345 1
436 14398 1
436 14428 1
436 14461 1
436 14465 1
436 14476 1
436 14478 1
436 14500 1
436 14504 1
2072 9053 1
2072 9119 1
2072 9224 1
2072 9227 1
2072 9359 1
2072 9383 1
2072 9412 1
2072 9757 1
2072 9962 1
2072 11033 1
2072 11311 1
2072 11383 1
2072 11911 1
2072 11994 1
2072 12039 1
2072 12135 1
2072 12232 1
2072 12233 1
2072 12247 1
2072 12429 1
2072 12733 1
2072 12747 1
2072 12956 1
2072 12984 1
2072 13023 1
2072 13096 1
2072 13321 1
2072 13492 1
2072 13495 1
2072 13537 1
2072 13544 1
2072 13550 1
2072 13552 1
2072 13562 1
2072 13709 1
2072 13716 1
2072 13764 1
2072 13791 1
2072 13898 1
2072 13919 1
2072 13996 1
2072 14026 1
2072 14036 1
2072 14077 1
2072 14133 1
2072 14148 1
2072 14154 1
2072 14212 1
2072 15440 1
2072 15631 1
2072 15690 1
2072 15861 1
426 6165 1
426 7461 1
426 7660 1
426 8719 1
426 12004 1
426 12137 1
426 12144 1
426 14396 1
426 14431 1
426 14446 1
2186 10180 1
11796 7885 1
6051 14336 1
6051 14427 1
6051 14434 1
6051 14447 1
6051 14465 1
11423 11986 1
11423 12006 1
11423 13147 1
16382 14427 1
3430 13340 1
15925 12945 1
2337 4185 1
5931 5092 1
5931 5094 1
5351 4167 1
10692 8101 1
10072 12600 1
1410 7665 1
11353 7525 1
1544 7918 1
1544 7927 1
1544 8256 1
1544 8301 1
1544 8407 1
1544 8872 1
1544 8904 1
1544 8906 1
1544 9113 1
1544 9142 1
1544 9263 1
1544 9267 1
1544 9297 1
1544 11028 1
1544 11658 1
1544 11985 1
1544 12006 1
1544 12020 1
1544 12092 1
1544 12100 1
1544 12325 1
1544 12331 1
1544 12337 1
1544 12441 1
1544 12477 1
1544 12478 1
1544 12675 1
1544 13001 1
1544 13003 1
1544 13096 1
1544 13128 1
1544 13200 1
1544 13245 1
1544 13302 1
1544 13340 1
1544 13445 1
1544 13492 1
1544 13585 1
1544 13589 1
1544 13601 1
1544 13619 1
1544 13648 1
10022 13621 1
62 14373 1
62 14428 1
62 14435 1
8364 7571 1
8364 14434 1
11846 13240 1
4514 12101 1
4514 13198 1
14719 12161 1
4004 3280 1
4004 11490 1
4004 14314 1
4004 15074 1
10858 10250 1
10858 11027 1
13163 9792 1
8013 13380 1
1579 8024 1
1579 13004 1
4452 8232 1
4452 13655 1
3823 11070 1
5446 10465 1
5446 12461 1
7740 8492 1
10232 6836 1
5769 13648 1
1391 6467 1
1650 9163 1
1650 9300 1
1650 12144 1
1650 12373 1
1650 13522 1
1650 13544 1
1650 13559 1
1650 13924 1
1650 14515 1
1650 14944 1
1650 15035 1
1650 15251 1
1650 15304 1
1650 15340 1
1650 15380 1
3950 12192 1
3950 12230 1
3950 12337 1
3950 13119 1
3950 14396 1
3844 7437 1
3844 8719 1
3844 10175 1
5010 3186 1
805 6884 1
805 6957 1
805 7550 1
805 9221 1
805 13200 1
805 13239 1
805 15498 1
734 6067 1
734 6118 1
734 6118 1
734 6419 1
734 6804 1
734 7369 1
734 7576 1
734 13198 1
734 14427 1
1714 8232 1
1714 8602 1
1714 9000 1
1714 9210 1
1714 9240 1
1714 9263 1
1714 9354 1
1714 12097 1
1714 12102 1
1714 12288 1
1714 12330 1
1714 12378 1
1714 12431 1
1714 13004 1
1714 13418 1
1714 13426 1
1714 13492 1
1714 13516 1
1714 13530 1
1714 13568 1
1714 13609 1
1714 13619 1
1714 13621 1
1714 13785 1
1714 15499 1
1714 15604 1
1394 13392 1
8582 7369 1
2291 7019 1
1351 6430 1
1351 6473 1
4648 7838 1
4648 11574 1
4648 12295 1
4967 10406 1
14183 15262 1
10579 14430 1
1328 2358 1
233 6270 1
1310 11893 1
1310 14560 1
2726 7552 1
2726 7559 1
2726 7591 1
2726 8209 1
2726 12471 1
3702 7610 1
3702 8467 1
4722 4185 1
9973 11396 1
9973 15408 1
1713 13530 1
3227 11023 1
3227 13143 1
3227 13553 1
3227 13644 1
3227 14030 1
3227 15858 1
1846 430 1
631 6118 1
631 7377 1
3847 14395 1
3847 14435 1
6341 11677 1
6790 8073 1
9280 7788 1
9280 7808 1
9280 13290 1
78 6031 1
13847 12715 1
8935 12103 1
8935 14425 1
12453 8872 1
214 6239 1
6247 14464 1
5804 3995 1
5804 5062 1
5804 10398 1
1175 7808 1
554 6238 1
554 11961 1
554 14438 1
3296 10380 1
3296 11555 1
532 6211 1
532 6240 1
532 8636 1
532 14428 1
8412 13198 1
8349 14427 1
10495 11931 1
4123 6458 1
305 9391 1
305 13720 1
305 14919 1
305 15519 1
1497 10480 1
1497 11923 1
1497 12151 1
5016 13386 1
5016 13445 1
5967 14510 1
6741 10575 1
6741 13163 1
654 6128 1
654 6163 1
654 6180 1
654 7377 1
299 12234 1
299 12272 1
299 12315 1
299 12344 1
299 12449 1
299 12461 1
299 12489 1
299 12503 1
299 12653 1
299 12974 1
299 13003 1
299 13020 1
299 13160 1
299 13245 1
299 13316 1
299 13412 1
299 13418 1
299 13512 1
299 13560 1
299 13619 1
299 13621 1
299 13656 1
299 13663 1
299 13697 1
299 13710 1
299 13728 1
299 13740 1
299 14310 1
299 14314 1
299 14315 1
299 14316 1
299 14332 1
299 14333 1
299 14334 1
299 14353 1
299 14354 1
299 14390 1
299 14393 1
299 14395 1
299 14396 1
299 14427 1
299 14447 1
299 14449 1
299 14461 1
299 14465 1
299 14477 1
299 14481 1
299 14498 1
299 14499 1
299 14500 1
299 14506 1
299 14513 1
299 14514 1
299 14518 1
299 14519 1
299 14520 1
299 14523 1
299 14525 1
299 14528 1
299 14532 1
299 14537 1
299 14539 1
299 14588 1
299 14594 1
299 14634 1
299 14666 1
299 14802 1
299 14857 1
299 14858 1
299 14887 1
299 14901 1
299 14920 1
299 14947 1
299 14960 1
299 15015 1
299 15023 1
299 15030 1
299 15035 1
299 15043 1
299 15044 1
299 15058 1
299 15068 1
299 15070 1
299 15074 1
299 15102 1
299 15112 1
299 15115 1
299 15127 1
299 15136 1
299 15171 1
299 15194 1
299 15232 1
299 15233 1
299 15258 1
299 15276 1
299 15285 1
299 15302 1
299 15304 1
299 15307 1
299 15376 1
299 15427 1
299 15436 1
299 15441 1
299 15458 1
299 15462 1
299 15482 1
299 15530 1
299 15548 1
299 15596 1
299 15613 1
299 15632 1
13834 11361 1
10247 8034 1
8481 12133 1
3653 6165 1
4205 7476 1
4205 10205 1
2498 8890 1
2498 8910 1
7944 14839 1
6006 7583 1
9075 6700 1
14182 11319 1
3313 11865 1
2693 10187 1
2693 10977 1
4914 5625 1
11933 12275 1
2323 14500 1
8721 11981 1
2455 11542 1
2455 12122 1
2455 12190 1
2455 12344 1
2455 13346 1
2455 13395 1
2455 13663 1
2455 14479 1
2455 14532 1
2455 14898 1
2455 15304 1
2455 15436 1
9819 12476 1
9819 12477 1
5224 12360 1
6436 6292 1
9309 14345 1
9309 14456 1
9309 14465 1
1112 6266 1
442 11549 1
442 11621 1
2364 7863 1
2364 7918 1
3520 2122 1
14114 13155 1
8093 10250 1
12953 11019 1
4499 6324 1
3563 6859 1
16857 14166 1
8145 7485 1
4666 12927 1
2668 7669 1
2668 8726 1
2668 10126 1
2668 11930 1
2668 12040 1
2668 12097 1
2668 14324 1
5601 11165 1
5601 11193 1
8602 12996 1
8602 14066 1
8602 14121 1
8602 14146 1
11905 12230 1
4976 7818 1
4976 8677 1
4976 10867 1
5891 4141 1
10189 6851 1
3610 14395 1
16998 14435 1
7947 6900 1
11204 12325 1
12343 13334 1
11416 9152 1
8203 12104 1
12896 15380 1
8904 14325 1
2029 15620 1
9948 10117 1
1276 13389 1
5298 7927 1
14448 13492 1
13396 13024 1
7 6142 1
7 6199 1
7 6654 1
7 7437 1
7 11917 1
7 11919 1
7 11925 1
7 11927 1
7 11937 1
7 11967 1
7 12104 1
7 12515 1
7 13198 1
7 14325 1
7 14422 1
2055 6657 1
2055 7665 1
2055 8535 1
2055 13577 1
1808 6602 1
7270 12102 1
6161 12256 1
6161 14502 1
16963 14443 1
8508 12104 1
5056 11900 1
5056 11911 1
5056 14328 1
6073 4595 1
6073 4639 1
2902 11485 1
2581 6067 1
2581 7516 1
2581 7577 1
2581 14415 1
758 6727 1
758 7635 1
758 12032 1
11731 11930 1
9463 6405 1
1300 7331 1
14673 12129 1
14673 12974 1
5720 8842 1
2316 6118 1
2316 6652 1
2316 7377 1
2316 7422 1
2316 7815 1
2316 11972 1
2316 12104 1
8217 7422 1
8217 12104 1
2284 7918 1
2284 8871 1
2284 9259 1
2284 10835 1
2284 10857 1
2284 13412 1
2284 13604 1
11156 14504 1
1421 6643 1
1421 7826 1
1421 8599 1
1421 8661 1
13641 10453 1
13641 10472 1
10894 13484 1
10894 13537 1
16911 14367 1
16911 14532 1
7449 12784 1
7449 12935 1
71 6158 1
71 6165 1
71 13180 1
2354 7836 1
2354 7892 1
2354 7953 1
2354 7957 1
2354 8713 1
2354 12325 1
2354 12382 1
368 7627 1
368 7631 1
368 7671 1
368 11320 1
368 11924 1
368 11931 1
368 11952 1
368 11981 1
368 12013 1
368 12015 1
368 12086 1
368 12087 1
368 12100 1
368 12104 1
368 12230 1
368 12236 1
368 12974 1
368 13151 1
368 13180 1
368 14330 1
368 14396 1
368 14427 1
368 14428 1
368 14428 1
368 14434 1
1028 6745 1
1028 12335 1
12985 14900 1
1627 4811 1
1627 6700 1
5856 15540 1
1645 13097 1
1645 13374 1
13302 10846 1
13302 10850 1
4681 6936 1
4681 7493 1
4681 9126 1
4681 9218 1
4681 11670 1
4681 11705 1
4681 12449 1
4681 13097 1
4681 13437 1
4681 13484 1
4681 13517 1
4681 13527 1
4681 13530 1
9733 7082 1
492 11648 1
492 11981 1
492 12058 1
492 14310 1
9507 7739 1
9507 7801 1
4793 13624 1
4686 10689 1
4686 15127 1
11863 12461 1
11863 12963 1
1652 13104 1
1652 13232 1
1652 13359 1
1652 13384 1
1652 15298 1
2436 7427 1
2436 7746 1
2436 7892 1
2436 7950 1
2436 8217 1
2436 8585 1
2436 10774 1
8980 14415 1
1011 6306 1
1011 7863 1
1011 7866 1
1011 7892 1
1011 7919 1
728 14339 1
850 6652 1
850 6657 1
850 12192 1
850 12238 1
850 14349 1
850 14426 1
850 14479 1
4738 8653 1
4738 8890 1
6470 8979 1
4538 10480 1
4538 12170 1
4538 12237 1
4538 12401 1
4538 12853 1
4622 7559 1
4622 7931 1
4622 8599 1
4622 11958 1
4622 12148 1
4622 12278 1
4622 12312 1
3743 6122 1
3743 11930 1
3743 11983 1
3743 12056 1
7805 5188 1
9628 12362 1
5844 6826 1
5844 7080 1
5844 7851 1
5844 8204 1
5844 8733 1
5844 11353 1
5844 12240 1
3911 10182 1
3911 10193 1
3911 10207 1
3911 10212 1
3911 10215 1
3911 10804 1
3911 10806 1
3911 10808 1
3911 10819 1
3911 10843 1
3911 12104 1
3911 12205 1
3524 13249 1
3524 14333 1
3524 14390 1
3524 14460 1
3524 14499 1
3524 14634 1
3524 14763 1
3524 14844 1
3524 15855 1
2171 6247 1
14534 12339 1
14534 14510 1
726 6119 1
14323 13334 1
8518 12004 1
8518 12104 1
1591 10969 1
1591 11000 1
1591 11004 1
1591 11452 1
1591 11594 1
9859 11996 1
9859 12325 1
9859 12356 1
9859 12360 1
9859 12466 1
2855 8700 1
2855 11173 1
4768 9057 1
2750 8209 1
2750 10242 1
2750 10244 1
7309 11019 1
7309 11239 1
7309 13307 1
7309 13340 1
13482 11495 1
7704 5486 1
7704 12461 1
3941 6118 1
2020 2732 1
2020 12661 1
8140 12127 1
8140 12148 1
402 6370 1
402 6657 1
402 7627 1
402 7679 1
402 7684 1
402 12192 1
402 12503 1
402 12974 1
4888 4141 1
4888 12058 1
3212 13106 1
9213 14435 1
284 6157 1
284 6178 1
284 6804 1
284 14430 1
284 14432 1
6634 7851 1
4414 6322 1
4414 6324 1
4414 6455 1
4414 6786 1
4414 6860 1
4414 9085 1
4414 12466 1
4414 13571 1
4414 14510 1
4414 14529 1
4414 14540 1
4414 15030 1
513 6564 1
14466 15334 1
2009 7344 1
2009 15650 1
2009 15707 1
2009 15992 1
137 7629 1
137 7707 1
137 7709 1
137 7712 1
137 12187 1
137 12237 1
3637 14325 1
10239 12043 1
10239 12466 1
494 14383 1
494 14441 1
8627 6277 1
8627 12341 1
4851 7126 1
7044 7739 1
3236 10138 1
3236 11689 1
3236 12006 1
3236 12191 1
3236 12193 1
3236 12315 1
3236 12335 1
3236 12425 1
3236 12621 1
3236 12675 1
3236 13011 1
3236 13040 1
3236 13109 1
3236 13219 1
3236 13246 1
7905 6134 1
570 6156 1
570 6158 1
570 6178 1
570 6804 1
9694 7657 1
17003 14399 1
3147 6749 1
3964 12095 1
3964 12134 1
3964 13198 1
3964 14325 1
3964 14396 1
3964 14398 1
3964 14427 1
4922 12148 1
15621 13191 1
7600 7583 1
12368 8677 1
2275 7374 1
2275 10678 1
2275 10867 1
3213 8209 1
423 41 1
2325 8854 1
2325 12074 1
2325 12159 1
2325 12225 1
2325 12250 1
2325 12251 1
2325 12297 1
2325 12313 1
2325 12360 1
2325 12382 1
2325 12416 1
2325 13120 1
2325 13192 1
2325 14426 1
3804 6067 1
3804 11917 1
3804 12104 1
3601 14086 1
1079 7863 1
1079 14349 1
5964 10693 1
333 11972 1
333 12002 1
333 12004 1
333 12023 1
333 12088 1
333 12436 1
14046 13829 1
9797 6317 1
5183 12312 1
5183 12363 1
7738 5119 1
7738 12382 1
6032 12087 1
2141 5077 1
2141 6242 1
281 6564 1
281 7584 1
281 12101 1
281 12230 1
281 12974 1
281 13120 1
281 13198 1
281 14395 1
281 14396 1
5776 9748 1
5776 15859 1
5776 15928 1
1727 8997 1
1727 9078 1
1727 13480 1
1727 13507 1
13021 11471 1
2694 14505 1
8106 6158 1
8106 6564 1
8106 7369 1
8106 7371 1
8106 14307 1
387 6211 1
387 6218 1
387 6405 1
387 6616 1
387 6657 1
387 7627 1
387 11937 1
387 12241 1
387 12251 1
387 14324 1
1176 12293 1
4459 6659 1
7130 9267 1
5850 11220 1
8659 7491 1
8659 14336 1
8659 14337 1
8292 12425 1
955 100 1
14056 13398 1
261 6211 1
3015 14813 1
9935 8535 1
3719 12020 1
3719 12101 1
3719 13198 1
3719 14435 1
5568 14942 1
5568 15681 1
661 6189 1
661 6240 1
661 6564 1
661 6809 1
661 6818 1
661 6819 1
661 6820 1
661 7583 1
14667 14310 1
247 7577 1
247 7622 1
247 7694 1
247 8636 1
247 11648 1
247 11985 1
247 12024 1
247 12077 1
247 12095 1
247 12101 1
247 12102 1
247 12134 1
247 12137 1
247 12148 1
247 12210 1
247 12312 1
247 12341 1
247 12355 1
247 12440 1
247 12974 1
247 13120 1
247 14307 1
247 14449 1
9662 12429 1
9662 14397 1
9662 14537 1
8295 12931 1
13741 11346 1
7838 7446 1
7838 8696 1
7838 9283 1
9491 6564 1
2056 15865 1
16492 15258 1
9167 12131 1
7869 6211 1
10295 11243 1
10295 13589 1
12197 11920 1
1788 8979 1
1788 12341 1
1788 13097 1
1788 13396 1
1788 13411 1
1788 13551 1
1788 13562 1
1788 13580 1
1788 15194 1
6778 4205 1
6174 7642 1
6174 8636 1
6174 11920 1
6174 11981 1
5751 11504 1
1372 14478 1
11912 7809 1
8906 6654 1
8906 7007 1
8906 7369 1
4013 10106 1
7559 14300 1
7710 12255 1
7710 12574 1
867 6246 1
867 6252 1
867 10148 1
867 10161 1
867 14403 1
3946 11648 1
9604 12397 1
5655 11105 1
5655 11249 1
12676 14435 1
6618 4368 1
6618 6238 1
1061 12210 1
1061 12312 1
1061 14505 1
12140 13551 1
498 64 1
13694 11196 1
6002 11919 1
6002 11981 1
6002 12100 1
6002 12295 1
6002 13120 1
6002 13228 1
8266 6067 1
7380 12341 1
7380 13550 1
128 6178 1
128 6182 1
128 6246 1
128 6419 1
128 6727 1
128 7476 1
128 7511 1
128 7552 1
128 7560 1
128 7571 1
128 7610 1
128 7625 1
128 7626 1
128 7635 1
128 8301 1
128 8400 1
128 10745 1
128 11923 1
128 12103 1
128 12788 1
128 14397 1
128 14415 1
128 14443 1
128 14444 1
128 14540 1
12393 10855 1
12393 15080 1
12393 15115 1
12393 15260 1
4065 6446 1
4946 10977 1
4946 14166 1
3395 10216 1
3395 13230 1
14570 12018 1
14570 12367 1
1765 3674 1
1765 7026 1
13655 12656 1
1679 4624 1
1679 10960 1
1679 11487 1
1679 12331 1
1679 12974 1
502 7584 1
502 7918 1
502 12024 1
502 14502 1
3751 6195 1
3751 11981 1
7000 12135 1
2134 7967 1
2134 10083 1
2134 12308 1
2134 12654 1
2134 14139 1
2134 15115 1
2134 15461 1
2134 15538 1
2134 15613 1
2134 15747 1
2134 15766 1
2134 15796 1
2134 15943 1
2134 16094 1
2444 6597 1
2444 6699 1
2444 7698 1
2444 10112 1
9576 6271 1
497 14465 1
5635 14465 1
7956 8054 1
7956 8071 1
7956 13240 1
7956 14734 1
119 6118 1
119 7583 1
119 10745 1
4710 7166 1
4710 7573 1
2223 5122 1
2223 5130 1
2223 5215 1
2223 6186 1
2223 8624 1
10163 14324 1
8521 14325 1
8521 14427 1
1543 6492 1
1543 6698 1
1301 6329 1
1301 7732 1
2602 12441 1
8097 7111 1
8097 14415 1
7931 14558 1
4261 9308 1
4261 13854 1
4261 14222 1
4261 14898 1
3482 8232 1
13120 13517 1
13925 11512 1
10856 12308 1
3010 13163 1
12026 11995 1
14969 14427 1
7737 6659 1
6150 7892 1
703 7377 1
703 10101 1
703 11919 1
703 12104 1
703 13180 1
703 14307 1
703 14434 1
662 7377 1
3346 12164 1
3346 12183 1
3346 12196 1
3346 12221 1
3346 12234 1
3346 12283 1
3346 12290 1
3346 12301 1
3346 12359 1
3346 12410 1
3346 12411 1
3346 12681 1
3346 12689 1
3346 12761 1
3346 12824 1
3346 12917 1
3346 13003 1
3346 13151 1
3346 13347 1
3346 14573 1
15074 14434 1
12143 11913 1
15564 12338 1
6302 12210 1
6398 12461 1
6398 13307 1
6398 13334 1
6398 13340 1
6398 13492 1
6398 13508 1
6398 13512 1
6398 13530 1
6398 13655 1
6398 13665 1
1889 8588 1
1889 8664 1
1889 9259 1
1889 9318 1
1889 9322 1
1889 15613 1
1889 15858 1
7571 12058 1
7571 12087 1
7571 14415 1
9424 14398 1
3162 11512 1
3162 11646 1
3162 11668 1
3162 12047 1
3162 13080 1
3162 13359 1
8170 6805 1
8170 6806 1
8170 6809 1
8170 6815 1
8170 6816 1
8170 6817 1
8170 6819 1
8170 6820 1
8170 6987 1
6719 6745 1
14903 12296 1
14598 12404 1
6729 4453 1
5463 7950 1
949 13163 1
949 14504 1
3098 10927 1
6110 7583 1
6110 12095 1
6110 12104 1
3855 6745 1
3855 7801 1
3855 12192 1
13575 14486 1
13575 14487 1
4248 6231 1
2091 14166 1
2091 15631 1
2091 15915 1
5985 11983 1
5985 12088 1
5985 14427 1
1894 15631 1
3904 12104 1
6377 12515 1
9369 12515 1
8078 12892 1
8078 13381 1
7782 6112 1
13037 13550 1
12118 12453 1
7210 7959 1
559 6646 1
559 7588 1
559 14887 1
10518 14821 1
10518 15030 1
12630 13484 1
12630 15303 1
1900 14015 1
1900 15765 1
2144 6082 1
4323 7004 1
3642 7627 1
3642 12014 1
3642 12138 1
14709 14427 1
76 6128 1
76 12104 1
13779 12461 1
9299 7775 1
9299 12101 1
9299 12974 1
6020 12135 1
830 6173 1
830 6224 1
830 6652 1
830 7369 1
830 7374 1
830 7701 1
830 11967 1
830 12077 1
830 12958 1
830 12974 1
830 14324 1
830 14422 1
1753 2251 1
1753 14481 1
2841 11902 1
2841 11905 1
16354 15024 1
6724 7669 1
6724 7768 1
6724 10947 1
5562 15299 1
168 6073 1
168 6158 1
168 6160 1
168 7547 1
168 7582 1
168 7583 1
168 14324 1
1685 9279 1
1685 12331 1
1685 12334 1
1685 12728 1
1685 13239 1
1685 13516 1
1685 14520 1
1685 15030 1
1685 15193 1
1685 15194 1
1685 15262 1
1685 15272 1
1685 15295 1
1685 15304 1
1685 15307 1
1685 15445 1
1685 15519 1
3464 6851 1
3464 14434 1
3880 12004 1
3880 12077 1
3880 12133 1
3880 12181 1
3880 13041 1
3880 14435 1
283 7486 1
12913 12242 1
943 6195 1
943 6209 1
943 6616 1
943 10110 1
943 12917 1
974 8517 1
974 9354 1
974 9593 1
974 12156 1
974 13074 1
974 13722 1
974 15549 1
974 15604 1
4217 7548 1
4217 7711 1
4217 7719 1
4217 8357 1
4217 8704 1
4217 10185 1
4217 12132 1
4217 14500 1
11797 12423 1
17409 15631 1
6840 7892 1
6840 12032 1
8509 6118 1
11035 11937 1
9744 13384 1
7206 6615 1
10473 12315 1
3055 1755 1
3055 1761 1
2247 6476 1
2598 7591 1
7859 5639 1
3205 10106 1
3205 11320 1
3205 12032 1
3205 12917 1
3205 12974 1
4341 7848 1
4341 14537 1
13428 12099 1
6891 6306 1
9215 12077 1
9215 14435 1
6139 6118 1
6139 12075 1
7106 13403 1
14398 14505 1
14398 15023 1
14398 15175 1
1062 6324 1
1062 6752 1
1062 7369 1
1062 7387 1
1062 7437 1
1062 7443 1
1062 7575 1
1062 7638 1
1062 7851 1
1062 12095 1
1062 12278 1
1062 14427 1
11071 14039 1
13334 10295 1
8119 11930 1
8323 6118 1
2601 6602 1
7376 12328 1
7376 13583 1
3828 6067 1
3828 12024 1
3828 13198 1
164 112 1
164 6666 1
9051 6165 1
3479 11781 1
948 6330 1
948 6693 1
948 8664 1
948 10602 1
948 13411 1
69 11920 1
69 11925 1
69 11977 1
69 12088 1
69 12101 1
69 12104 1
69 12135 1
69 12230 1
69 12974 1
69 13179 1
69 14318 1
69 14373 1
69 14393 1
69 14426 1
69 14428 1
69 14434 1
69 14435 1
69 14455 1
9655 12353 1
4988 11974 1
4988 12006 1
4988 12011 1
4988 12016 1
4988 12017 1
4988 12032 1
4988 12515 1
4988 12574 1
4988 12788 1
4988 12958 1
4988 13036 1
4988 14310 1
4988 14325 1
2850 7871 1
2850 7883 1
2850 7885 1
2850 7892 1
2850 8585 1
2850 12432 1
2850 12441 1
2850 12453 1
2850 13163 1
1207 12240 1
1795 11601 1
12080 8768 1
6167 12649 1
6167 12974 1
16083 13317 1
1940 13096 1
1344 7831 1
1344 8166 1
1344 8467 1
1344 8639 1
1344 10137 1
1344 10272 1
1344 10372 1
1344 10410 1
1344 10463 1
1344 10576 1
1344 10581 1
1344 10592 1
1344 10612 1
1344 10620 1
1344 10667 1
1344 10689 1
1344 10701 1
1344 10810 1
1344 10814 1
1344 10823 1
1344 11093 1
1344 11368 1
1344 11561 1
1344 12574 1
1344 12785 1
1344 13120 1
1344 13206 1
1344 13303 1
207 7586 1
207 7695 1
207 7787 1
207 10143 1
207 10146 1
207 10189 1
207 10803 1
207 10880 1
207 11420 1
207 12461 1
207 12467 1
207 12681 1
207 12958 1
207 13072 1
207 13097 1
207 13159 1
207 14324 1
207 14349 1
207 14395 1
207 14474 1
207 14502 1
207 14560 1
207 14815 1
207 14900 1
207 14919 1
207 14946 1
207 14958 1
207 14960 1
207 15151 1
207 15168 1
14040 11072 1
14040 13076 1
2557 8547 1
2348 7505 1
2348 7616 1
2348 7740 1
2348 7934 1
2348 11320 1
2348 11985 1
2348 12235 1
2348 12981 1
9249 9269 1
1612 8232 1
1612 13377 1
1612 13389 1
1612 15115 1
9002 6657 1
17182 14506 1
17182 14532 1
1183 6313 1
1183 7594 1
1183 8585 1
7936 14513 1
7936 14944 1
7433 12716 1
7433 13506 1
5595 4185 1
394 84 1
8171 12143 1
1233 6330 1
1233 7094 1
1233 7739 1
1233 7866 1
1233 10201 1
1233 12032 1
1233 12441 1
1233 12449 1
1233 12469 1
1233 12974 1
1233 14487 1
1233 14540 1
1233 14542 1
9018 13198 1
12997 12199 1
713 12101 1
713 14435 1
16095 13389 1
5130 4129 1
5130 8732 1
7858 12404 1
796 12154 1
796 12402 1
796 14462 1
9777 14540 1
6857 7892 1
6857 12341 1
6857 12461 1
507 12087 1
507 12273 1
6706 12466 1
403 8357 1
403 10434 1
403 12236 1
403 12296 1
403 12461 1
403 12488 1
403 13457 1
231 12384 1
1934 13484 1
15838 13028 1
3530 6957 1
9493 7095 1
5512 14478 1
4378 14536 1
6117 7430 1
6117 11896 1
6117 12784 1
10415 13092 1
3367 14518 1
5962 10312 1
9265 7949 1
1882 5687 1
1882 5727 1
1882 5794 1
1882 9263 1
1882 13745 1
3005 6260 1
3005 6851 1
3005 7791 1
3005 12599 1
9461 7778 1
14965 12974 1
8348 6119 1
3875 6015 1
3456 13380 1
12663 14554 1
367 10312 1
367 11931 1
367 11995 1
367 12133 1
4182 12154 1
4182 14378 1
4182 14398 1
3709 7814 1
3709 7863 1
3709 12032 1
3709 13380 1
6101 6700 1
8514 12104 1
2117 8910 1
2117 12265 1
2117 13398 1
11806 12223 1
11598 9240 1
11598 14887 1
12617 12980 1
6509 12299 1
11426 11970 1
3449 8790 1
3449 9207 1
3449 11112 1
3449 11792 1
3449 13355 1
282 6158 1
282 7863 1
282 14349 1
3962 12033 1
3962 12255 1
3962 13180 1
3962 14427 1
3947 7583 1
3947 14435 1
1127 6266 1
1127 7769 1
1127 12331 1
1127 13512 1
1127 15035 1
1127 15237 1
4824 15625 1
8045 14707 1
9199 6306 1
5576 10988 1
5576 11657 1
9251 11921 1
9531 6745 1
8197 12133 1
8933 14324 1
4149 7622 1
4149 7808 1
4149 7838 1
4149 11983 1
306 11973 1
306 11994 1
306 11997 1
306 11997 1
306 12008 1
306 12014 1
306 12016 1
306 12024 1
306 12027 1
306 12075 1
306 12097 1
306 12102 1
306 12128 1
306 12199 1
306 12402 1
306 13116 1
306 13147 1
306 13198 1
306 14348 1
306 14431 1
3546 8703 1
3546 8975 1
557 12190 1
557 12384 1
557 13120 1
8335 11920 1
8335 14427 1
1843 14554 1
5733 12089 1
5733 15196 1
5733 15251 1
5733 15304 1
1562 11544 1
3362 13024 1
4845 8399 1
4845 8937 1
4845 9240 1
4845 11659 1
4845 15767 1
17371 14985 1
871 6067 1
7819 10393 1
6968 12519 1
1014 10274 1
1014 12004 1
1014 14737 1
8523 12104 1
126 6097 1
126 6136 1
126 6140 1
126 6143 1
126 6246 1
126 6370 1
126 7007 1
126 7404 1
126 7406 1
126 7409 1
126 7421 1
126 7499 1
126 7545 1
126 7651 1
126 10104 1
126 10110 1
126 11922 1
126 11923 1
126 11925 1
126 11937 1
126 12002 1
126 12103 1
126 12113 1
126 12187 1
126 12237 1
126 12515 1
126 12681 1
126 12982 1
126 13265 1
126 14311 1
126 14415 1
126 14423 1
549 2251 1
2769 10277 1
2769 10487 1
2769 11378 1
2769 11477 1
2769 11918 1
2769 12092 1
2769 12103 1
2769 12295 1
2769 13028 1
2769 13163 1
13196 12320 1
5896 4109 1
5204 11967 1
5204 15304 1
624 6037 1
624 6066 1
624 6128 1
624 7590 1
624 7617 1
624 12088 1
1232 4205 1
1232 13198 1
739 6077 1
4055 7559 1
4055 12014 1
7487 10575 1
7487 11105 1
609 6000 1
12030 7918 1
11892 12974 1
11405 13279 1
6349 11320 1
11503 12104 1
10296 13691 1
1875 9357 1
1875 13682 1
1875 13691 1
1875 13745 1
1875 13785 1
839 6059 1
839 6119 1
839 7371 1
839 7725 1
12666 10205 1
4397 7949 1
4397 8659 1
4397 10108 1
2763 13145 1
2203 14514 1
103 7773 1
6127 12301 1
7504 14646 1
13553 15035 1
5164 5045 1
9454 11244 1
15306 14345 1
15306 14492 1
2657 6267 1
2657 8301 1
4457 6324 1
3174 4166 1
3633 6604 1
3633 12715 1
2449 12461 1
12423 14500 1
8396 14434 1
3953 7422 1
3953 7650 1
3953 12236 1
3953 13180 1
1373 9141 1
1373 10226 1
1373 10250 1
1373 10931 1
1373 10955 1
1373 10991 1
1373 10992 1
1373 11008 1
1373 11010 1
1373 11059 1
1373 11279 1
1373 12075 1
1373 12323 1
1373 13011 1
1373 13066 1
1373 13097 1
1373 13125 1
1373 13231 1
1373 13246 1
1373 13250 1
1373 14828 1
1373 14903 1
1373 14975 1
1373 15262 1
11895 11972 1
373 7689 1
373 7700 1
373 7712 1
373 10120 1
373 11985 1
373 12015 1
373 12135 1
373 12174 1
373 12192 1
373 12203 1
373 12241 1
373 12355 1
373 12649 1
373 14325 1
373 14350 1
373 14373 1
373 14399 1
373 14426 1
373 14428 1
373 14448 1
373 14449 1
373 14457 1
373 14458 1
373 14465 1
3355 11345 1
3355 11700 1
3451 2052 1
3451 2162 1
5571 7719 1
1597 9279 1
1597 9347 1
1597 9357 1
1597 9522 1
1597 9677 1
1597 9782 1
1597 9806 1
1597 10601 1
1597 10651 1
1597 11384 1
1597 12056 1
1597 14003 1
1597 14310 1
1597 14562 1
1597 14879 1
7822 7371 1
12777 12032 1
1013 12022 1
1013 12099 1
1013 12280 1
1013 12441 1
4589 12461 1
4589 14944 1
17175 14478 1
8282 12075 1
8282 12974 1
2893 6851 1
2893 7615 1
2893 9201 1
2893 11617 1
7507 12161 1
7507 12207 1
7507 13899 1
7507 15041 1
2105 15572 1
4536 14903 1
15044 14427 1
10826 8232 1
10031 14415 1
4158 10135 1
12367 10678 1
12367 14640 1
12367 15380 1
13836 10920 1
2703 12293 1
2703 12315 1
2703 12321 1
2703 12325 1
2703 12337 1
2703 12356 1
2703 12372 1
2703 12456 1
2703 12478 1
2703 12712 1
2703 12792 1
2703 13245 1
253 12077 1
253 12088 1
6391 4205 1
3745 11920 1
3745 11983 1
3745 12138 1
3745 12169 1
3745 12515 1
3745 12974 1
3745 13198 1
3745 14373 1
1035 7853 1
1035 8889 1
1035 8964 1
1035 9160 1
1035 10810 1
1035 11649 1
1035 12308 1
1035 13384 1
1035 14500 1
4233 14427 1
4233 14513 1
15239 13003 1
10605 8399 1
2113 9227 1
2113 9663 1
2113 9939 1
2113 11750 1
2113 11767 1
2113 14043 1
2113 14066 1
2113 14222 1
8318 6250 1
8941 14311 1
2120 16081 1
5191 7508 1
3853 12075 1
8991 10186 1
8991 10208 1
5660 10313 1
5841 5387 1
1067 9091 1
1067 9096 1
1067 9108 1
1067 9132 1
1067 9133 1
1067 9140 1
1067 9157 1
1067 9233 1
1067 9259 1
1067 9261 1
1067 9263 1
1067 9268 1
1067 9271 1
1067 9328 1
1067 9341 1
1067 9379 1
1067 9458 1
1067 9522 1
1067 9572 1
1067 9701 1
1067 9710 1
1067 9736 1
1067 9830 1
1067 9935 1
1067 9969 1
1067 10002 1
1067 10011 1
1067 10049 1
1067 10057 1
1067 11218 1
1067 11254 1
1067 11320 1
1067 11430 1
1067 11693 1
1067 11975 1
1067 12085 1
1067 12102 1
1067 12122 1
1067 12151 1
1067 12179 1
1067 12190 1
1067 12261 1
1067 12274 1
1067 12283 1
1067 12288 1
1067 12301 1
1067 12320 1
1067 12341 1
1067 12388 1
1067 12404 1
1067 12425 1
1067 12432 1
1067 12447 1
1067 12465 1
1067 12476 1
1067 12477 1
1067 12479 1
1067 12493 1
1067 12510 1
1067 12516 1
1067 12548 1
1067 12611 1
1067 12631 1
1067 12792 1
1067 12917 1
1067 13007 1
1067 13020 1
1067 13035 1
1067 13066 1
1067 13096 1
1067 13138 1
1067 13139 1
1067 13140 1
1067 13179 1
1067 13201 1
1067 13217 1
1067 13219 1
1067 13222 1
1067 13302 1
1067 13315 1
1067 13316 1
1067 13321 1
1067 13334 1
1067 13384 1
1067 13391 1
1067 13396 1
1067 13412 1
1067 13445 1
1067 13457 1
1067 13467 1
1067 13485 1
1067 13489 1
1067 13490 1
1067 13493 1
1067 13497 1
1067 13504 1
1067 13506 1
1067 13522 1
1067 13523 1
1067 13530 1
1067 13544 1
1067 13550 1
1067 13587 1
1067 13589 1
1067 13599 1
1067 13641 1
1067 13654 1
1067 13663 1
1067 13685 1
1067 13688 1
1067 13697 1
1067 13739 1
1067 13786 1
1067 13805 1
1067 13898 1
1067 13926 1
1067 13962 1
1067 13963 1
1067 13988 1
1067 14026 1
1067 14076 1
1067 14089 1
1067 14145 1
1067 14212 1
1067 14244 1
1067 14258 1
1067 14261 1
1067 14282 1
1067 14383 1
1067 14560 1
1067 14608 1
1067 14734 1
1067 14865 1
1067 14975 1
1067 15052 1
1067 15071 1
1067 15117 1
1067 15195 1
1067 15199 1
1067 15244 1
1067 15564 1
1067 15613 1
1067 15624 1
5094 6745 1
6607 7331 1
6607 9163 1
10545 6727 1
3068 9236 1
3068 11244 1
3068 11370 1
3068 14900 1
3068 15308 1
3068 15435 1
666 12104 1
2666 5497 1
2666 6259 1
2666 6403 1
2666 7582 1
229 11927 1
229 11961 1
229 11962 1
229 11983 1
229 11994 1
229 12007 1
229 12137 1
45 6118 1
7444 6564 1
7444 13198 1
7830 7769 1
563 7670 1
14577 14324 1
14577 14325 1
648 7684 1
648 7712 1
648 12104 1
648 12133 1
648 12192 1
648 12649 1
648 12974 1
648 14427 1
648 14457 1
8962 6327 1
1214 12155 1
1214 12461 1
1214 12478 1
1214 12514 1
1214 13044 1
1214 13517 1
1214 13527 1
1214 13530 1
1214 13580 1
1214 15258 1
1214 15408 1
1214 15441 1
1214 15445 1
11821 12104 1
4445 12710 1
647 6119 1
647 6128 1
647 7377 1
647 12104 1
647 12133 1
3840 6140 1
4054 11972 1
14027 13163 1
9905 6580 1
3385 7571 1
3385 8301 1
699 7583 1
5331 8920 1
5331 15529 1
3167 7783 1
3167 9307 1
3167 15915 1
8927 10132 1
8927 10814 1
8927 10955 1
177 14325 1
5874 7059 1
5874 10150 1
5874 10987 1
5874 11303 1
5874 11421 1
5874 11722 1
4006 14427 1
4192 6700 1
6953 12461 1
7953 6770 1
5596 6364 1
10898 15329 1
5134 4109 1
4769 6956 1
4769 6957 1
4769 9289 1
2623 6211 1
2623 7767 1
2623 7938 1
2623 8651 1
2623 8919 1
2623 9016 1
2623 11967 1
2623 12210 1
2623 12382 1
2623 13097 1
4574 9207 1
4574 11588 1
4574 11659 1
4574 12461 1
4574 12671 1
4574 13307 1
219 10415 1
219 10480 1
219 10988 1
219 11319 1
219 12103 1
219 12251 1
219 13241 1
219 14451 1
219 14558 1
219 14872 1
219 15034 1
219 15054 1
219 15077 1
219 15233 1
219 15530 1
219 16049 1
3310 3976 1
8070 13512 1
6918 7906 1
6918 11342 1
2007 9695 1
2007 11847 1
3755 7627 1
4069 8846 1
4069 11972 1
4069 11977 1
4069 11983 1
4069 11985 1
4069 12077 1
4069 12169 1
8892 12255 1
8892 14307 1
58 219 1
58 6209 1
58 6559 1
58 6866 1
6044 4522 1
2614 11986 1
2614 12020 1
2614 12088 1
2614 12097 1
2614 12101 1
2614 12192 1
2614 13198 1
2614 14396 1
2614 14434 1
8275 10843 1
8275 11275 1
1305 7791 1
1305 10188 1
4094 12192 1
4094 12355 1
4094 14373 1
5689 12368 1
5689 12372 1
5689 12384 1
10391 12210 1
291 12087 1
291 14434 1
8635 12328 1
5777 9404 1
5777 9782 1
5777 10999 1
5777 13587 1
5777 13642 1
2339 6648 1
2339 8642 1
1488 6067 1
1488 6718 1
1488 6724 1
4553 10313 1
6001 12104 1
11652 14324 1
13264 12133 1
13264 12133 1
7427 6896 1
7427 7044 1
7427 7907 1
12396 13517 1
6868 6313 1
6625 15520 1
5432 14159 1
16713 13583 1
15781 13096 1
15781 13475 1
831 10117 1
640 12099 1
640 14331 1
640 14377 1
640 14427 1
640 14428 1
640 14444 1
640 14454 1
640 14457 1
640 14460 1
640 14519 1
640 14540 1
6180 6158 1
13409 10205 1
9795 13163 1
1598 4179 1
2912 11983 1
2912 12043 1
2912 12440 1
2912 14427 1
14295 15095 1
5262 11985 1
5262 12024 1
5262 12138 1
5262 12216 1
5262 12293 1
5262 12337 1
5262 12341 1
5262 12382 1
6336 6657 1
14964 13198 1
1203 6659 1
1203 7714 1
3651 12015 1
3651 12100 1
3651 12101 1
3651 12402 1
3651 13041 1
3651 14432 1
4015 8494 1
4015 10135 1
4015 10988 1
16 7416 1
16 7452 1
16 14311 1
110 7387 1
110 7621 1
10661 12226 1
2004 6302 1
11914 12288 1
11021 11037 1
3997 6850 1
13664 11348 1
6643 12324 1
11758 12974 1
512 7719 1
512 8846 1
512 12092 1
512 12466 1
512 13003 1
512 13120 1
512 14435 1
512 14574 1
5112 6884 1
3381 11521 1
1382 14479 1
13078 13655 1
5283 12341 1
11976 11332 1
6082 7422 1
6082 11930 1
6082 12024 1
6082 12059 1
6082 14427 1
2857 5420 1
2857 5503 1
2857 8177 1
2857 8300 1
2857 9263 1
558 7821 1
558 14415 1
218 10560 1
2852 7848 1
8028 7087 1
8028 7950 1
8028 11248 1
8028 13097 1
2822 1395 1
4124 12040 1
4124 12133 1
4124 12306 1
4124 12316 1
4124 12435 1
4124 12444 1
4124 12448 1
4124 12474 1
4124 14505 1
4124 14528 1
4124 14554 1
109 12393 1
109 14353 1
109 14354 1
109 14355 1
109 14356 1
109 14357 1
109 14358 1
109 14359 1
109 14360 1
109 14393 1
109 14394 1
109 14445 1
109 14454 1
109 14468 1
109 14477 1
109 14524 1
109 14542 1
109 14557 1
109 14558 1
109 14660 1
109 14765 1
109 14944 1
17353 15548 1
11988 12310 1
11988 12335 1
11988 12341 1
7721 9263 1
2932 14674 1
751 11419 1
9332 12102 1
987 12312 1
987 14487 1
7017 11137 1
7017 12100 1
10056 12241 1
10056 13120 1
10056 13198 1
7681 8910 1
7681 9018 1
7681 15329 1
5683 13365 1
8561 6119 1
6125 7583 1
3027 15613 1
9998 8403 1
9998 8535 1
5297 7927 1
12834 13569 1
7519 14434 1
4572 6615 1
4572 8590 1
4572 12523 1
4572 12948 1
7536 13654 1
7536 13665 1
11705 13180 1
11705 14434 1
6753 4200 1
2858 8240 1
9782 7892 1
9782 12441 1
1932 4797 1
9649 7081 1
4202 7769 1
4202 12107 1
9670 14510 1
6556 10132 1
5714 8651 1
5714 11424 1
5714 13136 1
5714 13300 1
5714 13340 1
5714 14900 1
