454 210 1
454 204 1
454 253 1
454 0 1
454 214 1
454 1 1
454 16 1
454 233 1
454 8 1
454 213 1
454 254 1
454 206 1
454 7 1
13 233 1
13 210 1
13 234 1
13 204 1
1065 12 1
1065 9 1
1065 256 1
1065 0 1
1065 1 1
341 3 1
341 1 1
341 256 1
341 234 1
341 206 1
60 206 1
60 213 1
60 233 1
60 6 1
60 212 1
60 0 1
1370 8 1
1370 206 1
1370 240 1
1438 243 1
1438 215 1
1438 0 1
1438 2 1
1438 253 1
1438 256 1
1438 209 1
1438 246 1
1438 1555 1
1438 120 1
1438 210 1
1438 213 1
1438 1 1
1438 16 1
1438 252 1
1438 3 1
1438 6 1
1438 83 1
1438 216 1
1438 255 1
1438 244 1
1438 242 1
1438 204 1
1438 219 1
1438 12 1
395 1230 1
395 1228 1
395 391 1
395 849 1
395 1 1
395 946 1
395 1220 1
395 829 1
395 1225 1
395 215 1
395 30 1
395 535 1
395 338 1
395 0 1
395 453 1
395 1221 1
395 1226 1
395 210 1
395 1223 1
395 16 1
395 6 1
395 1227 1
395 390 1
395 877 1
395 500 1
395 1224 1
395 1010 1
395 519 1
28 298 1
28 296 1
28 304 1
28 217 1
28 279 1
28 282 1
28 302 1
28 266 1
28 292 1
28 295 1
28 289 1
28 269 1
28 267 1
28 272 1
28 290 1
28 264 1
28 278 1
28 283 1
28 263 1
28 268 1
491 83 1
491 120 1
491 240 1
491 256 1
491 251 1
491 243 1
491 212 1
491 214 1
491 238 1
491 206 1
491 248 1
491 210 1
491 16 1
491 215 1
491 11 1
491 233 1
491 213 1
491 6 1
491 1 1
491 0 1
491 244 1
491 249 1
491 7 1
105 6 1
105 1 1
105 4 1
105 238 1
105 216 1
714 1 1
714 2 1
714 206 1
714 0 1
714 10 1
714 219 1
714 204 1
240 2 1
240 252 1
415 233 1
415 6 1
415 242 1
415 1 1
415 16 1
415 210 1
1107 251 1
1107 234 1
1107 204 1
1107 243 1
1107 1 1
1107 240 1
1107 250 1
1107 252 1
1107 232 1
1107 7 1
1107 214 1
1107 216 1
1107 256 1
1107 206 1
1107 16 1
1107 205 1
1107 12 1
1107 213 1
1107 6 1
1107 254 1
1107 210 1
1107 249 1
1107 246 1
1107 219 1
1107 248 1
706 9 1
706 206 1
706 1 1
656 214 1
656 209 1
656 1 1
656 240 1
656 250 1
656 243 1
656 251 1
656 0 1
656 210 1
656 10 1
656 216 1
656 246 1
656 233 1
656 248 1
656 252 1
656 3 1
656 218 1
656 8 1
656 254 1
656 213 1
656 206 1
656 249 1
656 7 1
656 2 1
656 12 1
67 240 1
67 211 1
67 2 1
67 232 1
67 250 1
67 204 1
67 7 1
67 9 1
67 214 1
67 255 1
67 216 1
67 1 1
67 206 1
67 247 1
67 16 1
67 249 1
67 6 1
67 8 1
67 213 1
67 254 1
67 120 1
67 0 1
67 210 1
67 246 1
67 248 1
394 7 1
394 209 1
394 11 1
394 235 1
394 215 1
394 243 1
394 253 1
394 210 1
394 256 1
394 10 1
394 240 1
394 3 1
394 233 1
394 211 1
394 254 1
394 252 1
394 219 1
394 6 1
394 1 1
394 206 1
394 255 1
394 249 1
394 16 1
224 10 1
224 246 1
224 232 1
224 204 1
224 7 1
224 9 1
224 0 1
224 214 1
224 3 1
224 243 1
224 120 1
224 210 1
224 6 1
224 16 1
224 249 1
224 233 1
224 12 1
224 252 1
224 216 1
224 254 1
224 256 1
224 206 1
224 255 1
224 219 1
224 242 1
648 12 1
296 219 1
750 0 1
750 1 1
1119 213 1
1119 0 1
1119 214 1
1119 12 1
1491 3 1
1491 2 1
1491 232 1
1491 210 1
1491 0 1
1491 1659 1
1491 12 1
1491 1 1
736 232 1
736 204 1
736 209 1
736 206 1
736 3 1
736 6 1
736 253 1
736 1 1
204 2 1
204 250 1
204 204 1
204 232 1
204 9 1
204 214 1
204 255 1
204 216 1
204 3 1
204 206 1
204 6 1
204 249 1
204 247 1
204 254 1
204 213 1
204 1 1
204 0 1
204 242 1
204 7 1
204 12 1
1167 346 1
1167 716 1
1167 917 1
1167 210 1
1167 876 1
529 10 1
529 243 1
529 1 1
529 215 1
529 250 1
529 210 1
529 251 1
529 0 1
529 214 1
529 639 1
529 216 1
529 246 1
529 6 1
529 16 1
529 8 1
529 213 1
529 2 1
529 256 1
529 206 1
529 249 1
529 248 1
1363 2 1
432 142 1
432 578 1
432 1229 1
432 277 1
432 1261 1
432 1260 1
432 674 1
432 1219 1
432 1263 1
432 1266 1
432 780 1
950 6 1
950 3 1
950 12 1
950 211 1
950 235 1
950 16 1
1461 7 1
1461 216 1
1461 214 1
1461 240 1
1461 255 1
1461 215 1
1461 243 1
1461 205 1
1461 253 1
1461 0 1
1461 238 1
1461 246 1
1461 248 1
1461 210 1
1461 16 1
1461 83 1
1461 247 1
1461 12 1
1461 213 1
1461 252 1
1461 6 1
1461 218 1
1461 242 1
1461 249 1
1461 219 1
643 776 1
643 433 1
643 0 1
643 206 1
1436 467 1
1436 841 1
1436 317 1
1436 101 1
1436 253 1
1436 511 1
1436 289 1
1436 899 1
1436 1037 1
1436 879 1
1436 1 1
1436 341 1
1436 1122 1
1436 846 1
691 211 1
691 0 1
691 212 1
691 238 1
691 12 1
691 216 1
691 204 1
691 233 1
580 6 1
534 1 1
534 248 1
534 0 1
534 232 1
534 7 1
534 253 1
534 210 1
534 256 1
534 255 1
534 10 1
534 238 1
534 240 1
534 3 1
534 16 1
534 6 1
534 11 1
534 252 1
534 213 1
534 218 1
534 216 1
534 250 1
534 242 1
534 249 1
534 233 1
534 246 1
748 8 1
748 0 1
748 256 1
748 6 1
748 1 1
859 10 1
859 214 1
859 7 1
859 206 1
859 204 1
1176 537 1
1176 4 1
1379 1 1
1379 206 1
188 1 1
188 215 1
188 240 1
188 841 1
188 232 1
188 0 1
188 256 1
188 10 1
188 6 1
188 249 1
188 16 1
188 8 1
188 254 1
188 214 1
1245 234 1
1245 204 1
1245 7 1
1245 1 1
1245 240 1
1245 205 1
1245 249 1
1245 219 1
1245 253 1
1245 251 1
1245 2 1
1245 3 1
1245 10 1
1245 250 1
1245 216 1
1245 16 1
1245 233 1
1245 252 1
1245 213 1
1245 256 1
1245 206 1
1245 245 1
1245 214 1
1245 120 1
1245 12 1
1182 3 1
1182 238 1
1182 1447 1
1182 763 1
1182 7 1
1182 4 1
1182 219 1
1182 206 1
1182 210 1
1182 5 1
236 250 1
236 3 1
236 206 1
236 219 1
236 0 1
236 4 1
236 204 1
282 214 1
282 10 1
282 12 1
725 235 1
725 240 1
725 215 1
725 253 1
725 0 1
725 216 1
725 1 1
725 3 1
725 16 1
725 233 1
725 6 1
725 213 1
725 206 1
725 249 1
725 246 1
816 215 1
816 240 1
816 2 1
816 204 1
816 253 1
816 256 1
816 245 1
816 255 1
816 216 1
816 246 1
816 206 1
816 247 1
816 16 1
816 1 1
816 233 1
816 6 1
816 213 1
816 235 1
816 254 1
816 248 1
816 0 1
816 210 1
816 249 1
816 7 1
816 12 1
342 6 1
630 243 1
630 250 1
630 204 1
630 246 1
630 205 1
630 253 1
630 251 1
630 0 1
630 256 1
630 209 1
630 1 1
630 240 1
630 210 1
630 3 1
630 5 1
630 233 1
630 11 1
630 252 1
630 218 1
630 213 1
630 206 1
630 249 1
630 232 1
630 248 1
630 12 1
887 238 1
887 11 1
887 232 1
887 206 1
887 16 1
887 0 1
887 256 1
887 10 1
887 219 1
887 3 1
1276 16 1
1276 1 1
2 176 1
2 125 1
2 186 1
2 143 1
2 156 1
2 130 1
2 150 1
2 5 1
2 121 1
2 115 1
2 157 1
2 119 1
2 185 1
2 108 1
2 155 1
2 86 1
2 129 1
2 50 1
2 148 1
2 31 1
2 188 1
2 17 1
2 14 1
2 78 1
2 101 1
2 82 1
2 100 1
2 190 1
2 45 1
2 75 1
2 85 1
2 25 1
2 67 1
2 117 1
2 147 1
2 187 1
2 32 1
2 110 1
2 182 1
2 48 1
2 15 1
2 140 1
2 81 1
2 179 1
2 160 1
2 201 1
2 92 1
2 64 1
2 153 1
2 74 1
2 63 1
2 133 1
2 54 1
2 37 1
2 152 1
2 138 1
2 29 1
2 70 1
2 19 1
2 168 1
2 189 1
2 178 1
2 99 1
2 90 1
2 120 1
2 73 1
2 171 1
2 151 1
2 56 1
2 46 1
2 199 1
2 52 1
2 124 1
2 177 1
2 88 1
2 53 1
2 39 1
2 170 1
2 59 1
2 34 1
1314 0 1
1314 2 1
1314 12 1
1398 1 1
1398 232 1
1398 204 1
1398 206 1
1398 6 1
1398 0 1
1398 249 1
1398 234 1
1398 240 1
1398 12 1
1334 219 1
1334 234 1
1334 204 1
1334 211 1
1334 1 1
1334 240 1
1334 250 1
1334 0 1
1334 246 1
1334 210 1
1334 243 1
1334 256 1
1334 206 1
1334 248 1
1334 3 1
1334 16 1
1334 233 1
1334 254 1
1334 252 1
1334 213 1
1334 6 1
1334 216 1
1334 7 1
1334 249 1
1334 12 1
158 11 1
158 235 1
158 215 1
158 1 1
158 10 1
158 6 1
1312 1597 1
151 250 1
151 206 1
151 7 1
151 0 1
151 209 1
151 249 1
151 11 1
151 16 1
151 6 1
151 240 1
151 210 1
984 214 1
984 215 1
984 204 1
984 0 1
984 10 1
984 16 1
984 233 1
984 6 1
984 216 1
984 2 1
984 12 1
45 219 1
45 250 1
45 232 1
45 4 1
45 206 1
45 249 1
45 7 1
45 9 1
45 1 1
596 7 1
596 2 1
596 240 1
596 215 1
596 204 1
596 0 1
596 1 1
596 206 1
596 233 1
596 8 1
596 6 1
596 219 1
596 120 1
913 214 1
913 238 1
913 1653 1
913 6 1
913 249 1
913 11 1
913 16 1
913 252 1
913 3 1
913 218 1
913 210 1
244 248 1
244 7 1
244 205 1
244 9 1
244 251 1
244 210 1
244 0 1
244 245 1
244 10 1
244 238 1
244 216 1
244 1 1
244 243 1
244 120 1
244 206 1
244 6 1
244 11 1
244 16 1
244 254 1
244 252 1
244 3 1
244 218 1
244 244 1
244 242 1
244 249 1
320 206 1
320 1 1
320 219 1
320 0 1
320 12 1
320 238 1
320 204 1
435 599 1
435 250 1
435 246 1
435 306 1
435 728 1
435 1270 1
435 16 1
435 252 1
435 725 1
435 210 1
435 249 1
435 1272 1
61 6 1
654 6 1
654 243 1
654 0 1
654 10 1
654 12 1
302 11 1
302 214 1
302 6 1
302 204 1
302 240 1
302 250 1
302 243 1
302 0 1
302 10 1
302 16 1
302 213 1
302 206 1
302 12 1
1114 0 1
1114 240 1
1114 83 1
1114 250 1
1114 232 1
1114 204 1
1114 120 1
1114 243 1
1114 255 1
1114 206 1
1114 214 1
1114 1 1
1114 205 1
1114 210 1
1114 247 1
1114 16 1
1114 6 1
1114 12 1
1114 8 1
1114 213 1
1114 256 1
1114 245 1
1114 249 1
1114 246 1
1114 219 1
971 250 1
971 232 1
971 844 1
971 7 1
971 205 1
971 253 1
971 251 1
971 210 1
971 256 1
971 1 1
971 248 1
971 3 1
971 16 1
971 6 1
971 254 1
971 8 1
971 213 1
971 219 1
971 244 1
971 206 1
971 255 1
971 249 1
971 233 1
971 2 1
971 12 1
1350 205 1
1350 206 1
1350 0 1
1350 12 1
1350 1 1
146 243 1
146 215 1
146 249 1
146 232 1
146 7 1
146 205 1
146 0 1
146 256 1
146 214 1
146 209 1
146 1 1
146 240 1
146 210 1
146 16 1
146 211 1
146 254 1
146 8 1
146 6 1
146 234 1
146 2 1
146 250 1
146 244 1
146 206 1
146 219 1
146 12 1
1111 235 1
1111 234 1
1111 6 1
1111 3 1
1111 2 1
1111 7 1
1111 0 1
1111 212 1
242 434 1
242 4 1
242 340 1
242 335 1
242 240 1
242 778 1
242 235 1
242 209 1
242 232 1
242 212 1
242 924 1
242 10 1
242 3 1
242 925 1
242 338 1
242 6 1
242 932 1
242 929 1
242 16 1
242 233 1
242 390 1
242 254 1
242 252 1
242 927 1
242 218 1
242 1 1
242 8 1
242 693 1
242 210 1
242 928 1
242 219 1
130 250 1
1447 10 1
1447 1 1
1447 256 1
1447 2 1
1447 240 1
1447 215 1
1447 250 1
1447 204 1
1447 248 1
1447 212 1
1447 238 1
1447 120 1
1447 210 1
1447 16 1
1447 249 1
1447 7 1
1447 233 1
1447 6 1
1447 213 1
1447 0 1
1447 242 1
1447 246 1
1447 12 1
785 254 1
785 247 1
785 12 1
785 215 1
785 9 1
785 256 1
785 0 1
785 204 1
337 12 1
337 216 1
337 234 1
337 7 1
337 1 1
337 9 1
337 210 1
337 0 1
337 206 1
337 204 1
718 120 1
718 240 1
718 215 1
718 232 1
718 253 1
718 206 1
718 256 1
718 10 1
718 0 1
718 235 1
718 210 1
718 6 1
718 216 1
718 204 1
718 16 1
718 233 1
718 8 1
718 213 1
718 254 1
718 214 1
718 255 1
718 249 1
718 246 1
718 219 1
718 12 1
697 7 1
697 249 1
697 5 1
697 1 1
444 246 1
444 243 1
444 232 1
444 245 1
444 0 1
444 10 1
444 209 1
444 210 1
444 3 1
444 216 1
444 5 1
444 233 1
444 213 1
444 6 1
444 1 1
444 206 1
444 12 1
1244 12 1
1138 240 1
1138 250 1
1138 939 1
1138 6 1
1138 256 1
1138 251 1
1138 204 1
1138 253 1
1138 232 1
1138 0 1
1138 1 1
1138 206 1
1138 210 1
1138 3 1
1138 16 1
1138 211 1
1138 780 1
1138 252 1
1138 213 1
1138 218 1
1138 216 1
1138 255 1
1138 249 1
1138 7 1
1138 233 1
1138 12 1
764 3 1
764 1 1
764 12 1
412 1256 1
412 0 1
412 1255 1
412 1 1
412 778 1
412 6 1
412 10 1
412 11 1
412 16 1
412 538 1
412 239 1
412 787 1
1083 214 1
1083 233 1
1083 219 1
1083 4 1
1083 1 1
979 713 1
979 205 1
979 212 1
979 0 1
979 10 1
979 238 1
979 210 1
979 6 1
979 11 1
979 16 1
979 213 1
979 3 1
979 7 1
839 8 1
839 3 1
839 120 1
839 7 1
839 0 1
839 11 1
839 4 1
839 256 1
839 12 1
839 254 1
1052 9 1
1052 256 1
1052 1 1
1290 9 1
1290 256 1
1290 214 1
1290 1 1
1290 233 1
1290 6 1
1290 218 1
1290 8 1
1290 254 1
1290 0 1
1290 206 1
1290 249 1
1290 7 1
1199 10 1
1199 836 1
1199 1 1
1199 1441 1
1199 6 1
1199 254 1
1199 249 1
1199 12 1
1199 7 1
95 205 1
95 255 1
95 210 1
95 0 1
95 245 1
95 10 1
95 3 1
95 246 1
95 233 1
95 247 1
95 250 1
95 216 1
95 16 1
95 83 1
95 254 1
95 252 1
95 213 1
95 6 1
95 256 1
95 244 1
95 206 1
95 2 1
95 7 1
95 219 1
95 120 1
1277 218 1
1277 744 1
1277 10 1
1277 16 1
1277 204 1
1277 12 1
701 928 1
701 1056 1
701 908 1
701 627 1
701 1459 1
701 655 1
701 122 1
701 6 1
701 1423 1
701 1312 1
701 1055 1
701 1049 1
701 1060 1
701 1041 1
701 1064 1
701 235 1
701 445 1
701 1487 1
701 1485 1
701 1454 1
701 1490 1
701 497 1
701 269 1
701 1122 1
701 518 1
701 1500 1
701 899 1
701 1079 1
701 239 1
701 1476 1
701 1407 1
701 1273 1
701 869 1
701 550 1
701 1481 1
701 1042 1
701 858 1
701 1045 1
701 1054 1
701 1499 1
701 50 1
701 1375 1
701 293 1
701 969 1
701 1067 1
701 585 1
701 998 1
701 1364 1
701 763 1
701 206 1
701 1040 1
701 1050 1
701 1362 1
701 2 1
701 1066 1
883 6 1
883 0 1
883 204 1
1227 204 1
1227 83 1
1227 246 1
1227 0 1
1227 10 1
1227 248 1
1227 206 1
1227 215 1
1227 252 1
1227 213 1
1227 1 1
1227 256 1
1227 255 1
1227 249 1
530 1025 1
68 235 1
68 204 1
68 16 1
68 234 1
68 120 1
68 0 1
68 206 1
68 12 1
485 218 1
485 238 1
485 256 1
485 214 1
485 4 1
485 12 1
1028 296 1
613 211 1
613 1361 1
613 1 1
613 1054 1
613 317 1
613 246 1
613 210 1
613 0 1
613 214 1
613 235 1
613 1373 1
613 11 1
613 16 1
613 3 1
613 216 1
613 254 1
613 249 1
613 7 1
613 12 1
615 1 1
615 792 1
615 0 1
615 375 1
615 3 1
615 180 1
615 11 1
615 16 1
615 467 1
615 6 1
615 252 1
615 1058 1
615 1053 1
615 2 1
615 219 1
1326 206 1
1326 1 1
427 2 1
427 250 1
427 232 1
427 204 1
427 7 1
427 9 1
427 214 1
427 216 1
427 1 1
427 243 1
427 3 1
427 16 1
427 249 1
427 11 1
427 233 1
427 6 1
427 12 1
427 8 1
427 213 1
427 254 1
427 0 1
427 210 1
427 255 1
427 246 1
427 120 1
541 210 1
541 213 1
541 7 1
541 238 1
541 0 1
541 9 1
900 7 1
900 249 1
900 12 1
563 256 1
563 12 1
483 7 1
483 235 1
483 0 1
483 1 1
970 250 1
970 1 1
970 243 1
970 253 1
970 251 1
970 210 1
970 256 1
970 0 1
970 246 1
970 206 1
970 3 1
970 216 1
970 234 1
970 16 1
970 247 1
970 248 1
970 213 1
970 6 1
970 83 1
970 8 1
970 255 1
970 249 1
970 7 1
970 219 1
970 12 1
269 83 1
269 10 1
269 7 1
269 1 1
269 240 1
269 250 1
269 243 1
269 9 1
269 0 1
269 256 1
269 246 1
269 12 1
269 254 1
269 210 1
269 16 1
269 233 1
269 6 1
269 248 1
269 252 1
269 213 1
269 216 1
269 206 1
269 255 1
269 249 1
269 219 1
872 2 1
872 206 1
872 269 1
872 240 1
872 12 1
872 1 1
661 68 1
661 7 1
661 256 1
661 640 1
661 16 1
661 597 1
661 6 1
661 254 1
661 1 1
661 510 1
661 210 1
661 12 1
576 210 1
576 7 1
1103 634 1
1103 8 1
1103 1845 1
1103 803 1
1103 312 1
1103 519 1
1103 804 1
1103 768 1
1103 650 1
1103 622 1
1103 646 1
1103 371 1
1103 625 1
1103 632 1
1103 479 1
1103 541 1
1103 446 1
1103 623 1
1103 656 1
1103 361 1
1103 638 1
1103 643 1
1103 620 1
1103 648 1
1103 493 1
1103 372 1
1103 626 1
1103 633 1
1103 630 1
25 213 1
681 10 1
681 3 1
677 1 1
677 3 1
677 2 1
677 4 1
677 8 1
677 210 1
677 11 1
677 240 1
677 12 1
1341 7 1
1341 1 1
1341 215 1
1341 8 1
1341 658 1
1341 250 1
1341 210 1
1341 243 1
1341 0 1
1341 214 1
1341 1665 1
1341 246 1
1341 16 1
1341 249 1
1341 598 1
1341 6 1
1341 213 1
1341 216 1
1341 254 1
1341 206 1
1341 248 1
227 235 1
227 218 1
227 204 1
227 210 1
227 10 1
227 206 1
227 876 1
436 214 1
436 10 1
436 7 1
436 238 1
436 11 1
436 248 1
436 240 1
436 256 1
436 206 1
436 243 1
436 212 1
436 0 1
436 233 1
436 83 1
436 120 1
436 252 1
436 213 1
436 6 1
436 218 1
436 1 1
436 8 1
436 210 1
436 245 1
436 249 1
436 219 1
254 212 1
254 235 1
254 8 1
254 252 1
254 6 1
254 11 1
254 0 1
254 204 1
574 1 1
574 8 1
574 12 1
574 214 1
574 212 1
574 232 1
574 0 1
574 204 1
574 4 1
574 219 1
368 10 1
179 215 1
179 4 1
179 0 1
179 234 1
1291 248 1
1291 240 1
1291 247 1
1291 204 1
1291 232 1
1291 7 1
1291 212 1
1291 210 1
1291 256 1
1291 10 1
1291 238 1
1291 1 1
1291 246 1
1291 245 1
1291 11 1
1291 16 1
1291 233 1
1291 216 1
1291 0 1
1291 206 1
1291 214 1
1291 12 1
742 3 1
742 214 1
742 210 1
742 1 1
742 234 1
742 5 1
381 216 1
381 0 1
381 233 1
381 249 1
381 234 1
381 1211 1
381 12 1
381 204 1
196 212 1
196 83 1
196 7 1
196 0 1
196 235 1
196 240 1
196 243 1
196 210 1
196 204 1
196 246 1
196 9 1
196 10 1
196 249 1
196 16 1
196 250 1
196 216 1
196 247 1
196 6 1
196 254 1
196 252 1
196 213 1
196 219 1
196 256 1
196 206 1
196 255 1
1474 1 1
1474 215 1
1474 248 1
1474 240 1
1474 250 1
1474 243 1
1474 253 1
1474 251 1
1474 0 1
1474 256 1
1474 10 1
1474 255 1
1474 246 1
1474 210 1
1474 3 1
1474 233 1
1474 247 1
1474 254 1
1474 213 1
1474 6 1
1474 216 1
1474 206 1
1474 249 1
1474 16 1
1474 12 1
1241 214 1
1241 6 1
498 1 1
805 1538 1
191 11 1
191 431 1
191 206 1
191 511 1
191 317 1
631 7 1
631 233 1
631 10 1
631 1 1
450 204 1
450 10 1
450 240 1
450 120 1
450 215 1
450 232 1
450 243 1
450 205 1
450 9 1
450 251 1
450 0 1
450 214 1
450 1 1
450 246 1
450 250 1
450 233 1
450 8 1
450 6 1
450 216 1
450 245 1
450 12 1
450 256 1
450 210 1
450 219 1
450 2 1
930 252 1
930 219 1
930 0 1
930 204 1
930 2 1
930 205 1
930 249 1
930 206 1
930 12 1
930 6 1
789 240 1
789 248 1
789 1 1
789 210 1
789 245 1
789 0 1
789 256 1
789 10 1
789 238 1
789 246 1
789 235 1
789 250 1
789 16 1
789 233 1
789 254 1
789 213 1
789 218 1
789 216 1
789 244 1
789 206 1
789 255 1
789 249 1
789 219 1
789 12 1
640 253 1
640 206 1
640 83 1
640 4 1
640 8 1
640 234 1
640 9 1
640 216 1
640 1 1
752 2 1
752 11 1
752 1 1
97 591 1
97 335 1
97 594 1
97 588 1
97 206 1
97 217 1
97 511 1
97 256 1
97 584 1
97 590 1
97 587 1
97 308 1
97 6 1
97 344 1
97 364 1
97 11 1
97 593 1
97 253 1
97 521 1
153 145 1
153 238 1
153 664 1
153 12 1
153 672 1
153 235 1
153 667 1
153 0 1
153 673 1
153 671 1
860 7 1
860 0 1
860 588 1
860 1 1
1374 250 1
1374 204 1
1374 232 1
1374 243 1
1374 256 1
1374 245 1
1374 214 1
1374 238 1
1374 0 1
1374 210 1
1374 3 1
1374 16 1
1374 205 1
1374 254 1
1374 252 1
1374 6 1
1374 218 1
1374 216 1
1374 8 1
1374 234 1
1374 206 1
1374 255 1
1374 249 1
1374 219 1
1374 12 1
894 16 1
894 490 1
317 213 1
317 2 1
317 211 1
317 251 1
317 0 1
317 1 1
317 212 1
317 238 1
317 204 1
160 759 1
160 433 1
160 19 1
160 767 1
160 249 1
160 654 1
160 396 1
160 705 1
160 724 1
160 685 1
160 726 1
160 279 1
160 286 1
160 678 1
160 583 1
160 422 1
160 675 1
160 703 1
160 738 1
160 710 1
160 520 1
160 596 1
160 766 1
160 709 1
160 720 1
160 730 1
160 218 1
160 584 1
160 723 1
160 692 1
160 603 1
160 719 1
160 235 1
160 758 1
160 743 1
160 72 1
160 761 1
160 535 1
160 757 1
160 765 1
160 722 1
160 217 1
160 214 1
160 764 1
160 712 1
160 334 1
160 489 1
160 605 1
160 587 1
160 452 1
160 679 1
160 2 1
160 204 1
160 431 1
160 307 1
160 536 1
160 619 1
160 697 1
160 691 1
160 701 1
160 725 1
160 133 1
160 683 1
160 451 1
160 441 1
160 756 1
160 346 1
160 11 1
160 763 1
160 418 1
160 508 1
160 274 1
160 693 1
160 283 1
160 680 1
160 752 1
160 690 1
160 708 1
160 706 1
160 734 1
160 256 1
160 716 1
160 744 1
160 351 1
160 92 1
160 210 1
160 748 1
160 206 1
160 397 1
160 715 1
160 689 1
160 264 1
160 297 1
160 338 1
160 707 1
160 681 1
160 485 1
1294 83 1
1294 7 1
1294 238 1
1294 1 1
1294 218 1
1294 246 1
1294 243 1
1294 0 1
1294 204 1
1294 253 1
1294 10 1
1294 256 1
1294 248 1
1294 249 1
1294 16 1
1294 120 1
1294 213 1
1294 6 1
1294 216 1
1294 244 1
1294 255 1
1294 219 1
1294 240 1
562 441 1
562 214 1
562 1 1
1327 212 1
1327 1339 1
1327 256 1
1327 10 1
1327 312 1
1327 1765 1
991 285 1
461 6 1
544 12 1
544 249 1
1178 214 1
1178 204 1
607 7 1
607 209 1
607 246 1
607 212 1
607 256 1
607 0 1
607 240 1
607 206 1
607 210 1
607 16 1
607 6 1
607 8 1
607 3 1
607 219 1
607 12 1
554 10 1
554 235 1
554 240 1
554 250 1
554 7 1
554 253 1
554 212 1
554 0 1
554 238 1
554 216 1
554 1 1
554 246 1
554 210 1
554 16 1
554 233 1
554 6 1
554 213 1
554 8 1
554 249 1
554 243 1
424 215 1
424 2 1
424 246 1
424 240 1
424 250 1
424 256 1
424 8 1
424 204 1
424 5 1
424 253 1
424 251 1
424 206 1
424 255 1
424 216 1
424 1 1
424 210 1
424 234 1
424 16 1
424 211 1
424 252 1
424 0 1
424 245 1
424 249 1
424 7 1
424 12 1
1469 11 1
1469 235 1
1469 240 1
1469 232 1
1469 246 1
1469 253 1
1469 210 1
1469 256 1
1469 0 1
1469 214 1
1469 243 1
1469 3 1
1469 215 1
1469 16 1
1469 252 1
1469 251 1
1469 244 1
1469 249 1
657 246 1
657 205 1
657 212 1
657 251 1
657 256 1
657 10 1
657 255 1
657 216 1
657 247 1
657 243 1
657 206 1
657 6 1
657 233 1
657 254 1
657 213 1
657 219 1
657 3 1
657 8 1
657 0 1
657 210 1
657 16 1
657 12 1
1202 209 1
1202 218 1
1202 3 1
1202 204 1
1202 235 1
1202 4 1
1202 253 1
1202 256 1
1202 214 1
1202 1 1
571 218 1
571 0 1
571 12 1
571 5 1
571 206 1
571 6 1
571 4 1
571 1356 1
1234 240 1
1234 8 1
1234 0 1
1234 204 1
1234 253 1
1234 256 1
1234 214 1
1234 2 1
1234 246 1
1234 120 1
1234 206 1
1234 247 1
1234 215 1
1234 16 1
1234 254 1
1234 252 1
1234 213 1
1234 3 1
1234 216 1
1234 210 1
1234 255 1
1234 249 1
1234 7 1
1234 219 1
1234 248 1
943 240 1
943 0 1
943 216 1
943 1665 1
943 210 1
943 249 1
943 233 1
943 6 1
943 256 1
943 206 1
943 12 1
293 246 1
293 243 1
293 0 1
293 232 1
293 212 1
293 209 1
293 240 1
293 256 1
293 206 1
293 235 1
293 210 1
293 6 1
293 16 1
293 216 1
293 233 1
293 211 1
293 213 1
293 1 1
293 251 1
293 244 1
293 245 1
293 249 1
293 7 1
293 3 1
293 12 1
618 269 1
80 434 1
80 541 1
80 248 1
80 529 1
80 355 1
80 535 1
80 251 1
80 89 1
80 10 1
80 548 1
80 527 1
80 243 1
80 532 1
80 3 1
80 528 1
80 213 1
80 538 1
80 531 1
80 206 1
80 525 1
80 526 1
80 12 1
853 256 1
853 7 1
853 9 1
853 0 1
853 214 1
853 248 1
853 3 1
853 249 1
853 10 1
853 120 1
853 8 1
1011 6 1
1011 12 1
1011 0 1
1011 9 1
1011 214 1
1011 204 1
56 1 1
114 11 1
114 2 1
114 240 1
114 232 1
114 0 1
114 10 1
114 3 1
114 248 1
114 252 1
114 206 1
114 249 1
114 219 1
513 218 1
513 238 1
513 6 1
513 1 1
513 8 1
513 4 1
513 210 1
513 240 1
513 12 1
528 419 1
591 501 1
591 204 1
591 0 1
591 249 1
591 10 1
591 2 1
591 234 1
732 317 1
133 206 1
1115 214 1
1115 253 1
1115 238 1
1115 0 1
1115 1 1
1115 10 1
1115 12 1
1115 204 1
543 211 1
543 214 1
543 240 1
543 83 1
543 250 1
543 7 1
543 253 1
543 0 1
543 216 1
543 1 1
543 246 1
543 248 1
543 210 1
543 16 1
543 249 1
543 233 1
543 8 1
543 213 1
543 10 1
543 254 1
543 206 1
543 255 1
543 242 1
543 120 1
543 243 1
1081 1 1
1081 4 1
1081 212 1
1081 12 1
1081 6 1
1316 8 1
1316 0 1
1316 219 1
1316 4 1
1316 256 1
1316 7 1
1316 238 1
1316 12 1
523 11 1
523 206 1
523 571 1
523 12 1
747 0 1
747 212 1
747 214 1
747 12 1
96 204 1
96 10 1
96 214 1
96 243 1
96 206 1
96 232 1
96 7 1
96 256 1
96 209 1
96 1 1
96 0 1
96 233 1
96 120 1
96 16 1
96 205 1
96 6 1
96 213 1
96 218 1
96 216 1
96 240 1
96 250 1
96 210 1
96 249 1
96 246 1
96 12 1
1161 120 1
1161 1359 1
1161 240 1
1161 215 1
1161 256 1
1161 291 1
1161 219 1
1161 253 1
1161 232 1
1161 210 1
1161 1860 1
1161 10 1
1161 209 1
1161 524 1
1161 233 1
1161 1273 1
1161 11 1
1161 298 1
1161 214 1
1161 211 1
1161 252 1
1161 341 1
1161 6 1
1161 216 1
1161 1640 1
1161 588 1
1161 250 1
1161 286 1
1161 288 1
1161 7 1
1161 308 1
1161 12 1
1161 3 1
507 538 1
507 241 1
507 7 1
507 4 1
507 238 1
507 0 1
507 844 1
507 965 1
700 3 1
700 1 1
700 4 1
799 215 1
799 246 1
799 250 1
799 232 1
799 204 1
799 0 1
799 214 1
799 216 1
799 3 1
799 240 1
799 235 1
799 210 1
799 247 1
799 249 1
799 256 1
799 16 1
799 248 1
799 8 1
799 213 1
799 6 1
799 206 1
799 255 1
799 7 1
799 219 1
799 12 1
674 215 1
674 240 1
674 250 1
674 246 1
674 0 1
674 214 1
674 238 1
674 210 1
674 6 1
674 16 1
674 233 1
674 120 1
674 252 1
674 213 1
674 1 1
674 256 1
674 206 1
674 255 1
674 249 1
674 219 1
674 12 1
674 243 1
34 309 1
34 6 1
34 310 1
1324 1217 1
1324 2 1
1324 214 1
1324 206 1
1324 548 1
1324 238 1
1324 254 1
876 16 1
876 3 1
876 9 1
876 12 1
503 8 1
503 6 1
503 252 1
503 2 1
503 83 1
503 233 1
503 210 1
503 10 1
503 5 1
1042 1 1
1049 1 1
1049 235 1
1049 246 1
1049 243 1
1049 250 1
1049 251 1
1049 204 1
1049 7 1
1049 256 1
1049 0 1
1049 10 1
1049 209 1
1049 240 1
1049 210 1
1049 6 1
1049 16 1
1049 216 1
1049 247 1
1049 254 1
1049 252 1
1049 3 1
1049 206 1
1049 245 1
1049 219 1
1049 12 1
683 218 1
683 3 1
683 235 1
683 10 1
683 12 1
988 0 1
988 214 1
988 3 1
988 206 1
988 1765 1
988 6 1
988 11 1
988 564 1
988 218 1
988 249 1
988 219 1
1451 1759 1
1451 210 1
1451 1035 1
1451 16 1
1451 252 1
1451 213 1
1451 390 1
1451 218 1
1451 1037 1
641 2 1
641 211 1
641 212 1
641 206 1
641 210 1
641 0 1
641 204 1
641 1 1
777 0 1
777 212 1
777 2 1
777 705 1
1493 0 1
1493 9 1
1493 214 1
995 11 1
995 256 1
376 214 1
376 9 1
694 215 1
694 120 1
694 240 1
694 232 1
694 250 1
694 204 1
694 256 1
694 10 1
694 3 1
694 210 1
694 6 1
694 249 1
694 11 1
694 16 1
694 254 1
694 8 1
694 213 1
694 1 1
694 12 1
694 255 1
694 246 1
694 248 1
1445 219 1
1445 12 1
1445 211 1
1445 250 1
1445 213 1
1445 238 1
1445 206 1
1445 256 1
1445 9 1
1445 2 1
627 616 1
627 549 1
627 606 1
627 0 1
627 10 1
627 511 1
627 210 1
627 16 1
627 250 1
627 216 1
627 6 1
627 213 1
627 252 1
627 256 1
627 206 1
627 219 1
627 12 1
832 0 1
832 9 1
392 204 1
392 216 1
392 240 1
392 215 1
392 248 1
392 7 1
392 212 1
392 0 1
392 214 1
392 120 1
392 210 1
392 249 1
392 11 1
392 233 1
392 252 1
392 3 1
392 232 1
392 244 1
392 206 1
392 16 1
1128 120 1
1128 213 1
1128 256 1
1128 2 1
1128 219 1
1128 4 1
1128 215 1
1128 7 1
1128 0 1
1128 1 1
712 235 1
712 8 1
712 234 1
712 210 1
712 6 1
712 0 1
712 10 1
712 5 1
992 0 1
992 214 1
992 12 1
347 248 1
347 204 1
347 0 1
347 120 1
347 210 1
347 6 1
347 16 1
347 252 1
347 8 1
347 244 1
347 249 1
347 233 1
347 12 1
1506 1 1
1303 243 1
1303 206 1
1303 232 1
1303 7 1
1303 253 1
1303 210 1
1303 238 1
1303 1 1
1303 120 1
1303 16 1
1303 249 1
1303 6 1
1303 8 1
1303 213 1
1303 216 1
1303 254 1
1303 240 1
1303 0 1
1303 244 1
1303 209 1
1303 255 1
1303 204 1
1303 246 1
1303 12 1
1303 9 1
517 238 1
517 0 1
517 233 1
517 8 1
517 219 1
517 120 1
517 1 1
1025 256 1
1025 1 1
547 204 1
547 214 1
547 243 1
547 235 1
547 240 1
547 249 1
547 232 1
547 246 1
547 9 1
547 245 1
547 256 1
547 1 1
547 0 1
547 120 1
547 206 1
547 10 1
547 16 1
547 233 1
547 6 1
547 216 1
547 213 1
547 250 1
547 209 1
547 12 1
547 7 1
472 396 1
472 1071 1
472 206 1
472 4 1
472 214 1
573 3 1
573 4 1
573 235 1
573 212 1
573 1 1
689 256 1
266 12 1
266 206 1
216 6 1
216 9 1
216 1 1
216 238 1
216 12 1
216 204 1
384 4 1
384 219 1
384 2 1
384 9 1
384 215 1
384 249 1
384 235 1
384 214 1
384 12 1
484 1 1
484 2 1
484 240 1
484 232 1
484 206 1
484 204 1
484 212 1
484 0 1
484 256 1
484 216 1
484 246 1
484 248 1
484 3 1
484 407 1
484 233 1
484 6 1
484 252 1
484 213 1
484 245 1
484 254 1
484 210 1
484 255 1
484 249 1
484 7 1
484 12 1
655 256 1
655 206 1
655 1 1
655 12 1
655 7 1
655 4 1
655 238 1
655 10 1
655 251 1
421 12 1
421 233 1
421 4 1
301 216 1
301 215 1
301 246 1
301 240 1
301 205 1
301 0 1
301 204 1
301 7 1
301 212 1
301 9 1
301 256 1
301 214 1
301 1 1
301 243 1
301 250 1
301 248 1
301 210 1
301 233 1
301 8 1
301 213 1
301 6 1
301 218 1
301 206 1
301 249 1
301 12 1
155 235 1
155 246 1
155 247 1
155 256 1
155 219 1
155 253 1
155 0 1
155 10 1
155 238 1
155 206 1
155 210 1
155 11 1
155 214 1
155 211 1
155 252 1
155 213 1
155 6 1
155 216 1
155 209 1
155 12 1
155 250 1
155 249 1
155 7 1
155 232 1
155 120 1
721 214 1
735 0 1
735 219 1
735 10 1
735 3 1
526 0 1
526 9 1
292 240 1
292 256 1
292 246 1
292 253 1
292 0 1
292 245 1
292 10 1
292 238 1
292 1 1
292 243 1
292 235 1
292 210 1
292 3 1
292 233 1
292 247 1
292 254 1
292 252 1
292 213 1
292 216 1
292 16 1
292 244 1
292 206 1
292 242 1
292 249 1
292 219 1
327 250 1
327 240 1
327 215 1
327 243 1
327 205 1
327 245 1
327 256 1
327 10 1
327 238 1
327 1 1
327 246 1
327 120 1
327 16 1
327 211 1
327 6 1
327 12 1
327 213 1
327 3 1
327 0 1
327 244 1
327 210 1
327 255 1
327 253 1
327 249 1
327 219 1
612 250 1
612 240 1
612 215 1
612 248 1
612 232 1
612 243 1
612 255 1
612 210 1
612 256 1
612 214 1
612 1 1
612 206 1
612 3 1
612 11 1
612 233 1
612 16 1
612 6 1
612 252 1
612 213 1
612 235 1
612 219 1
612 0 1
612 245 1
612 12 1
612 246 1
1086 0 1
1086 256 1
1086 1 1
1086 210 1
1086 16 1
1086 215 1
1086 11 1
1086 233 1
1086 6 1
1086 3 1
1086 218 1
1086 8 1
1086 255 1
1086 249 1
1086 7 1
1086 219 1
1086 12 1
1497 204 1
1497 211 1
1497 7 1
1497 1 1
1497 215 1
1497 235 1
1497 240 1
1497 250 1
1497 246 1
1497 212 1
1497 210 1
1497 0 1
1497 256 1
1497 10 1
1497 243 1
1497 3 1
1497 16 1
1497 11 1
1497 214 1
1497 233 1
1497 213 1
1497 216 1
1497 206 1
1497 249 1
1497 12 1
895 240 1
895 83 1
895 2 1
895 232 1
895 250 1
895 204 1
895 7 1
895 9 1
895 214 1
895 255 1
895 216 1
895 1 1
895 206 1
895 247 1
895 16 1
895 249 1
895 6 1
895 8 1
895 213 1
895 254 1
895 120 1
895 0 1
895 210 1
895 246 1
895 248 1
1490 83 1
1490 1 1
1490 1564 1
1490 1658 1
1490 210 1
1490 1710 1
1490 256 1
1490 1863 1
1490 1654 1
1490 466 1
1490 692 1
1490 16 1
1490 6 1
1490 8 1
1490 2051 1
1490 1391 1
1490 1656 1
1490 206 1
1490 1952 1
1490 1657 1
1490 12 1
1490 289 1
1369 240 1
1369 204 1
1369 232 1
1369 246 1
1369 205 1
1369 251 1
1369 210 1
1369 0 1
1369 256 1
1369 243 1
1369 120 1
1369 215 1
1369 11 1
1369 16 1
1369 233 1
1369 247 1
1369 254 1
1369 252 1
1369 3 1
1369 218 1
1369 8 1
1369 244 1
1369 242 1
1369 249 1
1369 7 1
695 241 1
695 4 1
695 8 1
695 210 1
695 10 1
695 238 1
516 83 1
516 215 1
516 240 1
516 250 1
516 256 1
516 243 1
516 253 1
516 232 1
516 0 1
516 245 1
516 10 1
516 246 1
516 3 1
516 16 1
516 247 1
516 120 1
516 213 1
516 219 1
516 6 1
516 1 1
516 255 1
516 249 1
516 7 1
516 214 1
516 12 1
877 218 1
877 240 1
877 250 1
877 206 1
877 232 1
877 243 1
877 212 1
877 0 1
877 10 1
877 3 1
877 246 1
877 247 1
877 249 1
877 233 1
877 16 1
877 8 1
877 6 1
877 1 1
877 120 1
877 256 1
877 210 1
877 255 1
877 7 1
877 248 1
877 12 1
1233 240 1
1233 215 1
1233 232 1
1233 212 1
1233 251 1
1233 210 1
1233 0 1
1233 256 1
1233 214 1
1233 246 1
1233 248 1
1233 249 1
1233 233 1
1233 247 1
1233 254 1
1233 213 1
1233 252 1
1233 3 1
1233 216 1
1233 8 1
1233 244 1
1233 255 1
1233 7 1
1233 219 1
1233 12 1
629 240 1
629 215 1
629 83 1
629 250 1
629 210 1
629 243 1
629 205 1
629 212 1
629 256 1
629 0 1
629 1 1
629 120 1
629 206 1
629 3 1
629 249 1
629 11 1
629 16 1
629 233 1
629 247 1
629 255 1
629 211 1
629 216 1
629 209 1
629 242 1
629 12 1
738 1515 1
738 1025 1
738 535 1
738 1071 1
738 309 1
738 588 1
738 434 1
738 768 1
738 217 1
738 453 1
738 241 1
738 479 1
738 698 1
738 745 1
738 433 1
738 1 1
738 147 1
738 303 1
738 1218 1
738 780 1
1495 206 1
1495 844 1
1495 1831 1
1495 266 1
1495 9 1
1495 217 1
1495 1693 1
1495 317 1
1495 1382 1
1495 1205 1
1495 657 1
1495 1943 1
1495 763 1
1495 292 1
1495 431 1
1495 1941 1
1495 256 1
1495 0 1
1495 1006 1
1495 605 1
1495 1746 1
1495 16 1
1495 511 1
1495 674 1
1495 1936 1
1495 6 1
1495 1032 1
1495 1947 1
1495 520 1
1495 1942 1
1495 749 1
1495 334 1
1495 754 1
1495 7 1
1495 12 1
1495 1459 1
996 8 1
910 16 1
910 215 1
910 11 1
910 252 1
910 6 1
910 214 1
1129 240 1
1129 215 1
1129 232 1
1129 243 1
1129 253 1
1129 206 1
1129 256 1
1129 1 1
1129 246 1
1129 210 1
1129 3 1
1129 16 1
1129 233 1
1129 6 1
1129 120 1
1129 252 1
1129 213 1
1129 216 1
1129 12 1
1129 0 1
1129 242 1
1129 249 1
1129 219 1
1129 2 1
1129 7 1
1164 209 1
1164 9 1
1164 206 1
1164 0 1
1164 204 1
572 11 1
572 8 1
572 205 1
572 206 1
572 249 1
572 0 1
1038 166 1
1038 1016 1
1038 1723 1
1038 1561 1
1038 517 1
1038 359 1
1038 218 1
1038 277 1
1038 86 1
1038 165 1
1038 598 1
1038 803 1
1038 94 1
1038 430 1
1038 1654 1
1038 656 1
1038 126 1
1038 18 1
1038 446 1
1038 49 1
1038 1317 1
1038 541 1
1038 7 1
1038 1256 1
1038 38 1
1038 1830 1
1038 258 1
1038 202 1
1038 475 1
1038 918 1
1038 533 1
1038 838 1
1038 1071 1
1038 1829 1
1038 214 1
1038 61 1
1038 102 1
1038 189 1
1038 217 1
1038 107 1
1038 476 1
1038 562 1
1038 1375 1
1038 376 1
1038 899 1
1038 239 1
1038 183 1
1038 1831 1
180 9 1
180 238 1
180 2 1
180 0 1
180 233 1
180 12 1
180 204 1
1203 1 1
1203 9 1
1367 3 1
1367 5 1
1367 214 1
1367 0 1
1367 234 1
1367 204 1
1367 1 1
232 4 1
779 240 1
779 232 1
779 204 1
779 243 1
779 205 1
779 242 1
779 251 1
779 210 1
779 0 1
779 214 1
779 1 1
779 246 1
779 206 1
779 3 1
779 249 1
779 16 1
779 233 1
779 6 1
779 213 1
779 252 1
779 216 1
779 12 1
779 256 1
779 255 1
779 248 1
1343 277 1
1343 268 1
1136 6 1
1136 11 1
1136 1 1
352 204 1
352 214 1
352 1 1
352 215 1
352 0 1
352 243 1
352 10 1
352 216 1
352 246 1
352 210 1
352 244 1
352 5 1
352 233 1
352 252 1
352 3 1
352 218 1
352 12 1
237 204 1
237 214 1
237 238 1
237 243 1
237 256 1
237 0 1
237 205 1
237 16 1
237 254 1
237 8 1
237 252 1
237 6 1
237 218 1
237 1 1
237 206 1
237 12 1
350 216 1
350 256 1
350 234 1
833 2 1
833 210 1
833 234 1
833 5 1
1141 7 1
1141 209 1
1141 240 1
1141 232 1
1141 204 1
1141 243 1
1141 0 1
1141 10 1
1141 216 1
1141 1 1
1141 210 1
1141 233 1
1141 6 1
1141 12 1
1141 213 1
1141 218 1
1141 254 1
1141 206 1
1141 255 1
1309 218 1
1309 8 1
1309 206 1
1309 0 1
1309 7 1
1309 240 1
1309 204 1
914 256 1
914 120 1
914 0 1
914 1 1
914 212 1
914 206 1
914 204 1
79 431 1
79 511 1
79 0 1
79 249 1
79 1 1
255 0 1
255 214 1
255 238 1
255 216 1
294 243 1
294 256 1
294 232 1
294 253 1
294 210 1
294 0 1
294 10 1
294 209 1
294 240 1
294 120 1
294 216 1
294 16 1
294 233 1
294 254 1
294 252 1
294 213 1
294 6 1
294 218 1
294 251 1
294 250 1
294 206 1
294 245 1
294 249 1
294 3 1
294 12 1
1242 6 1
1242 0 1
1242 256 1
1072 234 1
1072 204 1
1072 211 1
1072 1 1
1072 214 1
1072 2 1
1072 250 1
1072 210 1
1072 7 1
1072 253 1
1072 0 1
1072 16 1
1072 233 1
1072 6 1
1072 8 1
1072 213 1
1072 216 1
1072 206 1
1072 249 1
1072 12 1
1333 6 1
1333 206 1
1422 16 1
1422 215 1
1422 235 1
1422 240 1
1422 250 1
1422 0 1
1422 256 1
1422 10 1
1422 255 1
1422 216 1
1422 1 1
1422 246 1
1422 12 1
1422 3 1
1422 249 1
1422 6 1
1422 248 1
1422 213 1
1422 254 1
1422 210 1
1422 242 1
1422 219 1
218 340 1
218 841 1
18 2 1
18 212 1
18 238 1
18 1 1
501 120 1
501 242 1
501 243 1
501 205 1
501 253 1
501 0 1
501 214 1
501 238 1
501 246 1
501 210 1
501 16 1
501 250 1
501 204 1
501 233 1
501 252 1
501 6 1
501 218 1
501 216 1
501 206 1
501 244 1
501 255 1
501 249 1
501 7 1
501 219 1
501 12 1
19 6 1
1273 10 1
1273 7 1
1273 240 1
1273 248 1
1273 250 1
1273 215 1
1273 246 1
1273 253 1
1273 210 1
1273 0 1
1273 256 1
1273 238 1
1273 1 1
1273 11 1
1273 16 1
1273 247 1
1273 252 1
1273 213 1
1273 6 1
1273 216 1
1273 244 1
1273 206 1
1273 249 1
1273 219 1
1273 243 1
1256 250 1
1256 210 1
1256 246 1
1256 1 1
1256 253 1
1256 0 1
1256 10 1
1256 120 1
1256 462 1
1256 3 1
1256 16 1
1256 249 1
1256 233 1
1256 8 1
1256 6 1
1256 213 1
1256 244 1
1256 206 1
1256 12 1
