3229 7399 1
3229 7918 1
3229 11254 1
3229 12075 1
3229 12416 1
3229 12756 1
3229 13254 1
3229 15077 1
5979 4156 1
2663 8661 1
1696 7459 1
1696 11244 1
3578 9860 1
4402 5076 1
4668 10701 1
9029 8636 1
9029 14325 1
83 7377 1
11305 12104 1
11305 14427 1
7243 13661 1
1737 8979 1
1737 9228 1
1737 10730 1
1737 12020 1
1737 13426 1
1737 13785 1
4850 8371 1
169 6173 1
169 6195 1
169 6249 1
169 6364 1
169 6446 1
169 6652 1
169 6659 1
169 7095 1
169 7371 1
169 7371 1
169 7422 1
169 7491 1
169 7583 1
169 7753 1
169 8301 1
169 11648 1
169 11919 1
169 11960 1
169 12032 1
169 12063 1
169 12087 1
169 12119 1
169 12230 1
169 12267 1
169 12288 1
169 12312 1
169 13198 1
6114 14325 1
6114 14396 1
6114 14431 1
12169 12404 1
4806 7505 1
4806 9404 1
4806 11792 1
4806 13933 1
14198 15898 1
4916 3166 1
2278 11302 1
9398 6444 1
9398 10236 1
12356 12498 1
912 7700 1
1871 13523 1
1871 13534 1
1871 13562 1
1871 13566 1
1871 13619 1
1871 13648 1
1871 13654 1
1871 13683 1
1871 13691 1
1871 13923 1
1871 14960 1
1871 15604 1
1871 15627 1
1871 15761 1
2958 1553 1
8248 6863 1
8248 10529 1
8922 7739 1
10600 14976 1
5018 6564 1
5018 11648 1
5018 12104 1
1631 8951 1
1631 12331 1
1631 13389 1
16868 15824 1
5270 12641 1
746 6308 1
746 6370 1
746 6587 1
746 6596 1
746 6599 1
746 6622 1
746 6650 1
746 6767 1
746 6850 1
746 8704 1
746 8715 1
746 8845 1
746 10196 1
746 12178 1
746 12256 1
746 13047 1
746 14558 1
746 14879 1
746 15024 1
746 15052 1
12111 7814 1
4923 14330 1
4923 14504 1
10762 13411 1
13524 10929 1
7347 8726 1
4389 6900 1
290 14434 1
4020 7483 1
4020 7507 1
4020 7512 1
4020 7627 1
4020 7650 1
4020 11985 1
4020 12077 1
804 213 1
2232 711 1
1253 6302 1
11872 9169 1
369 6362 1
369 6689 1
369 7415 1
369 7700 1
369 11993 1
369 12192 1
369 12238 1
369 12974 1
369 13053 1
369 14426 1
369 14428 1
369 14435 1
3412 1988 1
2809 5045 1
2809 6067 1
2809 6142 1
2809 6150 1
2809 11893 1
2809 11983 1
9794 7892 1
9023 6162 1
6401 5777 1
1007 6700 1
1007 7739 1
12515 11320 1
13275 11553 1
1764 11080 1
1764 11194 1
1764 11323 1
1764 11377 1
1764 12654 1
14952 15340 1
13181 13666 1
5599 3680 1
2765 8529 1
2765 11045 1
2765 11082 1
2765 11301 1
2765 13024 1
2765 13240 1
10389 13467 1
11676 12325 1
11676 14558 1
5098 11648 1
5098 12077 1
5098 12403 1
1807 13072 1
14101 11252 1
6838 7952 1
6152 7583 1
6152 14307 1
11637 11919 1
9997 12250 1
7902 6266 1
14316 11977 1
1196 12020 1
1196 12035 1
1196 12240 1
1836 9233 1
3765 7387 1
3765 7632 1
3765 12015 1
2079 13905 1
5513 13092 1
853 4186 1
11749 11911 1
5876 4502 1
5876 6612 1
5876 10559 1
5876 10663 1
1648 8590 1
1648 9078 1
1648 12478 1
1648 13208 1
1648 13334 1
1648 13346 1
1648 13484 1
1648 13492 1
1648 13527 1
1648 14391 1
1648 14427 1
191 6118 1
6216 7679 1
6216 7684 1
6216 7712 1
6216 12355 1
11721 14396 1
6177 6119 1
7255 13483 1
8744 6790 1
1943 8946 1
1943 9522 1
3377 6306 1
3377 7853 1
4265 7588 1
4265 7608 1
4265 7629 1
4265 11987 1
4265 12049 1
10491 12328 1
190 12974 1
14913 12974 1
2088 669 1
2088 4030 1
5695 12425 1
5695 12452 1
5695 13302 1
8928 7804 1
8928 8301 1
8928 11921 1
8928 11985 1
8928 12100 1
8928 12102 1
8928 12137 1
8928 12238 1
8928 14395 1
8169 7432 1
8169 8799 1
8096 7918 1
4503 10678 1
4503 11061 1
4503 11323 1
4503 11378 1
4503 11622 1
4503 13506 1
4503 13527 1
4690 15295 1
8124 14349 1
1146 7801 1
1146 12296 1
1146 14502 1
9255 6219 1
642 6446 1
2344 12360 1
1234 10482 1
8943 7377 1
632 7700 1
6281 6987 1
6281 12360 1
6281 12499 1
6281 13198 1
6281 13530 1
1820 12404 1
1820 13245 1
4996 4166 1
4996 4178 1
3659 12461 1
2493 8904 1
2493 8996 1
2967 12449 1
2967 13163 1
234 8519 1
234 8805 1
234 9051 1
234 9141 1
234 9926 1
234 11656 1
234 12898 1
234 13426 1
234 13517 1
234 15139 1
12489 8301 1
7371 8590 1
2847 12310 1
2847 12416 1
669 7377 1
669 8636 1
6691 12267 1
5786 4958 1
5786 11424 1
5786 11538 1
5786 11831 1
5786 14235 1
1990 9858 1
1990 10574 1
1990 13977 1
5590 8653 1
5590 11229 1
10184 6617 1
12553 11444 1
16352 14540 1
49 14487 1
49 14522 1
5453 11332 1
5453 15387 1
9757 12362 1
163 14325 1
163 14504 1
8572 10201 1
8572 11543 1
6500 4502 1
6500 12104 1
11840 12154 1
6514 10166 1
4167 6183 1
3883 7583 1
1072 7688 1
1072 7700 1
1072 7701 1
1072 7713 1
1072 7719 1
1072 7732 1
1072 7739 1
1072 7772 1
1072 12208 1
1072 12238 1
1072 12256 1
1072 12262 1
1072 12792 1
1072 12982 1
1072 14498 1
1072 14502 1
3649 6245 1
3649 12033 1
4868 9572 1
4868 10379 1
4868 10880 1
4868 11105 1
4868 11231 1
4868 11256 1
4868 13621 1
4868 15690 1
2023 7190 1
2023 13334 1
2023 15499 1
10978 15652 1
766 7719 1
766 10058 1
766 10345 1
766 11922 1
766 11948 1
766 12092 1
766 12256 1
766 12410 1
766 12416 1
766 12421 1
766 12608 1
766 13019 1
766 13329 1
825 7695 1
825 7764 1
825 7884 1
825 8484 1
825 8768 1
825 12102 1
825 12132 1
825 12184 1
825 12202 1
825 12330 1
8300 10205 1
8300 10546 1
8300 10730 1
8300 12520 1
8300 12917 1
8300 12946 1
3643 14415 1
1020 7622 1
1020 7700 1
1020 7863 1
210 7540 1
210 8934 1
210 11574 1
210 12020 1
210 12071 1
210 12073 1
210 12074 1
210 12133 1
210 12402 1
210 13174 1
5634 12288 1
1829 13334 1
1829 13392 1
1829 13412 1
1829 13437 1
1829 13445 1
1829 13484 1
1829 13518 1
1829 13619 1
1829 13629 1
1829 13635 1
1829 13722 1
1829 15024 1
1829 15127 1
1829 15168 1
1829 15304 1
10381 7834 1
14652 13345 1
14652 13352 1
14652 13354 1
14652 13366 1
14652 13376 1
7979 12333 1
270 8704 1
9025 13198 1
13363 10177 1
2835 11028 1
2835 11220 1
9596 12020 1
6871 6700 1
1522 4195 1
12520 14487 1
12520 14504 1
260 14397 1
6883 4502 1
5370 3386 1
4309 11959 1
4309 12330 1
3625 12328 1
3625 12520 1
571 2253 1
12559 12792 1
14064 11158 1
14058 11629 1
9373 12088 1
7891 8161 1
15254 12230 1
162 6700 1
162 6727 1
162 6745 1
162 7007 1
162 7095 1
162 7377 1
162 7380 1
162 7385 1
162 7422 1
162 7457 1
162 7476 1
162 7508 1
162 7512 1
162 7528 1
162 7561 1
162 7573 1
162 7583 1
162 7584 1
162 7585 1
162 7622 1
162 7642 1
162 7660 1
162 7679 1
162 7700 1
162 7714 1
162 7725 1
162 7815 1
162 8240 1
162 8326 1
162 8552 1
162 10113 1
162 10133 1
162 10175 1
162 10312 1
162 11893 1
162 11894 1
162 11907 1
162 11914 1
162 11915 1
162 11917 1
162 11919 1
162 11920 1
162 11930 1
162 11967 1
162 11972 1
162 11977 1
162 11983 1
162 11985 1
162 11994 1
162 12013 1
162 12032 1
162 12054 1
162 12056 1
162 12077 1
162 12087 1
162 12088 1
162 12104 1
162 12133 1
162 12134 1
162 12135 1
162 12152 1
162 12161 1
162 12169 1
162 12174 1
162 12210 1
162 12221 1
162 12232 1
162 12237 1
162 12241 1
162 12251 1
162 12256 1
162 12260 1
162 12272 1
162 12278 1
162 12312 1
162 12330 1
162 12681 1
162 12958 1
162 12974 1
162 13119 1
162 13381 1
162 14307 1
162 14310 1
162 14321 1
162 14324 1
162 14325 1
162 14330 1
162 14349 1
162 14362 1
162 14378 1
162 14383 1
162 14397 1
162 14398 1
162 14436 1
162 14461 1
162 14476 1
162 14481 1
162 14506 1
9622 7768 1
9622 12372 1
2366 6745 1
942 9261 1
942 9522 1
942 9778 1
942 9792 1
942 12416 1
942 13392 1
942 14066 1
942 14503 1
942 15564 1
942 15566 1
9847 10178 1
6638 6700 1
3682 7660 1
3682 8732 1
3682 11959 1
12166 12443 1
15582 12341 1
1606 8747 1
1606 8768 1
1606 8783 1
1606 8801 1
1606 8805 1
1606 8812 1
1606 8822 1
1606 8850 1
1606 8868 1
1606 8885 1
1606 8905 1
1606 8920 1
1606 8948 1
1606 8964 1
1606 8967 1
1606 8968 1
1606 8992 1
1606 9021 1
1606 9044 1
1606 9058 1
1606 9070 1
1606 9076 1
1606 9078 1
1606 9100 1
1606 9106 1
1606 9119 1
1606 9132 1
1606 9133 1
1606 9157 1
1606 9233 1
1606 9255 1
1606 9266 1
1606 9267 1
1606 9279 1
1606 9286 1
1606 9300 1
1606 9318 1
1606 9709 1
1606 10109 1
1606 10122 1
1606 10155 1
1606 10184 1
1606 10216 1
1606 10265 1
1606 10325 1
1606 10415 1
1606 10417 1
1606 10420 1
1606 10423 1
1606 10474 1
1606 10518 1
1606 10543 1
1606 10545 1
1606 10701 1
1606 10731 1
1606 10748 1
1606 10753 1
1606 10756 1
1606 10859 1
1606 10915 1
1606 10927 1
1606 10930 1
1606 11062 1
1606 11076 1
1606 11091 1
1606 11102 1
1606 11155 1
1606 11178 1
1606 11282 1
1606 11319 1
1606 11367 1
1606 11378 1
1606 11383 1
1606 11388 1
1606 11396 1
1606 11409 1
1606 11525 1
1606 11650 1
1606 11895 1
1606 11902 1
1606 11924 1
1606 11952 1
1606 12053 1
1606 12094 1
1606 12183 1
1606 12188 1
1606 12253 1
1606 12291 1
1606 12330 1
1606 12331 1
1606 12340 1
1606 12344 1
1606 12370 1
1606 12373 1
1606 12424 1
1606 12425 1
1606 12426 1
1606 12465 1
1606 12484 1
1606 12503 1
1606 12506 1
1606 12513 1
1606 12565 1
1606 12598 1
1606 12603 1
1606 12644 1
1606 12663 1
1606 12706 1
1606 12788 1
1606 12965 1
1606 12995 1
1606 13008 1
1606 13009 1
1606 13011 1
1606 13041 1
1606 13066 1
1606 13072 1
1606 13105 1
1606 13121 1
1606 13124 1
1606 13139 1
1606 13162 1
1606 13163 1
1606 13223 1
1606 13230 1
1606 13231 1
1606 13303 1
1606 13359 1
1606 13412 1
1606 13484 1
1606 13485 1
1606 13492 1
1606 13493 1
1606 13506 1
1606 13512 1
1606 13527 1
1606 13537 1
1606 13559 1
1606 13588 1
1606 13589 1
1606 13609 1
1606 13656 1
1606 13666 1
1606 13910 1
1606 13959 1
1606 14309 1
1606 14353 1
1606 14371 1
1606 14378 1
1606 14397 1
1606 14476 1
1606 14554 1
1606 14640 1
1606 14856 1
1606 14868 1
1606 14874 1
1606 14883 1
1606 14916 1
1606 14921 1
1606 14960 1
1606 15017 1
1606 15023 1
1606 15035 1
1606 15043 1
1606 15056 1
1606 15074 1
1606 15087 1
1606 15095 1
1606 15116 1
1606 15127 1
1606 15134 1
1606 15167 1
1606 15170 1
1606 15190 1
1606 15236 1
1606 15256 1
1606 15277 1
1606 15282 1
1606 15285 1
1606 15292 1
1606 15304 1
1606 15311 1
1606 15355 1
1606 15380 1
1606 15387 1
1606 15389 1
1606 15405 1
1606 15409 1
1606 15421 1
1606 15482 1
1606 15499 1
1606 15517 1
1606 15529 1
1606 15565 1
1606 15624 1
1606 15681 1
9781 12424 1
2084 14310 1
2084 15017 1
15212 12466 1
2641 11962 1
2641 13198 1
3675 13024 1
3675 13279 1
17582 15824 1
3182 12974 1
3210 6246 1
3210 11018 1
3210 11036 1
3210 12467 1
3210 14435 1
3210 14513 1
6633 12341 1
6633 12362 1
4172 6599 1
9606 6476 1
5857 15631 1
5149 12255 1
1158 7082 1
9370 10201 1
9370 10814 1
3727 7815 1
989 12281 1
989 12291 1
2933 1553 1
2933 1587 1
2933 1629 1
2933 1640 1
2933 1675 1
2933 1680 1
2321 7588 1
2321 7739 1
2321 7748 1
2321 7785 1
2321 7822 1
2321 8400 1
2321 10141 1
2321 10152 1
2321 10174 1
2321 10193 1
2321 11218 1
2321 12087 1
2321 12149 1
2321 12154 1
2321 12160 1
2321 12205 1
2321 12333 1
2321 12423 1
2321 14325 1
2321 14330 1
2321 14331 1
2321 14350 1
2321 14398 1
2321 14474 1
2321 14487 1
2321 14504 1
2321 14507 1
2321 14509 1
2321 14525 1
2321 14543 1
2321 14550 1
2321 14551 1
2321 14553 1
2321 14605 1
2321 14832 1
8497 12104 1
1825 13665 1
1825 13702 1
1825 13745 1
1825 15408 1
1825 15494 1
1825 15496 1
1825 15498 1
1825 15552 1
1825 15571 1
3747 7512 1
3747 7627 1
3747 7650 1
3747 7665 1
3747 8209 1
3747 11985 1
3747 12077 1
3747 12138 1
3747 12974 1
13150 9782 1
8324 7380 1
3714 6151 1
3714 7007 1
3714 7403 1
3714 11893 1
12671 13559 1
3425 12328 1
3425 12489 1
8644 6749 1
8644 10295 1
8644 11028 1
3674 7949 1
6971 12461 1
6971 12478 1
3016 12761 1
944 10791 1
944 10809 1
944 10811 1
944 10814 1
944 11002 1
944 11018 1
944 11036 1
944 11104 1
944 11668 1
944 12079 1
944 12939 1
5780 7669 1
6343 6238 1
4685 13334 1
15666 13748 1
12667 14310 1
6385 6282 1
2267 6292 1
2267 12058 1
2267 14434 1
2267 14435 1
467 11919 1
1549 14500 1
1549 14707 1
1549 14790 1
1549 14921 1
1549 14942 1
1549 14945 1
1549 15071 1
1549 15087 1
1549 15176 1
1549 15180 1
1549 15181 1
493 6197 1
493 6362 1
493 7380 1
493 7583 1
493 10745 1
493 12169 1
493 14349 1
493 14350 1
493 14428 1
493 14431 1
493 14434 1
2710 12396 1
4706 13245 1
4706 13391 1
4706 13418 1
4706 13418 1
4706 13665 1
8117 13198 1
8117 14325 1
7684 14325 1
7684 14428 1
7684 14449 1
5937 4673 1
5937 4690 1
5937 6896 1
5937 7078 1
5937 12104 1
5937 13585 1
5937 13806 1
7623 12099 1
2851 7566 1
2851 7862 1
2851 8901 1
2851 8910 1
66 7466 1
66 7512 1
66 7684 1
66 7700 1
66 7701 1
66 7714 1
66 7732 1
66 8209 1
66 8666 1
66 10295 1
66 11920 1
66 11925 1
66 11925 1
66 11959 1
66 11959 1
66 11979 1
66 11981 1
66 11985 1
66 12014 1
66 12077 1
66 12077 1
66 12102 1
66 12174 1
66 12232 1
66 12293 1
66 12337 1
66 12649 1
66 12982 1
66 14427 1
66 14435 1
66 14487 1
4116 6195 1
1534 11277 1
4989 12102 1
4989 13198 1
13511 12486 1
3912 11999 1
3893 8636 1
3893 14435 1
5388 12637 1
5388 14510 1
5388 14520 1
7252 13163 1
12201 14487 1
50 6288 1
50 6293 1
50 12195 1
50 12199 1
50 14487 1
10446 13163 1
8961 6843 1
8081 8324 1
8081 8549 1
3191 12241 1
7952 12003 1
1626 5519 1
1626 6281 1
1626 6938 1
1626 6939 1
1626 6956 1
1626 6959 1
1626 7023 1
1626 7026 1
1626 7133 1
1626 7159 1
1626 9210 1
1626 9263 1
1626 9279 1
1626 11682 1
1626 12341 1
1626 13469 1
1626 13641 1
1626 13645 1
1626 13654 1
1626 13682 1
1626 13785 1
1626 14474 1
1626 15427 1
1626 15595 1
9134 12087 1
6503 8969 1
8746 12071 1
8746 14427 1
4062 11983 1
4062 14396 1
4062 14428 1
4062 14435 1
14191 14939 1
14191 15115 1
9275 6616 1
1109 4680 1
8274 7550 1
8274 11925 1
8274 11925 1
5429 7960 1
5429 12542 1
4807 16108 1
11574 12148 1
11574 12264 1
11574 14398 1
13555 10415 1
12613 10574 1
12613 11477 1
12613 12240 1
3271 6789 1
14680 12338 1
2258 5668 1
2258 5669 1
2258 5682 1
2258 5697 1
2258 5711 1
2258 5724 1
2258 6904 1
2258 7577 1
2258 8905 1
2258 9298 1
2258 11917 1
2258 13097 1
2258 13398 1
5603 10236 1
12589 12188 1
10026 6671 1
2697 10558 1
2697 10785 1
2577 12974 1
12593 13384 1
14678 13120 1
2008 9331 1
1666 9135 1
1666 13493 1
589 6158 1
1576 6840 1
2737 14500 1
7784 10213 1
7784 12466 1
7784 12489 1
326 4530 1
326 6700 1
326 7714 1
326 7772 1
326 11320 1
326 12292 1
326 12309 1
326 12384 1
326 12426 1
326 14446 1
326 14500 1
3979 8599 1
3884 3151 1
4703 10196 1
4703 11220 1
4703 13163 1
3019 1616 1
11327 12088 1
11327 14324 1
5930 5101 1
240 14325 1
5889 7559 1
2824 12033 1
2824 12933 1
2824 13302 1
775 7552 1
775 7558 1
775 7566 1
775 7583 1
775 7725 1
775 8301 1
775 11917 1
775 11920 1
775 11959 1
775 11972 1
775 11981 1
775 11994 1
775 12014 1
775 12135 1
775 12917 1
775 14307 1
775 14325 1
775 14349 1
775 14398 1
775 14399 1
173 11919 1
173 11975 1
173 11986 1
173 12014 1
9735 12417 1
13 7528 1
13 7534 1
13 7536 1
13 7545 1
13 7549 1
13 7550 1
13 7554 1
13 7556 1
13 7557 1
13 7565 1
13 7617 1
13 7630 1
13 7918 1
13 8663 1
13 9269 1
13 11648 1
13 11895 1
13 11918 1
13 11925 1
13 11927 1
13 11957 1
13 11961 1
13 11963 1
13 11965 1
13 11969 1
13 11970 1
13 11986 1
13 11994 1
13 11996 1
13 12006 1
13 12018 1
13 12032 1
13 12046 1
13 12048 1
13 12050 1
13 12051 1
13 12053 1
13 12054 1
13 12055 1
13 12056 1
13 12061 1
13 12062 1
13 12063 1
13 12073 1
13 12074 1
13 12085 1
13 12154 1
13 12436 1
13 12574 1
13 12681 1
13 12917 1
13 13153 1
13 13165 1
13 14309 1
13 14310 1
13 14322 1
13 14324 1
13 14325 1
13 14336 1
13 14339 1
13 14431 1
13 14431 1
10510 12328 1
1594 2015 1
1594 7004 1
11549 12296 1
11549 12315 1
11549 12404 1
3338 7821 1
3338 12331 1
3338 12654 1
5684 13003 1
5684 13026 1
5684 13245 1
5684 13307 1
5684 13661 1
6916 12074 1
6916 12325 1
6916 12506 1
3666 7660 1
3666 12087 1
3666 12974 1
3666 14433 1
8981 6316 1
8981 8452 1
8981 14554 1
2165 6250 1
6505 7429 1
7767 6290 1
744 6290 1
744 6296 1
744 7393 1
744 7670 1
5919 6162 1
3943 11972 1
3943 14427 1
2463 12353 1
196 6654 1
196 7574 1
196 12063 1
196 14427 1
196 14433 1
13735 12892 1
1776 11677 1
8778 7577 1
634 8636 1
634 12169 1
15481 13346 1
3122 13411 1
8846 10250 1
203 4139 1
3914 12087 1
3914 13198 1
791 8663 1
6193 10106 1
9585 7719 1
329 7735 1
329 7892 1
329 12606 1
329 13180 1
329 14752 1
440 10402 1
440 11977 1
398 52 1
2702 12219 1
2702 14435 1
6355 6158 1
6355 13198 1
540 11972 1
2036 15892 1
6448 14522 1
4625 8691 1
8353 12095 1
4817 8535 1
4817 9000 1
4817 11024 1
4817 12330 1
3913 6118 1
350 61 1
6941 10180 1
1752 6900 1
1752 6936 1
1752 6939 1
1752 6957 1
1752 8590 1
1752 8890 1
1752 8911 1
1752 8964 1
1752 8996 1
1752 9000 1
1752 9078 1
1752 11323 1
1752 12024 1
1752 12325 1
1752 12330 1
1752 12404 1
1752 13580 1
1752 14901 1
1752 14903 1
1752 15044 1
1752 15233 1
5233 3261 1
6201 12020 1
6201 12440 1
1060 7631 1
1060 7700 1
1060 7795 1
841 7546 1
841 7630 1
841 7638 1
841 7694 1
841 7740 1
841 7892 1
841 8685 1
841 11961 1
841 11985 1
841 11988 1
841 12077 1
841 12241 1
841 12242 1
841 12283 1
841 12315 1
841 12370 1
841 12917 1
841 14529 1
14730 12013 1
57 5379 1
57 6199 1
57 8631 1
57 8655 1
57 10180 1
57 10183 1
57 10186 1
57 10191 1
57 10208 1
57 10416 1
57 13028 1
57 13152 1
57 13314 1
7320 13163 1
9521 6287 1
5870 4277 1
1507 6851 1
1507 13279 1
7050 13398 1
10823 8041 1
4796 9292 1
6222 6211 1
6389 12309 1
6389 12706 1
16411 14434 1
10999 12313 1
3496 11512 1
3496 13589 1
3496 13722 1
6578 12013 1
6578 12020 1
6578 12101 1
6578 12917 1
8236 6158 1
1866 9310 1
1866 12149 1
1866 14445 1
7362 15198 1
7362 15225 1
15498 13120 1
756 15584 1
17540 15598 1
11698 13120 1
15220 12256 1
11852 8636 1
10404 12416 1
3767 7622 1
3767 12077 1
3767 12255 1
3767 13198 1
3767 14373 1
3767 14427 1
3767 14449 1
3788 14365 1
3788 14383 1
883 10132 1
883 10135 1
4563 3174 1
9526 13192 1
9526 14506 1
14171 11321 1
11097 7657 1
7478 13619 1
6621 12416 1
6621 12417 1
82 6158 1
82 7377 1
82 7622 1
82 11920 1
82 12104 1
82 12133 1
82 14324 1
82 14333 1
82 14427 1
5813 10999 1
15008 14433 1
15008 14435 1
11703 12280 1
3667 7571 1
1953 13621 1
6546 12312 1
17440 15155 1
17440 15174 1
10860 11648 1
15315 12974 1
900 14371 1
900 14390 1
900 14399 1
900 14407 1
900 14427 1
900 14434 1
900 14443 1
900 14455 1
900 14459 1
900 14464 1
900 14465 1
900 14479 1
900 14499 1
900 14503 1
900 14505 1
900 14506 1
900 14529 1
900 14537 1
900 14557 1
900 14558 1
900 14659 1
900 14763 1
900 14887 1
7658 11917 1
7658 11959 1
7658 11986 1
7658 12574 1
1910 11689 1
1910 11693 1
1910 11744 1
1910 11785 1
1910 11792 1
1910 11797 1
1910 11803 1
1910 11825 1
1910 11944 1
1910 11992 1
1910 12020 1
1910 12092 1
1910 12148 1
1910 12191 1
1910 12278 1
1910 12286 1
1910 12325 1
1910 12337 1
1910 12349 1
1910 12368 1
1910 12384 1
1910 12416 1
1910 12425 1
1910 12441 1
1910 12459 1
1910 12461 1
1910 12467 1
1910 12478 1
1910 12638 1
1910 12653 1
1910 12690 1
1910 12884 1
1910 12974 1
1910 13011 1
1910 13020 1
1910 13024 1
1910 13026 1
1910 13040 1
1910 13048 1
1910 13097 1
1910 13120 1
1910 13125 1
1910 13142 1
1910 13155 1
1910 13188 1
1910 13198 1
1910 13208 1
1910 13230 1
1910 13243 1
1910 13245 1
1910 13261 1
1910 13264 1
1910 13307 1
1910 13315 1
1910 13318 1
1910 13325 1
1910 13389 1
1910 13395 1
1910 13399 1
1910 13403 1
1910 13409 1
1910 13467 1
1910 13469 1
1910 13484 1
1910 13492 1
1910 13511 1
1910 13513 1
1910 13517 1
1910 13530 1
1910 13533 1
1910 13548 1
1910 13551 1
1910 13567 1
1910 13568 1
1910 13585 1
1910 13589 1
1910 13591 1
1910 13592 1
1910 13593 1
1910 13619 1
1910 13621 1
1910 13648 1
1910 13665 1
1910 13666 1
1910 13697 1
1910 13698 1
1910 13702 1
1910 13740 1
1910 13748 1
1910 13757 1
1910 13760 1
1910 13769 1
1910 13797 1
1910 13808 1
1910 13825 1
1910 13858 1
1910 13869 1
1910 13879 1
1910 13888 1
1910 13921 1
1910 13998 1
1910 14043 1
1910 14066 1
1910 14069 1
1910 14086 1
1910 14132 1
1910 14166 1
1910 14168 1
1910 14222 1
1910 14261 1
1910 14268 1
1910 14278 1
1910 14293 1
202 6046 1
202 6066 1
202 6140 1
202 6362 1
202 6752 1
202 10110 1
202 12231 1
202 14397 1
1547 13727 1
1547 14498 1
1547 14500 1
1547 15044 1
1547 15251 1
1547 15408 1
1547 15441 1
1547 15928 1
740 6564 1
740 7369 1
740 7371 1
740 7545 1
740 7583 1
740 13198 1
740 14325 1
740 14399 1
2002 9782 1
2002 11809 1
2002 14089 1
2178 10383 1
2160 7571 1
2160 7583 1
2160 12014 1
2160 12032 1
2160 14434 1
6021 8856 1
6021 11959 1
6021 11981 1
6021 12043 1
6021 12077 1
6021 12132 1
1397 201 1
10303 14465 1
4164 6027 1
9477 12137 1
7140 9267 1
7140 9404 1
6647 12356 1
6647 14528 1
1390 8535 1
1390 8628 1
1390 9163 1
1390 11918 1
1390 12101 1
1390 12138 1
1390 12199 1
1390 12281 1
1390 12312 1
1390 12339 1
1390 12599 1
1390 12654 1
1390 12690 1
1390 12802 1
1390 13018 1
1390 13026 1
1390 13042 1
1390 13097 1
1390 13120 1
1390 13198 1
1390 13240 1
1390 13248 1
1390 13390 1
5905 7679 1
5905 11919 1
5168 6262 1
10237 6839 1
5046 12328 1
5046 12341 1
5046 12416 1
5046 12416 1
3257 10567 1
3257 11184 1
3257 11442 1
3257 12179 1
3257 12363 1
3257 12502 1
3257 12962 1
3257 13040 1
8015 14403 1
8015 15071 1
2882 12404 1
2882 12453 1
3025 1713 1
7326 12621 1
2494 13128 1
6440 6362 1
7727 6266 1
6334 5068 1
6334 12077 1
14515 12408 1
14515 12409 1
16956 14763 1
11859 7918 1
11859 12074 1
8862 12101 1
2504 7854 1
2504 8467 1
2504 8481 1
2504 8492 1
2504 8969 1
2504 11900 1
2504 11901 1
2504 12331 1
2504 12404 1
2504 12644 1
2504 12828 1
2504 12917 1
2504 12974 1
2504 13520 1
2504 13580 1
2504 13588 1
2150 6185 1
2150 6271 1
2150 8726 1
4894 12104 1
4894 12974 1
4663 6209 1
4663 6244 1
4663 6666 1
4663 6843 1
156 6564 1
156 6564 1
156 7007 1
156 7369 1
156 7371 1
156 7371 1
156 7528 1
156 7545 1
156 7550 1
156 7583 1
156 7617 1
156 10101 1
156 11648 1
156 11918 1
156 11919 1
156 11921 1
156 11925 1
156 11962 1
156 12054 1
156 12104 1
156 12108 1
156 12237 1
156 12974 1
156 13198 1
156 14321 1
156 14323 1
156 14324 1
156 14328 1
156 14333 1
156 14396 1
156 14415 1
156 14540 1
4136 12360 1
4136 13666 1
13716 13318 1
1226 6313 1
1226 6316 1
1226 12466 1
1226 12467 1
7934 8706 1
7934 12514 1
7934 12740 1
7934 13249 1
2492 12015 1
2492 12077 1
2492 12095 1
2492 12128 1
2492 12242 1
2492 12315 1
2492 12431 1
9815 10181 1
9815 13290 1
5722 5201 1
5296 5153 1
12558 8567 1
14993 12440 1
2067 14570 1
2067 14781 1
2067 14808 1
2067 14815 1
2067 14960 1
2067 15323 1
2067 15708 1
2067 15796 1
2811 6662 1
2811 6690 1
2811 6735 1
2811 7102 1
2811 7527 1
2811 8301 1
2811 8901 1
2811 9094 1
2811 12322 1
4250 10122 1
4250 10155 1
4250 12314 1
8970 12101 1
8970 12192 1
7942 12102 1
6529 13055 1
5222 6238 1
7407 13208 1
15820 12486 1
16316 14311 1
7856 7094 1
1231 7927 1
8988 13120 1
11143 13053 1
3742 6118 1
3742 7480 1
3742 11938 1
3742 12104 1
105 6900 1
105 6902 1
105 6928 1
105 6936 1
105 6938 1
105 6939 1
105 6945 1
105 6957 1
105 6959 1
105 6967 1
105 6987 1
105 7010 1
105 7026 1
105 7095 1
105 7331 1
105 7493 1
105 7660 1
105 7666 1
105 7692 1
105 8102 1
105 8527 1
105 8715 1
105 8754 1
105 8805 1
105 8857 1
105 8905 1
105 8973 1
105 8996 1
105 9051 1
105 9064 1
105 9068 1
105 9258 1
105 9282 1
105 10099 1
105 10141 1
105 10766 1
105 10885 1
105 11102 1
105 11288 1
105 11332 1
105 11637 1
105 11668 1
105 11894 1
105 12010 1
105 12145 1
105 12251 1
105 12254 1
105 12256 1
105 12384 1
105 12448 1
105 12449 1
105 12476 1
105 12479 1
105 12485 1
105 12634 1
105 12778 1
105 13011 1
105 13029 1
105 13041 1
105 13096 1
105 13128 1
105 13136 1
105 13138 1
105 13162 1
105 13231 1
105 13271 1
105 13276 1
105 13300 1
105 13305 1
105 13315 1
105 13340 1
105 13359 1
105 13363 1
105 13392 1
105 13408 1
105 13409 1
105 13426 1
105 13428 1
105 13437 1
105 13445 1
105 13492 1
105 13493 1
105 13506 1
105 13544 1
105 13551 1
105 13580 1
105 13589 1
105 13591 1
105 13609 1
105 13641 1
105 13661 1
105 14324 1
105 14337 1
105 14353 1
105 14358 1
105 14390 1
105 14415 1
105 14444 1
105 14456 1
105 14460 1
105 14494 1
105 14499 1
105 14520 1
105 14532 1
105 14677 1
105 14763 1
105 14817 1
105 14887 1
105 14944 1
105 15023 1
105 15030 1
105 15077 1
105 15131 1
105 15162 1
105 15191 1
105 15194 1
105 15227 1
105 15304 1
105 15307 1
105 15310 1
105 15312 1
105 15326 1
105 15329 1
105 15331 1
105 15383 1
105 15385 1
401 7591 1
401 7721 1
401 11921 1
401 11987 1
401 12002 1
401 12104 1
401 12236 1
401 13120 1
9776 12417 1
274 14522 1
349 6160 1
349 6564 1
349 7422 1
349 7584 1
349 12004 1
2544 9240 1
2544 12303 1
2544 13391 1
2544 13426 1
2544 13550 1
2544 13580 1
2544 13621 1
2544 13654 1
2544 15300 1
7983 8891 1
6552 4179 1
14545 13174 1
3932 12002 1
3932 12404 1
3870 10123 1
9196 7679 1
1327 4156 1
1327 4213 1
1327 7931 1
11360 7422 1
2845 9868 1
2845 9954 1
2845 10043 1
2845 12311 1
2845 13019 1
2845 13808 1
2845 13898 1
2845 14222 1
5194 3241 1
9077 14558 1
9077 14560 1
1630 9279 1
1630 14898 1
2035 9759 1
2035 11762 1
1242 10178 1
1242 12439 1
15237 12515 1
11819 11981 1
10839 12347 1
10839 13163 1
17027 14427 1
1346 12515 1
4203 12101 1
4001 3576 1
4001 8567 1
13383 12366 1
4301 6287 1
4301 6288 1
4301 6297 1
11690 12974 1
2665 8286 1
2665 8389 1
2665 8393 1
2665 8399 1
2665 8416 1
2665 8946 1
2665 9210 1
2665 9337 1
2665 9347 1
2665 10106 1
2665 11396 1
2665 11937 1
2665 12039 1
2665 12205 1
2665 13052 1
2665 13467 1
2665 13527 1
2665 13530 1
2665 13580 1
2665 15151 1
2665 15408 1
3273 12267 1
3273 12441 1
3273 13635 1
12752 12308 1
13419 12362 1
17352 14865 1
7699 7777 1
7699 7808 1
17468 15441 1
7578 11975 1
7578 13036 1
7221 8838 1
13313 11105 1
13313 11106 1
13313 11255 1
1096 12104 1
7686 12104 1
7686 12440 1
7686 14398 1
7814 6381 1
14772 12104 1
5547 3686 1
3478 11052 1
6332 6659 1
6332 7331 1
16112 13159 1
13030 9240 1
10834 12027 1
10834 12421 1
10834 13580 1
9988 12032 1
2298 7503 1
2298 7746 1
11969 12282 1
8439 6158 1
866 11045 1
866 11075 1
866 12101 1
866 12102 1
866 12190 1
866 12341 1
866 14324 1
866 14405 1
866 14428 1
1770 6857 1
1770 9263 1
1770 9404 1
1770 13657 1
1770 13676 1
1770 13722 1
1770 15572 1
16679 14240 1
6133 4412 1
747 7441 1
747 7507 1
747 14391 1
10465 7819 1
10465 11298 1
9804 12441 1
15175 14434 1
6192 11972 1
6192 12077 1
6192 12100 1
6192 12169 1
17170 14435 1
14649 14500 1
14649 14593 1
16144 14465 1
154 11914 1
154 11915 1
154 11916 1
154 11917 1
154 11918 1
154 11919 1
154 11921 1
154 11922 1
154 11923 1
154 11925 1
154 11926 1
154 11927 1
154 11930 1
154 12002 1
154 12006 1
154 12007 1
154 12009 1
154 12014 1
154 12017 1
154 12018 1
154 12054 1
154 12055 1
154 12056 1
154 12058 1
154 12059 1
154 12104 1
154 12108 1
154 12133 1
154 12402 1
154 12958 1
154 13165 1
154 13198 1
154 14353 1
154 14354 1
154 14355 1
154 14356 1
154 14357 1
154 14358 1
154 14359 1
154 14360 1
154 14364 1
154 14365 1
154 14366 1
154 14367 1
154 14398 1
154 14431 1
154 14763 1
12546 9258 1
6038 11983 1
6038 12000 1
5253 12122 1
4833 13639 1
4833 14476 1
6560 7879 1
14648 14474 1
4095 6446 1
4095 7583 1
4095 8663 1
4095 12087 1
4562 11900 1
10536 6722 1
10536 6723 1
10536 6724 1
10536 6725 1
10536 11395 1
8425 14427 1
6353 13120 1
2506 13340 1
8758 11981 1
16935 14396 1
309 5188 1
309 6358 1
309 6728 1
309 14529 1
309 14802 1
1862 7126 1
1862 7163 1
1862 7223 1
1862 7231 1
1862 9250 1
1862 9331 1
1862 9383 1
1862 9458 1
1862 11778 1
1862 12639 1
1862 13667 1
1862 13998 1
1862 14152 1
1862 14963 1
778 7723 1
778 7772 1
7060 7705 1
415 6107 1
415 6364 1
415 6564 1
415 6659 1
415 7725 1
415 11893 1
415 14324 1
415 14395 1
5544 12819 1
8129 6158 1
1267 7869 1
1267 8768 1
1267 12360 1
1267 12404 1
1267 12466 1
1267 13791 1
8091 10011 1
8215 12104 1
14929 12266 1
9827 7892 1
8333 11931 1
8333 12104 1
8333 13179 1
8333 13180 1
8333 14427 1
6240 11986 1
6240 12104 1
7580 5109 1
6005 12104 1
6005 14431 1
9613 14325 1
1058 2315 1
7886 11670 1
2542 6922 1
2542 6939 1
2542 7018 1
2542 7026 1
2542 7031 1
2542 9262 1
2542 15197 1
2542 15233 1
11632 12138 1
1678 3829 1
6982 12974 1
6982 13189 1
6982 13585 1
6400 4667 1
9906 12453 1
14260 14704 1
4394 12466 1
1568 12330 1
7647 6067 1
11730 13381 1
9107 7461 1
9107 14459 1
13298 14449 1
2185 7969 1
2185 14500 1
13099 9263 1
5292 4176 1
5292 12467 1
6815 12461 1
6815 14514 1
1655 10131 1
1655 12138 1
1655 12288 1
1655 12339 1
1655 12441 1
1655 13184 1
1655 13198 1
1655 13305 1
1655 13856 1
5241 12189 1
6276 7623 1
1405 5681 1
1405 5747 1
1405 5794 1
1405 8711 1
1405 9259 1
1405 9279 1
1405 11254 1
1405 13742 1
2748 12097 1
859 10694 1
859 10723 1
859 10730 1
859 11148 1
859 11783 1
859 11865 1
859 12059 1
859 12154 1
859 14322 1
859 14465 1
859 14505 1
859 14553 1
859 15564 1
859 15988 1
859 16089 1
6277 4522 1
4426 14466 1
6060 7619 1
7511 13899 1
4861 9540 1
2715 14366 1
2715 14401 1
2715 14499 1
2715 14515 1
2715 15681 1
9062 6564 1
11702 12506 1
11702 13179 1
11702 14455 1
11702 14521 1
798 6173 1
798 6183 1
7575 6266 1
6 11920 1
6 12104 1
6837 6306 1
4816 12105 1
4816 13381 1
14350 15191 1
2266 8168 1
2266 8357 1
2266 8584 1
2266 12256 1
2266 12441 1
2266 12597 1
2266 13192 1
2266 13381 1
9226 13110 1
9226 13110 1
9226 13110 1
6339 4179 1
12579 14521 1
8829 6240 1
3394 11080 1
3394 12466 1
225 6195 1
225 6211 1
225 6219 1
225 6239 1
225 6240 1
225 6246 1
225 6357 1
225 6362 1
225 6364 1
225 6446 1
225 6564 1
225 6564 1
225 6564 1
225 6616 1
225 6651 1
225 6652 1
225 6652 1
225 6657 1
225 6659 1
225 7369 1
225 7377 1
225 7380 1
225 7381 1
225 7437 1
225 7507 1
225 7565 1
225 7575 1
225 7577 1
225 7679 1
225 10151 1
225 11920 1
225 11924 1
225 11924 1
225 11972 1
225 11983 1
225 11986 1
225 12006 1
225 12097 1
225 12104 1
225 12104 1
225 12108 1
225 12130 1
225 12245 1
225 12574 1
225 12681 1
225 13036 1
225 14307 1
225 14324 1
225 14396 1
225 14427 1
225 14428 1
225 14434 1
225 14502 1
5339 5125 1
13731 11287 1
13731 11383 1
3347 10163 1
114 7713 1
114 7725 1
114 7772 1
114 7775 1
114 8101 1
114 10126 1
114 10181 1
114 11978 1
114 11983 1
114 11998 1
114 12087 1
114 12174 1
114 12192 1
114 12203 1
114 12208 1
114 12236 1
114 12238 1
114 12256 1
114 12262 1
114 12275 1
114 12291 1
114 12649 1
114 12788 1
114 13163 1
114 14333 1
114 14377 1
114 14393 1
114 14400 1
114 14428 1
114 14434 1
114 14435 1
114 14447 1
114 14460 1
114 14465 1
114 14475 1
114 14478 1
114 14479 1
114 14481 1
114 14485 1
114 14487 1
114 14488 1
114 14490 1
114 14497 1
114 14498 1
114 14502 1
114 14506 1
114 14513 1
114 14520 1
13180 13892 1
1794 6991 1
1794 9289 1
1794 10577 1
1794 11704 1
1794 11925 1
1794 12416 1
1794 12631 1
1794 13106 1
1794 13305 1
1794 13785 1
1794 15627 1
5825 3998 1
8615 13041 1
8615 14434 1
160 7627 1
160 7627 1
160 7629 1
160 7629 1
160 7631 1
160 7636 1
160 7673 1
160 7679 1
160 7681 1
160 7684 1
160 7688 1
160 7696 1
160 7699 1
160 7700 1
160 7700 1
160 7710 1
160 7719 1
160 7725 1
160 7753 1
160 7772 1
160 7783 1
160 7792 1
160 7841 1
160 7848 1
160 7856 1
160 7906 1
160 7919 1
160 7927 1
160 7950 1
160 8098 1
160 8223 1
160 8301 1
160 8535 1
160 8536 1
160 8547 1
160 8583 1
160 8621 1
160 8636 1
160 8636 1
160 8642 1
160 8653 1
160 8666 1
160 8682 1
160 8692 1
160 8700 1
160 8704 1
160 8732 1
160 8759 1
160 8767 1
160 8768 1
160 8846 1
160 8968 1
160 8978 1
160 9018 1
160 9022 1
160 9070 1
160 9152 1
160 9297 1
160 9310 1
160 10098 1
160 10100 1
160 10110 1
160 10132 1
160 10138 1
160 10139 1
160 10295 1
160 10319 1
160 11059 1
160 11102 1
160 11110 1
160 11320 1
160 11622 1
160 11648 1
160 11894 1
160 11919 1
160 11959 1
160 11977 1
160 11983 1
160 11985 1
160 12013 1
160 12014 1
160 12024 1
160 12032 1
160 12033 1
160 12077 1
160 12087 1
160 12090 1
160 12092 1
160 12097 1
160 12101 1
160 12101 1
160 12104 1
160 12104 1
160 12121 1
160 12132 1
160 12132 1
160 12135 1
160 12138 1
160 12148 1
160 12151 1
160 12169 1
160 12174 1
160 12192 1
160 12210 1
160 12217 1
160 12230 1
160 12232 1
160 12236 1
160 12236 1
160 12237 1
160 12238 1
160 12240 1
160 12241 1
160 12251 1
160 12261 1
160 12262 1
160 12265 1
160 12267 1
160 12275 1
160 12277 1
160 12281 1
160 12287 1
160 12292 1
160 12293 1
160 12312 1
160 12328 1
160 12339 1
160 12348 1
160 12355 1
160 12362 1
160 12370 1
160 12373 1
160 12378 1
160 12382 1
160 12384 1
160 12404 1
160 12453 1
160 12489 1
160 12788 1
160 12974 1
160 13003 1
160 13110 1
160 13120 1
160 13179 1
160 13180 1
160 13188 1
160 13198 1
160 13238 1
160 13245 1
160 13302 1
160 13315 1
160 13408 1
160 13412 1
160 13428 1
160 13591 1
160 14307 1
160 14312 1
160 14324 1
160 14373 1
160 14395 1
160 14396 1
160 14427 1
160 14428 1
160 14428 1
160 14429 1
160 14432 1
160 14433 1
160 14434 1
160 14434 1
160 14435 1
160 14447 1
160 14457 1
160 14460 1
160 14464 1
160 14465 1
160 14469 1
160 14478 1
160 14499 1
160 14500 1
160 14502 1
160 14506 1
160 14510 1
160 14513 1
160 14515 1
160 14519 1
160 14520 1
160 14554 1
160 14887 1
160 14898 1
160 14901 1
160 14903 1
160 14920 1
160 14960 1
160 15042 1
160 15044 1
160 15077 1
160 15102 1
160 15303 1
160 15345 1
160 15376 1
160 15713 1
15406 14479 1
777 7582 1
7257 4522 1
4548 3393 1
4178 7728 1
3111 8535 1
5310 7950 1
5310 12917 1
5310 13381 1
7462 15227 1
8277 6067 1
4987 7918 1
4987 11648 1
5707 10184 1
5396 6704 1
1084 12073 1
16867 15928 1
5725 11232 1
5725 11297 1
13657 11188 1
10269 13119 1
7311 4788 1
6481 13131 1
14759 12974 1
1094 10803 1
1094 10806 1
1094 10983 1
1094 11031 1
1094 11139 1
1094 11270 1
1094 11364 1
1094 11595 1
1094 11597 1
1094 12523 1
4628 8801 1
4628 8992 1
4628 9267 1
4628 10568 1
4628 12073 1
4628 12341 1
4628 12867 1
4628 13001 1
4628 13140 1
4628 13340 1
4628 14520 1
3598 9130 1
3598 13580 1
381 7452 1
381 12086 1
381 12101 1
381 13198 1
381 14396 1
381 14427 1
381 14441 1
381 14447 1
1038 4177 1
7616 9758 1
7616 14430 1
7616 15035 1
10445 14537 1
3051 10557 1
10540 14397 1
2612 12104 1
10034 7700 1
10034 11926 1
9942 12022 1
9942 12077 1
9942 14435 1
5229 12437 1
5229 12621 1
5229 13076 1
12342 7952 1
6485 13792 1
10583 8301 1
12839 13423 1
6887 12267 1
6887 12328 1
6887 12389 1
6887 13163 1
876 7815 1
876 12230 1
9181 12138 1
9479 12321 1
9479 14500 1
7223 13011 1
7223 13066 1
7223 13208 1
7223 13246 1
7223 13363 1
7223 13384 1
7223 13418 1
7223 13516 1
7223 13607 1
7223 13665 1
838 12177 1
4237 12265 1
672 6671 1
672 7584 1
672 7740 1
672 10312 1
3970 4173 1
3970 12515 1
47 8676 1
47 11895 1
47 12209 1
4173 12792 1
496 4206 1
496 6118 1
496 6218 1
496 6238 1
496 6265 1
496 7007 1
496 7095 1
496 7403 1
496 7512 1
496 11919 1
496 12232 1
496 13238 1
13868 13150 1
2560 11792 1
2560 15749 1
1118 7814 1
5877 11919 1
5877 11972 1
5877 12133 1
5877 13198 1
5572 15062 1
4239 4166 1
10359 7584 1
7353 11505 1
7353 12444 1
4142 13120 1
4142 14435 1
3877 7422 1
5627 8891 1
5582 14661 1
3140 11329 1
3498 7909 1
3498 10132 1
17495 15227 1
3175 7657 1
3175 11972 1
3175 12251 1
3405 14330 1
733 2266 1
733 11985 1
4901 6308 1
4869 7225 1
5371 13511 1
7048 10119 1
7477 13346 1
7477 15197 1
8607 12133 1
8288 6805 1
5819 10398 1
1899 11372 1
1899 11487 1
1899 12102 1
1899 13389 1
379 8301 1
379 8357 1
379 10181 1
379 10312 1
379 11648 1
379 11959 1
379 11962 1
379 11967 1
379 11983 1
379 11999 1
379 12024 1
379 12033 1
379 12101 1
379 12133 1
379 12137 1
379 12238 1
379 12251 1
379 12792 1
379 12974 1
379 13119 1
379 13120 1
379 13180 1
379 13180 1
379 13198 1
379 14328 1
379 14383 1
379 14398 1
379 14426 1
379 14428 1
379 14433 1
379 14434 1
379 14455 1
379 14464 1
379 14487 1
379 14500 1
379 14505 1
379 14506 1
13299 12312 1
13562 11690 1
4453 4453 1
8890 12101 1
6027 6362 1
6027 11648 1
6027 13395 1
1647 4682 1
1647 4690 1
1647 7371 1
1647 7435 1
1647 7650 1
1647 7814 1
1647 7918 1
1647 8590 1
1647 8621 1
1647 9068 1
1647 9078 1
1647 11198 1
1647 12154 1
1647 12384 1
1647 12404 1
1647 12441 1
1647 12681 1
1647 13041 1
1647 13075 1
1647 13180 1
1647 13340 1
1647 13359 1
1647 13411 1
1647 13426 1
10918 15406 1
5405 11334 1
5405 12928 1
2092 9860 1
2092 9931 1
2092 10002 1
7264 10294 1
10065 10273 1
1885 12506 1
1885 13032 1
1885 13512 1
1885 13568 1
1885 13639 1
1885 13730 1
5570 10181 1
4661 8535 1
7962 11159 1
7962 12700 1
7962 13286 1
2973 6394 1
5085 7616 1
5085 12370 1
5085 14325 1
178 7588 1
178 7622 1
178 8732 1
178 10101 1
178 11917 1
178 11920 1
178 11972 1
178 12000 1
178 12002 1
178 12014 1
178 12788 1
178 14307 1
178 14325 1
178 14399 1
854 12100 1
854 12128 1
854 12190 1
854 12267 1
854 12325 1
854 12363 1
854 12467 1
854 12478 1
854 12675 1
854 13040 1
854 13109 1
854 13188 1
854 13315 1
854 13340 1
854 13484 1
854 13497 1
854 13516 1
854 13619 1
854 13742 1
854 14518 1
854 14900 1
854 15030 1
854 15524 1
854 15530 1
854 15613 1
854 15715 1
854 15859 1
12582 12368 1
3983 11320 1
3983 12077 1
3983 12337 1
3983 14312 1
8942 7583 1
14676 14362 1
14676 14435 1
130 6157 1
130 7407 1
130 7643 1
130 11926 1
1156 7566 1
1156 10151 1
1156 14324 1
2432 11153 1
11319 12075 1
5847 5694 1
770 6295 1
770 6758 1
770 6910 1
770 7118 1
770 7186 1
770 7223 1
770 7235 1
770 7435 1
770 7492 1
770 7595 1
770 7712 1
770 7950 1
770 7953 1
770 8653 1
770 8664 1
770 8857 1
770 9215 1
770 9248 1
770 9251 1
770 9258 1
770 9263 1
770 9279 1
770 9285 1
770 9286 1
770 9293 1
770 9342 1
770 9351 1
770 9357 1
770 9388 1
770 9535 1
770 9540 1
770 9572 1
770 12036 1
770 12554 1
770 13053 1
770 13398 1
770 13785 1
770 13919 1
770 14049 1
10534 13757 1
10266 13472 1
11748 7927 1
1998 11008 1
1998 11010 1
1998 12404 1
1998 12681 1
1998 12917 1
5335 6158 1
312 6158 1
312 6160 1
312 6246 1
312 6419 1
312 7566 1
312 7583 1
312 7622 1
312 11893 1
312 11919 1
312 12015 1
312 12108 1
312 13198 1
312 14427 1
2588 7561 1
2588 7576 1
2588 7627 1
2588 8301 1
2588 11960 1
2588 11997 1
2588 12101 1
2588 12402 1
2588 13041 1
2588 13198 1
2588 14395 1
2588 14518 1
5950 4399 1
4130 12174 1
4130 12337 1
4130 14428 1
15245 14396 1
15245 14515 1
11280 12100 1
11280 12275 1
10238 7724 1
10238 8414 1
10238 14413 1
5293 10186 1
5293 10208 1
5293 10811 1
5293 10825 1
5293 10928 1
5293 10983 1
5293 11079 1
5293 11187 1
5293 11276 1
5293 11288 1
5293 12935 1
7463 6954 1
1972 9207 1
1972 9233 1
1972 9259 1
1972 9270 1
1972 9286 1
1972 9292 1
1972 9295 1
1972 9337 1
1972 9771 1
1972 9820 1
1972 10051 1
1972 11018 1
1972 11036 1
1972 11037 1
1972 11148 1
1972 11151 1
1972 11229 1
1972 11245 1
1972 11302 1
1972 11457 1
1972 11525 1
1972 11604 1
1972 11765 1
1972 11776 1
1972 11809 1
1972 12461 1
1972 13623 1
1972 13745 1
1972 14057 1
1972 16049 1
11 6118 1
11 6151 1
11 6156 1
11 6158 1
11 6159 1
11 6160 1
11 6161 1
11 6162 1
11 6246 1
11 6564 1
11 6654 1
11 6665 1
11 6701 1
11 7007 1
11 7369 1
11 7371 1
11 7371 1
11 7377 1
11 7407 1
11 7488 1
11 7566 1
11 7578 1
11 7579 1
11 7581 1
11 7582 1
11 7583 1
11 7622 1
11 7815 1
11 8612 1
11 8661 1
11 10106 1
11 10312 1
11 11298 1
11 11648 1
11 11893 1
11 11894 1
11 11917 1
11 11919 1
11 11920 1
11 11924 1
11 11981 1
11 12015 1
11 12032 1
11 12040 1
11 12088 1
11 12089 1
11 12091 1
11 12092 1
11 12095 1
11 12096 1
11 12097 1
11 12098 1
11 12104 1
11 12440 1
11 13179 1
11 13198 1
11 14325 1
11 14337 1
11 14384 1
11 14395 1
11 14396 1
11 14398 1
11 14403 1
11 14409 1
11 14415 1
11 14427 1
11 14431 1
11 14432 1
1848 6657 1
1848 6942 1
1848 6954 1
1848 6960 1
1848 7069 1
1848 8829 1
1848 9379 1
1848 13551 1
1848 13926 1
9444 14505 1
11813 10324 1
12995 11303 1
15981 14634 1
5935 6240 1
5935 12322 1
5935 12330 1
5935 13189 1
5935 13530 1
901 7371 1
901 7483 1
901 7688 1
901 11995 1
901 14324 1
10992 13240 1
1044 6165 1
1017 12654 1
1017 13240 1
1017 13380 1
1017 13504 1
1017 14799 1
1017 14920 1
3106 1661 1
15982 12737 1
7789 12681 1
1760 11915 1
1760 11940 1
1760 11993 1
1760 12033 1
1760 12232 1
1760 12234 1
1760 12239 1
1760 12291 1
1760 12361 1
1760 12425 1
1760 12974 1
1760 13120 1
1760 13168 1
1760 13230 1
1760 13453 1
1760 13484 1
1760 13512 1
14892 12133 1
3499 8871 1
3499 8904 1
3499 8919 1
3499 8996 1
3499 12267 1
3499 12503 1
3499 12999 1
3499 13128 1
3499 13480 1
2821 6118 1
2821 7406 1
3112 1669 1
1999 7913 1
1999 7929 1
1999 8428 1
1999 8636 1
1999 9320 1
1999 9414 1
1999 9417 1
1999 9720 1
1999 11965 1
1999 11995 1
1999 12004 1
1999 12290 1
1999 12378 1
1999 12404 1
1999 12452 1
1999 13982 1
1773 8636 1
1773 12135 1
1773 12441 1
1773 12489 1
7265 4639 1
9348 12614 1
2788 9018 1
2788 9049 1
2788 9260 1
2788 11028 1
2788 11467 1
2788 11664 1
2788 11937 1
2788 12663 1
2788 13359 1
2788 13409 1
2788 13484 1
2788 13522 1
2788 13537 1
2788 13559 1
2788 13588 1
2788 15234 1
2788 15329 1
2788 15408 1
2788 15565 1
14713 12341 1
14713 14370 1
4630 13060 1
1166 15030 1
2408 8101 1
801 12232 1
7004 9076 1
9688 12384 1
6516 12308 1
12099 12236 1
12099 14310 1
10554 12486 1
10471 12356 1
2358 6306 1
3697 8320 1
3697 10522 1
3697 11027 1
5226 12373 1
4772 7009 1
454 6168 1
454 7503 1
454 12917 1
454 13316 1
425 14415 1
2686 6564 1
2686 6701 1
2686 7369 1
2686 7701 1
2686 14324 1
5190 14487 1
5190 14505 1
6045 11447 1
1578 13355 1
7057 10119 1
7057 14500 1
757 6761 1
3306 13340 1
8750 7585 1
8750 7673 1
8750 14434 1
9589 7787 1
2884 9322 1
2884 12032 1
6852 7331 1
1003 6805 1
1003 11648 1
107 7441 1
107 7583 1
107 7660 1
107 7665 1
107 8209 1
107 8301 1
107 8301 1
107 11320 1
107 11959 1
107 11985 1
107 12161 1
107 12210 1
107 12318 1
107 12974 1
107 13120 1
107 13380 1
107 13380 1
107 14310 1
107 14428 1
107 14469 1
2414 6242 1
2414 7462 1
1192 7725 1
1192 7804 1
1192 14444 1
1192 14504 1
7077 4345 1
12042 14505 1
2843 7773 1
7993 8677 1
7993 12881 1
117 14443 1
1316 1232 1
9647 10453 1
9647 10547 1
9647 10567 1
9647 12441 1
8299 7093 1
5755 13550 1
8912 12233 1
13352 12301 1
5795 5018 1
5795 5519 1
5795 8486 1
5795 10785 1
14656 12467 1
3238 12286 1
3238 12382 1
3238 12425 1
3894 2374 1
7815 12341 1
879 6219 1
879 7701 1
446 6160 1
446 6162 1
446 7371 1
446 7533 1
446 7550 1
446 7583 1
446 8612 1
446 8726 1
446 10112 1
446 10312 1
446 11298 1
446 11648 1
446 11914 1
446 11919 1
446 11919 1
446 11967 1
446 12010 1
446 12032 1
446 12092 1
446 12097 1
446 12098 1
446 13147 1
446 13179 1
446 13198 1
446 14324 1
446 14325 1
1239 7739 1
1239 7892 1
1239 12128 1
1239 12436 1
1239 12788 1
1239 12974 1
1239 13192 1
712 11919 1
712 14324 1
1362 11102 1
1362 12229 1
1362 12344 1
1362 13249 1
1362 13550 1
1362 14487 1
1362 15227 1
6312 6173 1
459 7422 1
459 11983 1
6613 7903 1
1138 7579 1
1138 12032 1
2277 12330 1
2277 12341 1
2277 12603 1
2277 13097 1
2277 13201 1
2277 13363 1
2277 14446 1
2277 14478 1
2277 14502 1
2277 14677 1
3302 12361 1
3302 13493 1
5925 6118 1
5925 12192 1
1803 4594 1
1803 8997 1
1803 9068 1
4270 6307 1
1732 13506 1
14760 12337 1
2349 14887 1
1640 12138 1
1640 12231 1
1640 12275 1
1640 12515 1
1640 12607 1
1640 13147 1
1640 13148 1
1640 13574 1
1640 13963 1
13812 11368 1
2681 8239 1
2681 11298 1
2681 12090 1
2681 12159 1
2681 13192 1
3293 4492 1
3293 6693 1
2579 7410 1
2579 14345 1
15858 14449 1
15858 14505 1
15858 14520 1
892 13119 1
12481 13340 1
222 11914 1
222 12032 1
222 14349 1
222 14396 1
16401 14324 1
8663 9269 1
8663 12444 1
4885 3151 1
6460 6794 1
4805 8904 1
4805 8937 1
4805 8984 1
4805 9262 1
4805 9267 1
4805 13138 1
4805 13200 1
4805 13315 1
4805 13512 1
4805 13641 1
8665 12089 1
8665 12101 1
6725 15191 1
14723 13201 1
639 7666 1
639 11298 1
639 11648 1
639 11919 1
639 12099 1
639 12100 1
639 12122 1
639 12148 1
639 12974 1
639 14325 1
639 14414 1
639 14427 1
639 14449 1
8926 6343 1
8926 6628 1
11845 12449 1
5 6097 1
5 6098 1
5 6142 1
5 6362 1
5 6564 1
5 6701 1
5 7369 1
5 7459 1
5 7462 1
5 7503 1
5 11648 1
5 12040 1
5 12085 1
5 12515 1
5 13198 1
5 14324 1
5 14422 1
926 12649 1
12508 14349 1
12723 11997 1
6425 12330 1
4651 12675 1
4651 13334 1
4651 13367 1
581 12104 1
6754 7819 1
4525 13484 1
5522 11189 1
5522 11494 1
4619 14900 1
9282 7660 1
16148 14502 1
2908 7583 1
11691 7853 1
599 6118 1
428 12917 1
428 14325 1
8605 14383 1
4424 7507 1
7829 13334 1
7829 15191 1
7829 15626 1
4608 3636 1
2403 14921 1
2403 14939 1
2403 14960 1
2403 15035 1
2403 15042 1
2403 15044 1
2403 15074 1
2403 15246 1
2403 15258 1
2403 15259 1
2403 15262 1
2403 15304 1
2403 15332 1
2403 15336 1
2403 15395 1
2403 15505 1
7811 11983 1
7811 12024 1
3574 12461 1
3574 12506 1
3574 13120 1
3574 13189 1
2460 9162 1
2460 9162 1
3991 6321 1
4601 11900 1
4601 12453 1
4601 13053 1
4601 13075 1
4601 13086 1
4601 13231 1
1402 11931 1
1970 9790 1
4534 12746 1
1286 6758 1
4497 8634 1
4497 16106 1
9363 6657 1
4902 12020 1
4902 12092 1
4902 12199 1
4902 12382 1
1379 8599 1
1379 14336 1
3216 1924 1
659 2266 1
7563 12507 1
11740 7679 1
626 13198 1
6601 7742 1
6601 12296 1
16636 13523 1
12928 12869 1
10223 10486 1
4212 6528 1
4212 6806 1
4212 8356 1
4212 10912 1
4212 11605 1
4212 12110 1
10432 12102 1
2301 6564 1
2301 7577 1
14748 14395 1
2018 13340 1
2018 14015 1
3794 8663 1
3794 11298 1
3794 11894 1
3794 11919 1
3794 11921 1
3794 11923 1
3794 11970 1
3794 11972 1
3794 11975 1
3794 11986 1
3794 12007 1
3794 12009 1
3794 12014 1
3794 12056 1
3794 12075 1
3794 12515 1
3794 12681 1
3794 12982 1
3794 14307 1
3794 14325 1
3794 14422 1
4105 14652 1
4105 14839 1
4105 15824 1
11031 7331 1
3494 6884 1
3494 15198 1
11777 8733 1
10666 12309 1
8918 11962 1
8918 14462 1
2744 7819 1
2744 8452 1
2744 8473 1
2744 9140 1
2744 10730 1
2744 12292 1
6737 10205 1
13497 12482 1
15346 12461 1
4348 12387 1
4348 12705 1
9663 12478 1
9663 12489 1
9663 12503 1
9663 13003 1
9663 13163 1
9263 14324 1
9119 6287 1
849 7579 1
3134 1753 1
8993 11962 1
358 12101 1
358 12255 1
358 14435 1
2003 6857 1
2003 7153 1
2003 14802 1
2003 15057 1
1387 10688 1
5762 8743 1
9740 6308 1
6616 14532 1
10452 7761 1
8483 7377 1
8483 7584 1
2794 8232 1
2794 8536 1
2794 9072 1
2794 12092 1
5412 8461 1
5412 14324 1
9953 7654 1
12381 12939 1
12381 12982 1
4225 14505 1
6142 11918 1
531 11914 1
531 11918 1
531 11919 1
531 11990 1
531 12014 1
531 12069 1
531 13198 1
531 14322 1
531 14431 1
4564 7918 1
4564 11648 1
4564 12439 1
620 10106 1
13304 11106 1
11410 10307 1
13351 12281 1
4281 2365 1
2525 14390 1
2525 15770 1
3611 7571 1
3611 12043 1
3611 14396 1
7499 9341 1
4056 4147 1
10631 11348 1
10631 11402 1
1125 2288 1
1125 7588 1
17092 14551 1
4890 8552 1
4890 11994 1
4890 12075 1
8913 10098 1
11514 12020 1
1342 9383 1
1342 9454 1
1342 9677 1
1342 9711 1
1342 9733 1
1342 10189 1
1342 10810 1
1342 10817 1
1342 10825 1
1342 10882 1
1342 10885 1
1342 10919 1
1342 11006 1
1342 11081 1
1342 11141 1
1342 11225 1
1342 11230 1
1342 11276 1
1342 11279 1
1342 11287 1
1342 11303 1
1342 11338 1
1342 11339 1
1342 11340 1
1342 11387 1
1342 11565 1
1342 11596 1
1342 11599 1
1342 11610 1
1342 11740 1
1342 12107 1
1342 12159 1
1342 12233 1
1342 12305 1
1342 12332 1
1342 12393 1
1342 12432 1
1342 12664 1
1342 12758 1
1342 13188 1
1342 13197 1
1342 13208 1
1342 13211 1
1342 13226 1
1342 13250 1
1342 13316 1
1342 13334 1
1342 13351 1
1342 13393 1
1342 13405 1
1342 13408 1
1342 13425 1
1342 13430 1
1342 13437 1
1342 13469 1
1342 13479 1
1342 13485 1
1342 13506 1
1342 13511 1
1342 13532 1
1342 13535 1
1342 13540 1
1342 13548 1
1342 13550 1
1342 13551 1
1342 13574 1
1342 13580 1
1342 13593 1
1342 13661 1
1342 13763 1
1342 14168 1
1342 14331 1
1342 14335 1
1342 14338 1
1342 14371 1
1342 14442 1
1342 14507 1
1342 14575 1
1342 14587 1
1342 14592 1
1342 14652 1
1342 14681 1
1342 14699 1
1342 14706 1
1342 14774 1
1342 14789 1
1342 14799 1
1342 14824 1
1342 14839 1
1342 14893 1
1342 14922 1
1342 14989 1
1342 15003 1
1342 15009 1
1342 15030 1
1342 15035 1
1342 15041 1
1342 15051 1
1342 15054 1
1342 15059 1
1342 15073 1
1342 15077 1
1342 15084 1
1342 15095 1
1342 15109 1
1342 15117 1
1342 15127 1
1342 15134 1
1342 15155 1
1342 15190 1
1342 15193 1
1342 15195 1
1342 15209 1
1342 15221 1
1342 15227 1
1342 15232 1
1342 15255 1
1342 15258 1
1342 15263 1
1342 15277 1
1342 15290 1
1342 15291 1
1342 15292 1
1342 15300 1
1342 15304 1
1342 15306 1
1342 15308 1
1342 15309 1
1342 15331 1
1342 15334 1
1342 15341 1
1342 15344 1
1342 15345 1
1342 15351 1
1342 15356 1
1342 15367 1
1342 15403 1
1342 15409 1
1342 15427 1
1342 15436 1
1342 15445 1
1342 15471 1
1342 15521 1
1342 15572 1
1342 15600 1
1342 15617 1
1342 15672 1
1342 15689 1
1342 15769 1
1342 15803 1
1342 15824 1
1342 15890 1
1342 15891 1
1342 15895 1
1342 15928 1
1342 15954 1
1342 15957 1
6919 12453 1
5220 4207 1
12996 11080 1
1527 10608 1
1527 11463 1
1527 13163 1
1527 13445 1
10513 13163 1
9096 6957 1
12059 8188 1
12059 14554 1
12151 14684 1
6321 13231 1
1842 7617 1
1842 8569 1
1842 8663 1
1842 9523 1
1842 12561 1
5090 7918 1
5944 6362 1
5944 7377 1
5944 11919 1
5944 12104 1
680 7534 1
680 7547 1
680 7679 1
680 7892 1
680 7950 1
680 12378 1
680 12382 1
680 12416 1
680 12425 1
680 13060 1
680 13120 1
680 14539 1
680 14554 1
3491 11545 1
3491 11938 1
3491 13639 1
3491 13697 1
2775 12506 1
7386 13745 1
7386 13787 1
7386 13958 1
7386 13962 1
7386 13963 1
3891 6362 1
3891 11822 1
8592 11467 1
9719 10510 1
9719 11447 1
4360 6308 1
4360 12452 1
506 6218 1
506 6240 1
506 6246 1
506 6666 1
506 6677 1
506 7380 1
506 7422 1
506 8301 1
506 10110 1
506 10126 1
506 11648 1
506 12216 1
506 14428 1
506 14505 1
4908 10979 1
1275 6615 1
1056 4166 1
11560 7909 1
6829 12453 1
16937 14519 1
3486 10236 1
3486 12325 1
5006 7486 1
5006 12974 1
1553 12461 1
2800 10018 1
2041 14148 1
7912 13516 1
12061 13179 1
12061 14330 1
2669 7403 1
9946 11894 1
1026 2302 1
1026 6260 1
3291 2101 1
15247 13198 1
15247 13198 1
133 7670 1
133 12077 1
133 12167 1
2398 10381 1
1283 6282 1
11815 11382 1
1367 8209 1
1367 8529 1
1367 8650 1
1367 12237 1
1367 12267 1
1367 12368 1
1367 12485 1
1367 12904 1
1367 13024 1
1367 13124 1
1367 14498 1
4472 14554 1
7965 13512 1
4500 3551 1
4500 6315 1
4500 11275 1
4500 15023 1
4956 7386 1
5454 6362 1
3754 12230 1
3754 12230 1
3754 12974 1
3754 14310 1
8305 6699 1
12962 12439 1
4151 12281 1
4151 12464 1
4151 12671 1
4151 12963 1
4151 13577 1
8567 12032 1
8567 12341 1
8567 12347 1
852 6288 1
2716 7949 1
6576 12296 1
4674 13399 1
10712 7559 1
10712 12466 1
122 8240 1
122 11923 1
122 11986 1
122 11998 1
8696 7583 1
8256 7369 1
8256 11981 1
8256 12088 1
8256 12135 1
3472 11690 1
65 11983 1
65 12099 1
65 12320 1
7260 11468 1
1389 11047 1
1389 11189 1
1389 11231 1
1389 11379 1
1389 12308 1
1389 12466 1
1389 13240 1
5849 13283 1
4340 14518 1
4340 14532 1
2820 6677 1
4391 8845 1
3493 2040 1
11593 14465 1
13434 15061 1
8662 12002 1
4257 12461 1
11068 8906 1
11067 9746 1
7102 12137 1
518 102 1
8276 14415 1
10437 13120 1
4552 6970 1
4552 7615 1
4552 12021 1
4552 12449 1
4552 13272 1
8099 7371 1
9380 7331 1
195 11479 1
9582 14506 1
2537 9601 1
2537 10175 1
2537 10867 1
2537 11652 1
6772 6246 1
2733 6271 1
6535 15917 1
12176 10191 1
12176 10195 1
2213 6732 1
614 14398 1
8769 12087 1
8489 6165 1
2476 9163 1
15419 15920 1
12585 10514 1
12585 13121 1
9449 7740 1
11504 11648 1
11504 12129 1
11504 14398 1
10718 8947 1
3843 10203 1
12573 13340 1
15156 12384 1
4613 10979 1
3506 11422 1
3506 11430 1
3506 11931 1
3506 12251 1
3506 12293 1
3506 12339 1
3506 12461 1
3506 13097 1
3506 13142 1
3506 13233 1
3506 13334 1
3506 13363 1
3198 12241 1
3387 11028 1
6236 12210 1
6236 12217 1
6236 12232 1
10231 10979 1
12002 12453 1
10585 6763 1
1278 11632 1
4243 7380 1
4009 12664 1
3826 8919 1
3826 14487 1
3826 14505 1
5803 3967 1
5803 3968 1
3784 6805 1
718 12032 1
718 13198 1
17140 15564 1
2057 7481 1
2057 8710 1
2057 9018 1
2057 9076 1
2057 9240 1
2057 9668 1
2057 9701 1
2057 9713 1
2057 10992 1
2057 13334 1
2057 13607 1
2057 13702 1
2057 13808 1
2057 13903 1
2057 13931 1
2057 14008 1
2057 14010 1
2057 14089 1
2057 14257 1
2057 15300 1
2057 15334 1
2057 15533 1
2057 15604 1
13794 14375 1
7875 10574 1
7875 12151 1
7875 13180 1
1827 10672 1
1827 13703 1
1827 13799 1
8356 7622 1
8356 14427 1
6848 10969 1
6848 11002 1
6848 11452 1
6848 11967 1
6848 12427 1
6848 12453 1
6848 14529 1
41 6364 1
41 6564 1
41 6651 1
41 6701 1
41 7369 1
41 7442 1
41 7479 1
41 8661 1
41 11648 1
41 11893 1
41 11925 1
41 11970 1
41 11973 1
41 12006 1
41 12074 1
41 12958 1
41 14310 1
41 14324 1
2077 6902 1
2077 9786 1
2077 10960 1
2077 12308 1
2077 12332 1
2077 12376 1
2077 12435 1
2077 13104 1
5284 4387 1
5284 7831 1
5284 8348 1
5284 14594 1
14849 12231 1
15729 14434 1
4519 14325 1
4519 14434 1
1845 9076 1
1845 9262 1
1845 10575 1
1845 12075 1
1845 12337 1
1845 13200 1
1845 13666 1
9336 12138 1
4385 7753 1
4385 8920 1
4385 8996 1
4385 13103 1
4385 13451 1
4385 14465 1
4385 15211 1
13080 15564 1
321 6130 1
321 6158 1
321 6564 1
321 7369 1
321 7466 1
321 7725 1
321 11648 1
321 11917 1
321 12024 1
321 12087 1
321 12133 1
321 14325 1
321 14398 1
321 14426 1
12350 12461 1
10956 13639 1
11778 12325 1
5231 10314 1
5231 10476 1
5231 13265 1
555 12088 1
555 12239 1
8057 13535 1
7972 6610 1
7972 11019 1
11873 11670 1
11873 13018 1
2296 12296 1
2253 6394 1
2253 7899 1
2253 13375 1
5790 7923 1
4723 13512 1
4945 7417 1
14393 13418 1
14393 13418 1
10806 14434 1
4311 14542 1
4311 14554 1
4311 14584 1
4311 14852 1
4311 14898 1
4311 14942 1
1480 10178 1
637 12002 1
637 12077 1
637 12151 1
12739 10178 1
2954 10205 1
2954 10298 1
11839 12267 1
2261 1175 1
2269 6935 1
2269 7719 1
2853 14540 1
3988 7631 1
3988 7814 1
3988 7892 1
3988 11986 1
3988 12453 1
1989 10987 1
1220 7369 1
6314 7700 1
714 14434 1
4921 14427 1
11231 11900 1
4076 12101 1
4076 14434 1
13757 11149 1
5084 11985 1
5084 12022 1
3706 10506 1
3706 11270 1
1554 1250 1
6062 12092 1
6062 12241 1
3398 6260 1
3776 11320 1
3776 12077 1
3776 12097 1
1994 11769 1
1994 12122 1
1994 12328 1
1994 12337 1
1994 13512 1
1994 14003 1
1994 15611 1
1994 15767 1
12058 12241 1
2645 5287 1
2645 7466 1
2645 7808 1
2645 8661 1
12010 12039 1
7489 9601 1
7489 13607 1
7489 13949 1
2024 13003 1
2024 13334 1
2024 13512 1
2024 13820 1
2024 13845 1
2024 13888 1
2024 13892 1
2024 13893 1
2024 14057 1
2024 14070 1
2024 14105 1
2024 14146 1
2024 15915 1
6085 6265 1
6085 7619 1
251 6240 1
251 6596 1
251 6804 1
251 7422 1
251 7470 1
251 7546 1
251 7584 1
251 7627 1
251 7631 1
251 12066 1
251 12068 1
251 12104 1
251 12133 1
251 12181 1
251 12210 1
251 12274 1
251 14429 1
251 14502 1
14803 14427 1
9277 7725 1
9277 7725 1
14486 12466 1
30 14513 1
7744 6195 1
2772 12441 1
14823 12441 1
16996 14434 1
13284 10551 1
13284 11053 1
13284 11074 1
13284 11188 1
13284 11428 1
13284 11506 1
2558 8585 1
10589 7498 1
2896 7586 1
2896 7640 1
2896 7642 1
2896 12134 1
2896 12135 1
2896 14427 1
1812 9024 1
952 10877 1
952 10885 1
952 13365 1
952 13598 1
952 14737 1
952 15613 1
5765 12006 1
5765 13340 1
147 7398 1
147 10678 1
147 11011 1
147 11362 1
147 15304 1
11223 14505 1
6684 14464 1
7665 7814 1
7665 12090 1
7665 12307 1
12458 11622 1
1754 6761 1
1754 14478 1
13260 10134 1
13260 12189 1
3196 1987 1
3196 1991 1
3196 2050 1
3196 2052 1
1967 4553 1
9573 12325 1
9573 14505 1
9573 14506 1
11401 13180 1
4339 6863 1
4339 7957 1
4339 8403 1
7663 6124 1
13788 12919 1
1771 15097 1
10139 8741 1
10139 13295 1
2143 7507 1
2143 7650 1
2143 8666 1
2143 11983 1
2143 11985 1
2143 12104 1
2143 13119 1
14213 13266 1
6518 12271 1
7160 12368 1
7160 12974 1
4518 6370 1
11462 7646 1
5363 6599 1
1219 579 1
1219 13569 1
8243 14434 1
12000 10169 1
15801 12467 1
4018 7204 1
4018 7892 1
4018 7927 1
4018 12321 1
4018 12493 1
4018 14443 1
4018 14466 1
4018 14558 1
4018 14646 1
4018 14893 1
4018 14944 1
4018 15061 1
848 12138 1
848 12974 1
848 14307 1
848 14312 1
848 14399 1
848 14434 1
848 14435 1
848 14447 1
848 14465 1
848 14519 1
11391 12135 1
7293 13096 1
535 4378 1
535 6087 1
535 6564 1
535 7369 1
535 7377 1
535 7534 1
535 12135 1
11923 11985 1
14078 12421 1
1759 6939 1
1759 11098 1
1759 11266 1
10709 14985 1
9877 7950 1
6373 12092 1
17219 14660 1
5438 10979 1
1762 745 1
4652 7818 1
4193 12406 1
4193 14520 1
2153 14321 1
2153 14333 1
2153 14349 1
2153 14378 1
2153 14396 1
2153 14431 1
2477 9189 1
2477 9215 1
2477 9292 1
2477 9735 1
2477 9792 1
2477 9815 1
2477 11722 1
2477 14107 1
7670 7584 1
7670 12360 1
11342 7403 1
1634 7769 1
14149 12974 1
835 64 1
6211 11919 1
6211 12202 1
6211 12341 1
10187 7632 1
2490 11647 1
2490 14377 1
2490 15095 1
2490 15702 1
12467 11193 1
13603 12461 1
1162 7949 1
1162 7950 1
1162 8354 1
1162 8582 1
1162 8641 1
1162 8706 1
1162 8845 1
1162 12010 1
1162 12040 1
1162 12046 1
1162 12217 1
1162 12402 1
1162 12475 1
1162 12476 1
1162 12479 1
1162 12486 1
1162 12498 1
1162 13244 1
1162 14532 1
1162 14540 1
1162 15061 1
9155 7371 1
5255 6158 1
5255 6165 1
5255 14325 1
7945 6768 1
4148 12241 1
10352 12191 1
13273 14323 1
7250 6118 1
10542 12192 1
1297 6317 1
1297 6321 1
1297 11958 1
1297 12439 1
1297 12461 1
1297 14447 1
8632 12416 1
88 6067 1
88 11899 1
88 12104 1
4162 8904 1
4162 13151 1
9818 12471 1
1898 13806 1
1898 15436 1
1898 15530 1
1898 15548 1
1898 15613 1
2188 6467 1
2188 7086 1
2188 8655 1
2188 14329 1
2188 14522 1
2188 14540 1
2188 14808 1
2188 15015 1
11000 12277 1
14517 11861 1
2208 6630 1
3738 11914 1
5162 4185 1
696 6067 1
499 10117 1
12049 14465 1
1041 6616 1
1041 6699 1
1041 6805 1
1041 7331 1
1041 12288 1
3907 6727 1
3907 7095 1
3907 7547 1
3907 7588 1
3907 7772 1
3907 11320 1
3907 11924 1
3907 12017 1
3907 12100 1
3907 14310 1
3907 14324 1
3907 14428 1
14580 11919 1
14580 12958 1
12292 12074 1
1222 5127 1
1222 5141 1
1222 5525 1
1222 6060 1
1222 6615 1
1222 8297 1
1222 8553 1
1222 15077 1
2305 14435 1
9052 7533 1
2000 10106 1
2000 11164 1
2000 11465 1
6693 12356 1
10308 7488 1
4683 14383 1
4683 14435 1
2827 1315 1
2827 1318 1
9185 11931 1
2215 6118 1
2215 6185 1
2215 6186 1
6914 6745 1
4127 6266 1
4127 7437 1
10039 6564 1
687 12104 1
2571 8357 1
2571 8585 1
2571 9029 1
2571 9157 1
2571 9210 1
2571 9383 1
2571 9604 1
2233 11938 1
2233 12137 1
2233 15207 1
1588 6693 1
1588 6758 1
9303 14433 1
4327 6564 1
6677 11925 1
4362 7892 1
3789 7471 1
3789 8209 1
3789 12106 1
3789 14415 1
13368 10185 1
13368 10186 1
15844 13398 1
4087 13380 1
4087 14433 1
1508 5472 1
12335 12996 1
12335 13155 1
5592 9163 1
1019 7192 1
1019 7227 1
1019 7344 1
1019 7356 1
1019 7370 1
437 8002 1
437 8101 1
437 8483 1
437 8533 1
437 8588 1
437 8599 1
437 8653 1
437 8768 1
437 10180 1
437 10482 1
437 10514 1
437 11136 1
437 11901 1
437 11974 1
437 12018 1
437 12020 1
437 12036 1
437 12073 1
437 12148 1
437 12241 1
437 12323 1
437 12361 1
437 12368 1
437 12441 1
437 12498 1
437 12551 1
437 12780 1
437 12874 1
437 13003 1
437 13092 1
437 14404 1
437 14798 1
1292 4185 1
7635 6446 1
5345 12829 1
1604 13185 1
1604 14324 1
1604 14469 1
1604 14500 1
1604 14628 1
1604 14907 1
1604 14977 1
1604 15134 1
7638 6118 1
7638 6158 1
7638 6195 1
2388 7768 1
2388 7919 1
2388 10385 1
2388 10715 1
2388 11647 1
2388 11938 1
2388 12020 1
2388 12074 1
2388 12085 1
2388 13031 1
2388 13264 1
15259 12192 1
627 12440 1
627 14431 1
627 14435 1
1741 9339 1
1741 12401 1
1741 13392 1
4889 4156 1
4889 6649 1
4889 7863 1
4889 12007 1
4889 12104 1
4405 7930 1
12756 11994 1
2173 6271 1
4436 14506 1
5165 11959 1
674 14415 1
3981 12974 1
3981 14434 1
8196 12014 1
8196 14398 1
11609 12077 1
4579 12420 1
4579 12701 1
4579 13163 1
4579 13559 1
4579 14325 1
4579 14540 1
4579 14558 1
4579 15073 1
4416 6322 1
1533 9260 1
1533 10173 1
1533 11899 1
1533 11911 1
1533 11944 1
1533 12209 1
1533 12247 1
1533 12361 1
1533 12681 1
1533 13055 1
1533 13263 1
1533 13265 1
1533 13290 1
1533 13294 1
1533 13341 1
1533 13342 1
1533 13354 1
1533 13506 1
1533 13550 1
1533 15095 1
1431 4628 1
1431 4643 1
1431 4705 1
1431 6693 1
1431 10575 1
1431 10987 1
1431 13563 1
1431 14434 1
1431 14464 1
1431 14558 1
1431 15300 1
9394 7714 1
14280 15769 1
14280 15824 1
2790 11005 1
2790 11396 1
5206 3297 1
5259 12356 1
14805 12104 1
377 11983 1
377 12004 1
377 12049 1
377 12087 1
377 12104 1
377 12230 1
377 12236 1
377 12402 1
377 12974 1
377 13180 1
377 14307 1
377 14399 1
377 14427 1
377 14431 1
377 14434 1
377 14435 1
377 14447 1
377 14449 1
377 14519 1
7500 15632 1
15938 13096 1
4034 10124 1
12257 12481 1
12257 13230 1
10336 13506 1
5580 7422 1
3207 7460 1
6468 13411 1
12528 8964 1
7977 8653 1
11506 11364 1
1470 2356 1
6164 6026 1
2285 12417 1
2285 12479 1
2285 12784 1
2285 13035 1
2285 13117 1
2285 13271 1
2285 14486 1
2285 15074 1
8921 6174 1
8998 12087 1
13910 11322 1
14942 14434 1
2793 7610 1
10114 6792 1
857 14386 1
857 14980 1
857 15299 1
857 15413 1
472 3459 1
2342 11037 1
2342 11601 1
15427 12318 1
3139 13569 1
9327 11994 1
9327 12356 1
8065 13198 1
1838 6839 1
1838 6860 1
1838 6896 1
1838 6936 1
1838 6939 1
1838 7069 1
1838 8850 1
1838 11019 1
1838 13411 1
1838 13676 1
7392 13484 1
6141 4156 1
452 11937 1
452 12670 1
10013 12404 1
8183 6364 1
3450 13035 1
3450 13411 1
3450 13440 1
1320 11922 1
6155 11447 1
11349 12107 1
5329 12104 1
11981 8353 1
11981 14500 1
11981 14505 1
3606 8190 1
3606 8842 1
3606 9993 1
3606 11958 1
3606 12107 1
3606 14066 1
311 15441 1
7109 4690 1
7236 13142 1
7236 13226 1
7236 14930 1
7236 15057 1
6558 4178 1
6501 11938 1
4147 11985 1
4147 12138 1
4147 12174 1
4147 12192 1
4147 12974 1
4147 14449 1
4147 14457 1
10995 12303 1
10995 12384 1
12373 12417 1
3698 7540 1
9689 12382 1
14824 13198 1
6309 12156 1
3772 5045 1
6136 14428 1
1878 3831 1
10705 11447 1
10705 13334 1
14374 12154 1
16240 13117 1
8134 7583 1
1333 6385 1
1333 6586 1
1333 11028 1
1333 12561 1
10337 13321 1
2690 7814 1
2690 12240 1
2690 14465 1
4144 14449 1
3969 7512 1
5064 4156 1
12803 13398 1
13654 10567 1
12627 12415 1
4280 7757 1
4280 12037 1
541 8768 1
541 11983 1
541 11985 1
541 11985 1
541 12033 1
541 12097 1
541 12208 1
541 12214 1
541 12242 1
541 12368 1
541 12493 1
541 12687 1
541 13180 1
541 14325 1
541 14449 1
15652 14515 1
813 11967 1
813 12015 1
813 12040 1
813 14399 1
813 14435 1
5959 11648 1
44 6066 1
44 6160 1
44 6238 1
44 7507 1
44 11925 1
44 11967 1
44 12033 1
44 12066 1
44 12087 1
44 12104 1
44 12231 1
44 12237 1
44 14441 1
44 14502 1
7359 15511 1
7067 11970 1
3267 13492 1
8466 6158 1
3756 12024 1
262 6173 1
262 6246 1
262 6357 1
262 6564 1
262 7369 1
262 14380 1
1463 8780 1
1463 9043 1
13977 13034 1
12354 8708 1
2758 6322 1
7885 8905 1
13517 11059 1
1955 10845 1
1955 15692 1
1955 15704 1
2980 1685 1
2692 6287 1
2692 6313 1
2692 6700 1
2692 7814 1
2692 7931 1
2692 8663 1
2692 10178 1
2692 12416 1
3312 1939 1
9594 7927 1
3879 14431 1
738 6206 1
738 7422 1
738 7583 1
1237 7104 1
1237 10181 1
1573 6867 1
1573 6936 1
1573 9157 1
1573 15194 1
7148 12417 1
7148 12426 1
7148 12459 1
7148 12503 1
7148 12558 1
7148 13003 1
7148 13231 1
8122 14325 1
8528 8209 1
8528 14427 1
8528 14435 1
2785 7556 1
2785 8590 1
2785 8653 1
2785 8895 1
2785 8904 1
2785 12341 1
2785 13143 1
12352 7950 1
4114 6148 1
2516 5114 1
2564 9366 1
10954 13960 1
11975 13180 1
11975 14307 1
2817 11907 1
2817 12032 1
10670 14500 1
16585 15191 1
16233 13316 1
3796 7486 1
3796 7583 1
3796 7619 1
3796 10101 1
3796 11648 1
3796 11914 1
3796 11918 1
3796 11919 1
3796 11971 1
3796 11986 1
3796 12014 1
3796 12059 1
3796 12104 1
3796 12958 1
3796 13198 1
3796 14325 1
4633 7879 1
4633 13138 1
13536 14844 1
730 12077 1
730 12099 1
730 13120 1
730 14434 1
730 14481 1
9246 12139 1
9246 12277 1
9246 14324 1
9246 14434 1
9246 14435 1
3199 4101 1
1489 11007 1
2081 2204 1
2081 3072 1
13209 15821 1
7967 12489 1
15297 12382 1
16511 14403 1
3811 6699 1
3060 7960 1
2745 12917 1
995 6119 1
995 7584 1
995 8663 1
8792 7775 1
7388 7714 1
7388 12453 1
13329 12314 1
8413 12104 1
16912 14407 1
16912 14430 1
1037 11997 1
1037 12296 1
1092 10837 1
9920 10130 1
633 7631 1
633 12133 1
633 13180 1
11697 14324 1
2016 4292 1
2016 4339 1
2016 4393 1
2016 7299 1
5726 10204 1
5726 10892 1
6670 14537 1
11314 7505 1
1586 12461 1
1586 14434 1
7922 13128 1
12394 11403 1
1865 8968 1
1865 9262 1
1865 9279 1
1865 10878 1
1865 10957 1
1865 11168 1
1865 11401 1
1865 11479 1
1865 11670 1
1865 12373 1
1865 12461 1
1865 12467 1
1865 12974 1
1865 13392 1
1865 13588 1
5344 3597 1
1965 6153 1
1965 6267 1
1965 6646 1
1965 7126 1
1965 13716 1
1965 15632 1
2648 12077 1
1384 5188 1
1384 6113 1
1384 6336 1
9122 6480 1
9122 12681 1
2013 11699 1
2013 11750 1
10003 11397 1
2167 3266 1
11381 14399 1
11381 14430 1
11381 14763 1
2064 13917 1
2064 14005 1
2064 14080 1
2064 15928 1
6494 8658 1
11927 13120 1
851 7792 1
851 7815 1
851 7866 1
851 12032 1
851 12075 1
851 12087 1
851 12138 1
851 12192 1
851 12515 1
851 13053 1
851 14396 1
851 14435 1
11384 13053 1
8212 7377 1
5907 6700 1
8279 7491 1
8279 7583 1
8279 8663 1
8279 12097 1
8279 12515 1
9234 11320 1
6879 4206 1
11442 7700 1
5305 11037 1
5305 11229 1
5305 11254 1
5642 6938 1
11785 12133 1
6191 11920 1
6191 12088 1
598 12087 1
1622 4522 1
1622 11649 1
1622 15185 1
4526 11911 1
702 6957 1
702 6987 1
12165 12193 1
9785 7408 1
9785 12137 1
14653 13341 1
7602 5085 1
2753 6106 1
2753 9064 1
