6958 4413 1
3764 6119 1
3764 6158 1
3764 7622 1
3764 14427 1
1674 6850 1
1674 6890 1
1674 6936 1
1674 6973 1
1674 7132 1
1674 7133 1
1674 7229 1
1674 7343 1
1674 8710 1
1674 8849 1
1674 9126 1
1674 12095 1
1674 15262 1
6595 12312 1
4247 14399 1
4247 14505 1
8800 12013 1
352 7645 1
352 7701 1
352 10312 1
352 12140 1
352 13120 1
352 13180 1
352 13380 1
8337 12103 1
8337 12104 1
8337 12515 1
8337 12982 1
8202 12104 1
8202 12117 1
1632 11173 1
4749 9115 1
4749 9262 1
4749 11649 1
4749 13469 1
4749 13512 1
2810 11917 1
2810 12098 1
2810 12100 1
2810 13198 1
13279 15191 1
10155 12024 1
10155 12073 1
10155 12074 1
3616 7558 1
8668 7919 1
8668 12453 1
223 6195 1
223 10114 1
223 12020 1
223 12104 1
3921 10181 1
3419 4631 1
2136 10055 1
1883 6090 1
1883 6094 1
1883 6458 1
1883 6599 1
1883 6613 1
1883 6884 1
1883 7166 1
1883 7687 1
5059 6211 1
5059 6240 1
5059 8209 1
5059 12155 1
8637 6106 1
11595 14479 1
8115 12104 1
638 7422 1
638 12088 1
2676 7533 1
6907 6745 1
9556 12347 1
393 12192 1
393 12251 1
393 12292 1
393 14431 1
393 14500 1
5983 6580 1
5983 6612 1
5983 6699 1
5983 7082 1
5983 8704 1
5983 8768 1
5983 12040 1
5983 12161 1
5983 12267 1
5983 13003 1
3552 2110 1
1225 12274 1
1225 12316 1
1225 12321 1
1225 12325 1
1225 12330 1
1225 12350 1
1225 12370 1
1225 12403 1
1225 12447 1
1225 12461 1
1225 12498 1
1225 12514 1
1225 12974 1
1225 13103 1
1225 13196 1
1225 14325 1
1225 14325 1
1225 14399 1
1225 14427 1
1225 14500 1
1225 14520 1
1225 14554 1
3871 7545 1
3871 11923 1
3871 12087 1
8058 13451 1
8058 13484 1
4088 6118 1
4088 6211 1
3627 12974 1
5198 12190 1
5198 13041 1
5198 13119 1
5198 13588 1
5198 15499 1
5198 15552 1
245 6106 1
245 6211 1
245 6616 1
245 6866 1
245 11922 1
245 12436 1
13845 11362 1
364 7627 1
364 12077 1
364 14426 1
4118 6240 1
4118 7627 1
4118 14449 1
13761 11067 1
12724 12461 1
12724 12478 1
12211 12207 1
16822 14980 1
16822 15343 1
7824 11059 1
8581 8301 1
8581 11967 1
8581 14323 1
8581 14345 1
8581 14349 1
2352 12108 1
2352 12110 1
5160 12101 1
5160 12202 1
5160 13198 1
939 6616 1
939 6866 1
939 7583 1
939 7714 1
939 7773 1
939 12181 1
939 12362 1
939 13120 1
939 14422 1
939 14427 1
939 14465 1
939 14486 1
939 14500 1
939 14502 1
15710 12424 1
4481 12489 1
13531 10277 1
13263 11648 1
13333 10165 1
8550 12104 1
15864 12974 1
13259 12138 1
4141 11923 1
4141 11997 1
4141 12974 1
4141 14540 1
8976 11913 1
8976 12139 1
3848 7371 1
2619 11648 1
9232 13198 1
9232 14434 1
9232 14435 1
9841 8968 1
2911 1631 1
2911 1651 1
13421 12312 1
10211 13295 1
15489 12335 1
11316 12278 1
1139 8307 1
1139 8535 1
1139 8642 1
1139 8715 1
1139 8783 1
1139 8800 1
1139 8850 1
1139 8852 1
1139 8892 1
1139 10103 1
1139 10295 1
1139 11235 1
1139 12154 1
1139 12261 1
1139 12360 1
1139 13217 1
1139 13221 1
1139 13222 1
1139 13302 1
1139 13334 1
1139 13340 1
1139 14390 1
1139 14407 1
1139 14427 1
1139 14435 1
1139 14494 1
1139 14499 1
1139 14554 1
1139 14588 1
1139 14711 1
1139 14852 1
1139 15068 1
1139 15074 1
1139 15917 1
5100 12614 1
12856 11779 1
1798 5483 1
1798 6658 1
1798 6659 1
1798 6660 1
1798 8639 1
1798 12011 1
1798 12154 1
1798 12190 1
1798 12255 1
1798 12402 1
1798 12815 1
1798 13041 1
1798 13060 1
1798 13375 1
4220 12461 1
1969 14148 1
7708 6158 1
6080 11926 1
6080 12013 1
235 12088 1
235 14390 1
5411 14887 1
5411 15035 1
5411 15163 1
5411 15299 1
1649 8569 1
1649 9263 1
1649 10295 1
1649 11045 1
1649 12586 1
12112 8301 1
6208 7575 1
6208 7684 1
16384 14431 1
2389 11173 1
2389 12127 1
2389 12242 1
2389 12769 1
13056 15611 1
1265 4248 1
10642 12788 1
941 10244 1
941 10245 1
941 10246 1
941 10247 1
941 10248 1
941 10249 1
941 10252 1
941 10253 1
941 10350 1
941 11053 1
941 11158 1
941 11426 1
941 11507 1
941 12032 1
941 14399 1
941 14520 1
941 14554 1
10233 9260 1
6564 12278 1
189 11983 1
189 12017 1
189 12079 1
189 12084 1
189 12231 1
189 14349 1
189 14395 1
189 14405 1
189 14407 1
2032 7350 1
2032 7362 1
2032 9808 1
2032 9949 1
2032 9990 1
2032 10057 1
2032 10058 1
2032 10070 1
2032 10072 1
2032 10073 1
2032 10083 1
2032 14235 1
2032 14244 1
2032 14258 1
2032 14286 1
1424 14311 1
1828 13655 1
1828 13739 1
1828 15449 1
1828 15493 1
1828 15613 1
1828 15861 1
12934 13580 1
8504 7889 1
8504 8885 1
4104 14500 1
123 52 1
123 6067 1
646 7371 1
646 7520 1
646 12087 1
6565 12312 1
3605 9160 1
3605 9240 1
3605 9263 1
3605 9284 1
3605 9292 1
3605 10142 1
3605 13642 1
419 1176 1
419 6026 1
419 7565 1
419 11974 1
419 12018 1
419 12063 1
419 14413 1
3272 13484 1
2369 12466 1
4133 6203 1
271 6727 1
271 7892 1
5012 7927 1
5012 8200 1
5012 11632 1
5012 13340 1
5012 13398 1
2880 8981 1
2880 10181 1
2880 11622 1
2880 14570 1
12808 8829 1
15852 12489 1
2075 8801 1
7688 7724 1
7688 12107 1
6159 7832 1
6159 11825 1
1414 15077 1
1673 9255 1
1673 9259 1
1673 9279 1
1673 9395 1
1673 9561 1
1673 9601 1
1673 9645 1
1673 9701 1
1673 9782 1
1673 10175 1
1673 10187 1
1673 10333 1
1673 10417 1
1673 10546 1
1673 11019 1
1673 11028 1
1673 11239 1
1673 11467 1
1673 11471 1
1673 11624 1
1673 11652 1
1673 11754 1
1673 11801 1
1673 11918 1
1673 11937 1
1673 11973 1
1673 12011 1
1673 12024 1
1673 12074 1
1673 12092 1
1673 12100 1
1673 12122 1
1673 12128 1
1673 12225 1
1673 12278 1
1673 12293 1
1673 12325 1
1673 12503 1
1673 12558 1
1673 12974 1
1673 13003 1
1673 13200 1
1673 13248 1
1673 13340 1
1673 13369 1
1673 13437 1
1673 13463 1
1673 13516 1
1673 13517 1
1673 13520 1
1673 13526 1
1673 13527 1
1673 13530 1
1673 13592 1
1673 13639 1
1673 13648 1
1673 13668 1
1673 13680 1
1673 13685 1
1673 13697 1
1673 13702 1
1673 13757 1
1673 13890 1
1673 13921 1
1673 14015 1
1673 15564 1
1090 6313 1
1090 6700 1
1090 6820 1
1090 7627 1
1090 7892 1
1090 11967 1
1090 12362 1
1090 12368 1
1090 13381 1
1090 14362 1
1090 14395 1
1090 14396 1
10048 8256 1
10048 8905 1
1052 12335 1
1052 12373 1
1052 12461 1
1052 14505 1
18 11919 1
18 11931 1
18 11990 1
18 11990 1
18 12136 1
18 12139 1
18 12189 1
18 14309 1
18 14404 1
18 14405 1
6657 6700 1
1912 7369 1
5019 13516 1
2362 5118 1
2362 5149 1
10483 12341 1
10483 12362 1
15171 14325 1
10982 11700 1
2792 9040 1
2792 9259 1
2792 9289 1
2792 9424 1
2792 10277 1
2792 10313 1
2792 15262 1
2578 1175 1
5316 6606 1
890 6616 1
890 6671 1
890 8846 1
890 14464 1
890 14465 1
11122 12296 1
395 6100 1
934 6240 1
2083 8942 1
2083 15627 1
1193 12238 1
1193 12301 1
16165 13003 1
8092 10748 1
8092 13072 1
8092 13119 1
8092 15453 1
8092 15524 1
8092 15571 1
5830 13188 1
9897 7949 1
6089 14325 1
2998 13240 1
2394 6381 1
2394 7948 1
10699 15044 1
9102 12092 1
9102 14324 1
17019 14434 1
1926 10575 1
1926 11670 1
1926 13682 1
1926 13697 1
1926 13743 1
1926 13919 1
2038 15436 1
14758 12974 1
2848 6313 1
11269 7589 1
1027 6805 1
1027 7092 1
1027 7437 1
1027 8732 1
1027 12236 1
1027 12295 1
1027 12304 1
13349 10196 1
951 3396 1
3713 11920 1
3713 12135 1
3713 14428 1
3899 4132 1
4379 7892 1
4379 12425 1
4379 14540 1
4390 16108 1
14739 14427 1
5667 6042 1
8576 6234 1
9301 12102 1
14097 14542 1
14097 15134 1
14798 12161 1
1746 8905 1
276 4523 1
276 13359 1
7310 6652 1
2360 6321 1
2360 6322 1
6256 6112 1
6256 7719 1
1174 7859 1
1174 7863 1
1174 7927 1
1174 7929 1
1174 8585 1
1174 12277 1
1174 12278 1
1174 12334 1
1174 12360 1
1174 12382 1
1174 12387 1
1174 12406 1
1174 14435 1
1174 14481 1
1174 14500 1
1174 14513 1
1174 14542 1
3926 12404 1
3926 14487 1
4558 11965 1
4558 12133 1
4558 12805 1
4558 13009 1
14857 13053 1
9516 12353 1
7880 15259 1
7880 15300 1
4303 13380 1
4303 15303 1
16302 14449 1
8641 11588 1
9173 12169 1
9173 14428 1
16605 14166 1
14907 13745 1
7439 6615 1
449 7007 1
449 8726 1
449 12182 1
3354 11252 1
3354 15187 1
1651 3750 1
1651 5157 1
1651 5455 1
1651 6159 1
1651 6443 1
1651 6649 1
1651 6741 1
1651 6893 1
1651 6943 1
1651 14482 1
1651 15227 1
1651 15236 1
15146 12194 1
4631 6828 1
4631 13180 1
4631 14887 1
11830 14396 1
15811 15230 1
6213 7712 1
6213 12649 1
13851 13208 1
10054 12042 1
322 7583 1
322 12194 1
5024 7663 1
12596 12134 1
12596 12204 1
13490 12404 1
629 14434 1
3342 1939 1
684 7838 1
684 8585 1
684 12466 1
684 14395 1
684 14396 1
684 14506 1
684 14528 1
684 14547 1
2361 13398 1
2425 12002 1
2425 12127 1
2425 13641 1
3009 7927 1
2599 7512 1
2599 7559 1
2599 7560 1
2599 7610 1
2599 7625 1
2599 7631 1
2599 7700 1
2599 8301 1
2599 11962 1
2599 11983 1
2599 12088 1
2599 14428 1
2599 14434 1
2599 14435 1
663 7331 1
663 7461 1
663 7627 1
663 7631 1
663 7714 1
663 12240 1
663 12275 1
663 12312 1
663 14310 1
663 14324 1
663 14502 1
1445 13024 1
1445 14476 1
8003 8482 1
591 6118 1
7989 11649 1
6442 10445 1
13949 12293 1
11320 12169 1
1350 4379 1
1350 4624 1
1350 10208 1
1350 10380 1
1350 11323 1
1569 9240 1
1569 11748 1
1569 15584 1
13016 11377 1
7171 14427 1
7171 14479 1
13090 13646 1
4305 10295 1
4305 12325 1
4305 15035 1
5897 4412 1
5704 11549 1
7047 14500 1
9281 6613 1
11235 11997 1
3972 7371 1
3972 10180 1
1348 7795 1
1348 7933 1
1348 7949 1
1348 11937 1
1348 11960 1
1348 12104 1
1348 14399 1
1348 14433 1
1348 14528 1
131 7666 1
131 11985 1
131 12236 1
131 14434 1
277 7610 1
277 7816 1
277 7892 1
277 8000 1
277 8072 1
277 8079 1
277 8208 1
277 9064 1
277 9109 1
277 9147 1
277 9184 1
277 9286 1
277 9373 1
277 9535 1
277 10108 1
277 11907 1
277 11983 1
277 12215 1
277 12319 1
277 12361 1
277 12621 1
277 12672 1
277 12845 1
277 12868 1
277 13191 1
277 13290 1
277 13316 1
277 13340 1
277 13919 1
277 14027 1
277 14033 1
277 14092 1
277 15626 1
12410 11923 1
8050 10258 1
8050 14718 1
3639 8326 1
3639 11924 1
3639 12015 1
3639 12101 1
3639 13198 1
3639 14325 1
13875 12404 1
11076 14099 1
12502 8771 1
8784 8636 1
8784 11983 1
6542 10978 1
6542 12232 1
862 14428 1
862 14435 1
4461 5572 1
4461 10977 1
4461 14542 1
4461 14998 1
9240 14396 1
9878 14554 1
1366 4553 1
1366 6768 1
1366 11909 1
13765 12384 1
15514 14505 1
1750 11632 1
1750 12728 1
2195 12321 1
8283 7583 1
8283 14324 1
8689 14325 1
1 6364 1
1 6564 1
1 6727 1
1 7461 1
1 7491 1
1 8301 1
1 12515 1
1 14310 1
1 14322 1
1 14325 1
3923 7331 1
3923 12341 1
3923 12362 1
3923 14500 1
2617 7422 1
2617 7466 1
2617 7583 1
2617 7659 1
2194 7095 1
2194 7700 1
3898 6148 1
3898 6173 1
485 11914 1
485 11985 1
6371 12333 1
6371 12356 1
6371 12365 1
6371 12425 1
6371 12974 1
6371 14506 1
2949 6324 1
3708 7533 1
3708 7610 1
3708 7627 1
3708 11899 1
3708 11908 1
3708 13174 1
1255 6379 1
10783 13163 1
1905 9111 1
1905 9259 1
1905 9263 1
1905 9267 1
1905 9429 1
1905 9438 1
1905 9535 1
1905 11135 1
1905 11993 1
1905 12092 1
1905 12137 1
1905 12229 1
1905 12255 1
1905 12274 1
1905 12325 1
1905 12360 1
1905 12416 1
1905 12503 1
1905 12506 1
1905 12756 1
1905 12974 1
1905 12999 1
1905 13003 1
1905 13008 1
1905 13052 1
1905 13092 1
1905 13138 1
1905 13155 1
1905 13272 1
1905 13273 1
1905 13396 1
1905 13418 1
1905 13475 1
1905 13492 1
1905 13493 1
1905 13516 1
1905 13607 1
1905 13648 1
1905 13666 1
1905 13820 1
1849 6489 1
1849 15954 1
10847 6957 1
560 4114 1
560 6843 1
4599 8367 1
4599 13052 1
4599 13230 1
13825 10699 1
4449 6144 1
4449 8232 1
10032 13198 1
6975 10401 1
6975 10457 1
10909 12506 1
2299 10149 1
2652 7801 1
2652 10181 1
6340 12241 1
6340 14434 1
443 1349 1
443 10419 1
443 10803 1
443 10867 1
443 10882 1
443 10928 1
443 11197 1
443 11277 1
443 11509 1
443 11595 1
443 11597 1
5939 4631 1
5669 14397 1
5669 14399 1
5669 14427 1
5669 14466 1
5669 14473 1
5669 14505 1
5669 14506 1
14531 14403 1
14531 14415 1
1208 6646 1
9862 7331 1
6799 12267 1
6799 12341 1
6799 12467 1
6799 13188 1
6799 14547 1
6799 14887 1
6433 14540 1
6433 15034 1
4764 13537 1
11272 13120 1
4758 8973 1
2303 6596 1
2303 8240 1
2303 12974 1
3624 12325 1
14203 12491 1
6357 5098 1
6357 7507 1
8120 12015 1
8120 12104 1
8120 14325 1
12581 14521 1
5815 11486 1
5815 12353 1
1018 7950 1
1018 7979 1
1018 8400 1
1018 8416 1
1018 8905 1
1018 9078 1
1018 9135 1
1018 9279 1
1018 9284 1
1018 9292 1
1018 9301 1
1018 9310 1
1018 9322 1
1018 9404 1
1018 9412 1
1018 9417 1
1018 9429 1
1018 9543 1
1018 9572 1
1018 9582 1
1018 9778 1
1018 10455 1
1018 11159 1
1018 11378 1
1018 12138 1
1018 12160 1
1018 12453 1
1018 13109 1
1018 13200 1
1018 13485 1
1018 13594 1
1018 13609 1
1018 13647 1
1018 13663 1
1018 13667 1
1018 13673 1
1018 13691 1
1018 13724 1
1018 13743 1
1018 13745 1
1018 13785 1
1018 13893 1
1018 13960 1
1018 14008 1
1018 14478 1
1018 15518 1
1018 15631 1
1018 15690 1
11317 12356 1
11317 14434 1
136 10110 1
136 12077 1
2783 11399 1
11007 14522 1
2529 8548 1
2529 9429 1
2529 12697 1
2529 13211 1
2529 13998 1
2529 15704 1
5372 10133 1
5372 10278 1
5372 10318 1
5372 10431 1
5372 10592 1
865 8774 1
865 8850 1
865 8893 1
865 8904 1
865 8916 1
865 8968 1
865 8977 1
865 9251 1
865 9318 1
865 11909 1
865 11979 1
865 12041 1
865 12465 1
865 13008 1
865 13140 1
865 13290 1
865 14445 1
865 14504 1
865 15262 1
9504 12328 1
1425 12087 1
5883 7673 1
5883 12974 1
9502 6271 1
2986 1506 1
9130 15034 1
9142 12192 1
1879 13180 1
2940 12466 1
7636 6173 1
7636 7627 1
1110 2929 1
1110 4867 1
1110 6452 1
1110 7026 1
1110 7030 1
1110 7632 1
1110 8453 1
1110 9078 1
1110 9126 1
1110 9603 1
1110 10178 1
1110 13375 1
1110 13663 1
1110 13926 1
1110 15197 1
1110 15604 1
1110 15631 1
660 4631 1
660 6839 1
660 13004 1
3211 4167 1
3211 4185 1
5086 6671 1
5086 6700 1
5086 14464 1
2183 7369 1
2698 7865 1
2698 10580 1
4138 10560 1
4138 14351 1
3328 13261 1
8719 12133 1
1861 7139 1
1861 11319 1
3156 11487 1
3695 12104 1
11856 12006 1
4067 10098 1
4067 14333 1
4067 14334 1
1973 9928 1
1973 9997 1
1973 10122 1
1973 10438 1
1973 10930 1
1973 11025 1
1973 11081 1
1973 11303 1
1973 11421 1
1973 11670 1
1973 11807 1
1973 11809 1
1973 12018 1
1973 12267 1
1973 13019 1
1973 13516 1
1973 13587 1
1973 13589 1
1973 13619 1
1973 13621 1
1973 13644 1
1973 13655 1
1973 13734 1
1973 13743 1
1973 13888 1
1973 13930 1
1973 13931 1
1973 13949 1
1973 13958 1
1973 14006 1
1973 14066 1
1973 14072 1
1973 14110 1
1973 14125 1
1973 14129 1
1973 14146 1
1973 14148 1
1973 14235 1
1973 14261 1
1973 14279 1
1973 14434 1
1973 15510 1
1973 15596 1
1973 15708 1
1973 15749 1
1973 16049 1
1973 16081 1
2866 12880 1
460 10991 1
460 11319 1
460 11648 1
460 11823 1
460 11919 1
460 11940 1
460 11941 1
460 11942 1
460 11944 1
460 11948 1
460 11949 1
460 11950 1
460 11952 1
460 11953 1
460 11954 1
460 11955 1
460 11962 1
460 11973 1
460 11981 1
460 12008 1
460 12035 1
460 12039 1
460 12104 1
460 12154 1
460 12188 1
460 12208 1
460 12256 1
460 12265 1
460 12278 1
460 12291 1
460 12296 1
460 12312 1
460 12315 1
460 12328 1
460 12331 1
460 12360 1
460 12436 1
460 12644 1
460 12681 1
460 12917 1
460 12973 1
460 13308 1
460 13341 1
460 13342 1
460 13343 1
460 13344 1
460 13345 1
460 13352 1
460 13354 1
460 13366 1
460 13368 1
460 13376 1
460 13485 1
460 13493 1
460 13613 1
460 14130 1
460 14330 1
460 14375 1
460 14445 1
460 14550 1
460 14649 1
460 14675 1
460 14721 1
460 14744 1
460 14929 1
460 14940 1
460 15002 1
460 15021 1
460 15081 1
460 15137 1
460 15146 1
460 15289 1
460 15313 1
460 15479 1
460 15511 1
460 15514 1
460 15690 1
7832 6327 1
8008 7623 1
7486 13665 1
8623 6700 1
17251 14520 1
2231 6739 1
2545 9078 1
2545 10529 1
2545 11960 1
2545 12137 1
2545 12232 1
2545 13411 1
2545 13493 1
7806 14460 1
7806 14500 1
7806 14509 1
7806 14528 1
7806 14551 1
4111 7639 1
4111 10112 1
4111 11917 1
4111 11967 1
4111 12020 1
3757 7422 1
3757 7634 1
3757 12063 1
5025 11900 1
997 7763 1
997 7772 1
997 7838 1
997 7872 1
997 8767 1
997 8871 1
997 10181 1
997 10312 1
997 11320 1
997 11648 1
997 11983 1
997 12095 1
997 12100 1
997 12133 1
997 12192 1
997 12242 1
997 12256 1
997 12281 1
997 12293 1
997 12296 1
997 12312 1
997 12314 1
997 12360 1
997 12362 1
997 12378 1
997 12382 1
997 12417 1
997 12974 1
997 14312 1
997 14427 1
997 14435 1
997 14487 1
11027 12296 1
1304 14558 1
10089 6558 1
10628 12675 1
10628 13003 1
10628 13004 1
11288 15511 1
11288 15622 1
3583 7729 1
3583 7869 1
3583 8079 1
3583 8232 1
3583 8373 1
3583 9152 1
3583 9217 1
3277 1983 1
2022 12100 1
2022 12102 1
2022 12121 1
2022 12154 1
2022 12217 1
2022 12240 1
2022 12317 1
2022 12330 1
2022 12449 1
2022 13040 1
2022 13261 1
2022 13516 1
2022 13706 1
2022 13742 1
2022 13764 1
2022 13888 1
2022 13930 1
2022 14209 1
2022 14225 1
2022 15445 1
2162 12097 1
9770 7851 1
9770 7892 1
13271 11399 1
11989 14459 1
11281 14528 1
11281 15015 1
10425 13208 1
1644 13462 1
1644 15233 1
1644 15236 1
5750 10250 1
7235 12653 1
7235 13055 1
5384 3623 1
5384 7705 1
8383 6118 1
244 6057 1
244 6246 1
244 6659 1
244 7007 1
244 7554 1
244 7611 1
244 11930 1
244 12013 1
244 12192 1
244 12211 1
244 12212 1
244 12960 1
244 14310 1
244 14325 1
7840 7879 1
13730 12898 1
10634 14919 1
1443 10529 1
1443 12002 1
1443 12189 1
1443 12848 1
1443 12935 1
1443 13119 1
1443 14506 1
3266 4185 1
3266 7486 1
3266 9126 1
3266 9260 1
3266 11958 1
3266 12262 1
3266 12325 1
3266 13249 1
11916 7909 1
2028 4792 1
2028 7159 1
1490 6728 1
19 6564 1
19 7556 1
19 7616 1
19 11648 1
19 11919 1
19 11931 1
19 12013 1
19 12101 1
19 12574 1
19 13119 1
19 14324 1
19 14399 1
19 14427 1
19 14433 1
10696 15207 1
6246 7627 1
6246 8209 1
5970 14504 1
5970 14507 1
5970 14685 1
5970 14798 1
3777 6446 1
14225 11544 1
4679 6165 1
2677 6671 1
2677 7007 1
2677 12387 1
8559 10110 1
4325 5116 1
359 5018 1
3849 6185 1
980 12265 1
980 12312 1
10997 14513 1
7871 5602 1
8526 7377 1
4421 7081 1
4421 14479 1
39 8195 1
39 8232 1
39 8527 1
39 8535 1
39 8539 1
39 8547 1
39 8571 1
39 8621 1
39 8623 1
39 8700 1
39 8710 1
39 8747 1
39 8754 1
39 8759 1
39 8772 1
39 8775 1
39 8778 1
39 8800 1
39 8801 1
39 8805 1
39 8821 1
39 8822 1
39 8824 1
39 8830 1
39 8850 1
39 8853 1
39 8876 1
39 8889 1
39 8890 1
39 8893 1
39 8894 1
39 8896 1
39 8901 1
39 8905 1
39 8910 1
39 8911 1
39 8920 1
39 8924 1
39 8951 1
39 8957 1
39 8964 1
39 8965 1
39 8967 1
39 8968 1
39 8969 1
39 8972 1
39 8973 1
39 8979 1
39 8981 1
39 8996 1
39 8998 1
39 9000 1
39 9004 1
39 9015 1
39 9018 1
39 9043 1
39 9053 1
39 9054 1
39 9061 1
39 9064 1
39 9066 1
39 9076 1
39 9077 1
39 9078 1
39 9109 1
39 9122 1
39 9126 1
39 9130 1
39 9132 1
39 9133 1
39 9141 1
39 9144 1
39 9176 1
39 9178 1
39 9189 1
39 9198 1
39 9233 1
39 9234 1
39 9236 1
39 9240 1
39 9251 1
39 9255 1
39 9259 1
39 9261 1
39 9262 1
39 9263 1
39 9266 1
39 9267 1
39 9268 1
39 9271 1
39 9279 1
39 9284 1
39 9286 1
39 9289 1
39 9292 1
39 9293 1
39 9300 1
39 9310 1
39 9331 1
39 9342 1
39 9347 1
39 9383 1
39 9388 1
39 9389 1
39 9391 1
39 9398 1
39 9404 1
39 9409 1
39 9417 1
39 9440 1
39 9454 1
39 9532 1
39 9533 1
39 9535 1
39 9540 1
39 9541 1
39 9543 1
39 9572 1
39 9589 1
39 9598 1
39 9629 1
39 9635 1
39 9701 1
39 9709 1
39 9757 1
39 9771 1
39 9775 1
39 9778 1
39 9790 1
39 9792 1
39 9801 1
39 9819 1
39 9858 1
39 9899 1
39 9913 1
39 9939 1
39 9949 1
39 9962 1
39 9973 1
39 10018 1
39 10049 1
39 10054 1
39 10057 1
39 10058 1
39 10063 1
39 10220 1
39 10406 1
39 10467 1
39 10678 1
39 10737 1
39 11011 1
39 11013 1
39 11059 1
39 11102 1
39 11362 1
39 11622 1
39 11624 1
39 11646 1
39 11781 1
39 11792 1
39 11797 1
39 11930 1
39 12057 1
39 12134 1
39 12305 1
39 12339 1
39 12384 1
39 12442 1
39 12554 1
39 12663 1
39 13052 1
39 13066 1
39 13093 1
39 13124 1
39 13138 1
39 13150 1
39 13203 1
39 13219 1
39 13245 1
39 13300 1
39 13363 1
39 13374 1
39 13375 1
39 13384 1
39 13396 1
39 13416 1
39 13445 1
39 13462 1
39 13465 1
39 13484 1
39 13490 1
39 13493 1
39 13506 1
39 13516 1
39 13527 1
39 13537 1
39 13542 1
39 13544 1
39 13562 1
39 13571 1
39 13574 1
39 13580 1
39 13588 1
39 13589 1
39 13609 1
39 13621 1
39 13641 1
39 13642 1
39 13663 1
39 13667 1
39 13682 1
39 13688 1
39 13697 1
39 13722 1
39 13724 1
39 13749 1
39 13786 1
39 13790 1
39 13791 1
39 13856 1
39 13894 1
39 13903 1
39 13926 1
39 13978 1
39 14005 1
39 14008 1
39 14036 1
39 14073 1
39 14110 1
39 14166 1
39 14212 1
39 14244 1
39 14261 1
39 14267 1
39 14275 1
39 14560 1
39 14887 1
39 14975 1
39 15030 1
39 15044 1
39 15077 1
39 15127 1
39 15191 1
39 15304 1
39 15329 1
39 15380 1
39 15436 1
39 15450 1
39 15511 1
39 15517 1
39 15564 1
39 15590 1
39 15615 1
39 15632 1
39 15687 1
39 15704 1
39 15708 1
39 15842 1
39 15898 1
39 15928 1
39 15980 1
7607 12262 1
12863 12665 1
12863 13143 1
4981 14325 1
736 11919 1
736 11924 1
736 12088 1
736 12104 1
736 13198 1
736 14324 1
736 14325 1
736 14415 1
736 14447 1
5011 7918 1
12267 12102 1
6811 12356 1
6811 12430 1
6811 12441 1
6811 12478 1
6811 14505 1
6731 10929 1
6731 11028 1
6731 11252 1
6731 13072 1
6430 4186 1
1422 11342 1
1422 11577 1
1422 11578 1
1422 11953 1
1422 12408 1
1422 12411 1
1422 12555 1
1422 13376 1
15664 13346 1
16961 14502 1
15575 12466 1
9191 12230 1
4026 6759 1
4026 14734 1
7609 12015 1
7609 12070 1
7609 12104 1
10350 12101 1
4673 12331 1
10454 12362 1
201 7705 1
2929 12314 1
8229 11919 1
8229 12032 1
8229 12135 1
8229 14325 1
6214 6446 1
6214 7505 1
6214 14325 1
11601 11931 1
4040 14435 1
4040 14447 1
2163 6850 1
14923 13120 1
4277 11965 1
4277 12241 1
4277 12356 1
4277 12382 1
4277 12425 1
4277 12440 1
5966 7679 1
9057 14324 1
112 3159 1
112 7406 1
112 14349 1
112 14397 1
12447 8636 1
14312 12928 1
15308 12467 1
15546 13119 1
15546 13315 1
1920 8710 1
1920 9354 1
1920 10931 1
1920 13724 1
5952 10394 1
5952 11193 1
5952 13136 1
14631 11972 1
6802 12341 1
6802 12382 1
789 5171 1
789 6541 1
789 8764 1
789 10788 1
789 10791 1
789 11324 1
789 11365 1
789 14900 1
325 5018 1
14816 12104 1
4171 4640 1
4171 12985 1
4171 13238 1
139 10261 1
139 11000 1
139 11002 1
139 11288 1
139 14476 1
5507 10213 1
5507 12189 1
5507 13163 1
5507 13380 1
5507 14422 1
4551 11476 1
4818 15565 1
11617 14427 1
9959 10848 1
6292 11931 1
14583 12032 1
2197 4530 1
2197 12404 1
3159 11622 1
155 11919 1
155 13198 1
155 14325 1
80 11920 1
80 14427 1
8136 10106 1
9524 12339 1
9524 12404 1
14508 11786 1
8080 14977 1
8080 14980 1
1917 8256 1
1917 11319 1
1917 13563 1
1695 6920 1
1695 13580 1
9175 13198 1
9175 14398 1
6434 7669 1
6434 10178 1
13070 10987 1
15835 13380 1
3300 11495 1
3300 11585 1
3300 11692 1
3300 12299 1
3300 13136 1
3300 13340 1
3852 14431 1
1567 11173 1
13697 12654 1
3820 7583 1
3820 7643 1
3820 12097 1
3820 13198 1
13966 15191 1
13130 12103 1
2372 7911 1
2372 12203 1
2372 12863 1
11788 12077 1
12895 11081 1
2148 6195 1
9956 14900 1
9956 14944 1
1364 6143 1
1364 7092 1
481 7422 1
481 7815 1
481 12104 1
481 12155 1
600 6128 1
10109 6601 1
8498 11919 1
38 7519 1
38 7547 1
38 7583 1
38 7629 1
38 7700 1
38 7775 1
38 8301 1
38 8569 1
38 8740 1
38 8890 1
38 10183 1
38 10186 1
38 10208 1
38 10224 1
38 10295 1
38 10305 1
38 10341 1
38 10349 1
38 10416 1
38 10426 1
38 10476 1
38 10514 1
38 10577 1
38 11033 1
38 11039 1
38 11071 1
38 11195 1
38 11345 1
38 11349 1
38 11396 1
38 11637 1
38 11666 1
38 11937 1
38 12105 1
38 12190 1
38 12251 1
38 12379 1
38 12466 1
38 12520 1
38 12561 1
38 12631 1
38 12637 1
38 12654 1
38 12701 1
38 12917 1
38 13119 1
38 13147 1
38 13148 1
38 13300 1
38 13598 1
38 13623 1
38 14081 1
38 14324 1
38 14325 1
38 14351 1
38 14362 1
38 14369 1
38 14370 1
38 14391 1
38 14393 1
38 14397 1
38 14403 1
38 14404 1
38 14428 1
38 14430 1
38 14434 1
38 14444 1
38 14487 1
38 14500 1
38 14520 1
38 14526 1
38 14554 1
38 14570 1
38 14587 1
38 14654 1
38 14684 1
38 14897 1
38 14900 1
38 14977 1
38 15087 1
38 15127 1
38 15222 1
38 15329 1
38 15335 1
38 15336 1
38 15471 1
38 15617 1
11666 12323 1
6986 12441 1
11388 7584 1
11388 12050 1
10029 14997 1
11584 11931 1
11584 11960 1
11584 14349 1
10841 7919 1
1796 6958 1
1796 8947 1
2479 10340 1
2479 12515 1
2479 13389 1
1247 12275 1
1247 12368 1
1247 12441 1
1247 12466 1
1247 12467 1
1247 14500 1
1247 14554 1
1179 12108 1
1179 12386 1
6061 12087 1
6061 12236 1
10240 13641 1
8658 6446 1
7147 4571 1
7147 4584 1
7147 4586 1
7147 8955 1
7147 11501 1
7147 12580 1
1042 10234 1
6054 11303 1
1010 13381 1
14347 13311 1
6229 11981 1
11036 7422 1
8579 11992 1
15025 12503 1
15161 12475 1
5678 11924 1
5678 12017 1
5678 14322 1
5678 14325 1
5678 14383 1
8009 7466 1
8009 7483 1
8205 7377 1
6909 6290 1
4904 7391 1
9438 7622 1
9438 13391 1
2174 5073 1
10747 12341 1
2826 14639 1
10401 10151 1
17520 15445 1
7179 10349 1
8774 6158 1
3992 10109 1
3992 14920 1
7434 8602 1
4931 5082 1
15305 12267 1
5806 5194 1
981 6261 1
981 6805 1
981 7092 1
981 7777 1
981 7792 1
981 12292 1
981 13119 1
981 14513 1
5796 10814 1
7577 6067 1
2068 7231 1
2068 9882 1
2068 14166 1
2068 16017 1
16795 14278 1
11473 8301 1
4545 5201 1
2252 3355 1
2252 3539 1
11328 14415 1
1396 6262 1
4516 6727 1
4516 11422 1
4516 12453 1
4516 14500 1
16381 13198 1
12651 13585 1
12651 15233 1
11364 8962 1
8895 14427 1
6540 14427 1
6540 14506 1
769 10132 1
769 12015 1
769 12190 1
769 12196 1
769 14337 1
5268 8871 1
5268 11918 1
5268 12074 1
5268 12385 1
13540 13132 1
13540 13137 1
12051 7791 1
8108 11990 1
17095 14434 1
4025 10179 1
4025 12436 1
551 6936 1
551 12331 1
5427 5648 1
3985 7505 1
4098 7636 1
4098 12057 1
4098 12367 1
4098 12792 1
4098 14465 1
6497 7879 1
8930 7576 1
8930 8357 1
8930 13198 1
1457 8996 1
11646 14428 1
13047 12088 1
13047 15044 1
4314 12328 1
4314 12330 1
4314 12362 1
53 12077 1
53 13041 1
7469 6957 1
8608 12974 1
362 6158 1
362 6165 1
362 7371 1
362 7520 1
362 7528 1
362 7546 1
362 7815 1
362 13179 1
362 14345 1
362 14349 1
362 14396 1
362 14403 1
4350 12416 1
7895 14608 1
11850 11985 1
13712 12275 1
1360 6082 1
1360 6098 1
1360 6107 1
1360 8624 1
1360 8655 1
1360 8694 1
1360 10815 1
1360 10877 1
1360 12676 1
1360 12978 1
1360 12978 1
1810 4587 1
834 7918 1
834 11648 1
834 11919 1
834 11985 1
834 12074 1
834 12077 1
834 13151 1
842 12792 1
842 14469 1
1434 14540 1
6463 12515 1
478 6097 1
478 6242 1
478 7007 1
478 12102 1
478 12402 1
478 14324 1
478 14370 1
478 14398 1
2922 1446 1
1701 3172 1
7526 15163 1
7526 15615 1
7526 15954 1
2608 7559 1
5216 4185 1
16707 13580 1
8116 12098 1
7742 5711 1
7742 7892 1
6098 10823 1
8485 6164 1
4236 7700 1
5501 6303 1
5501 6316 1
5501 6379 1
5501 7892 1
5501 14529 1
15233 14537 1
7641 7507 1
7641 8636 1
1221 7481 1
1221 7804 1
7995 13245 1
12645 14498 1
4227 14372 1
4227 14542 1
4227 14548 1
13237 10778 1
10597 11544 1
10597 15035 1
7314 12192 1
6617 12880 1
5271 7371 1
10652 12199 1
10652 13313 1
1877 7069 1
13621 10370 1
5487 13248 1
4598 13097 1
4598 15024 1
13584 13340 1
13584 14487 1
6104 13560 1
252 6564 1
252 11930 1
252 12104 1
1617 6599 1
1617 6857 1
1617 6874 1
1617 6957 1
1617 7950 1
1617 8527 1
1617 8754 1
1617 9040 1
1617 9078 1
1617 9130 1
1617 13191 1
1617 13219 1
1617 13230 1
1617 13377 1
10402 11993 1
4363 6302 1
4363 12360 1
6144 14396 1
6955 4254 1
3148 11495 1
8551 10948 1
8551 11029 1
8551 11178 1
8551 12515 1
2531 15582 1
2177 6308 1
2177 6316 1
14770 12191 1
14770 12341 1
908 6295 1
14442 13661 1
4322 7096 1
4322 12382 1
4322 14529 1
14324 12439 1
9632 7082 1
9632 7331 1
9632 12325 1
11255 12974 1
1057 6284 1
1057 6805 1
1057 7814 1
1057 14529 1
140 10154 1
140 12103 1
140 12117 1
140 12177 1
140 12342 1
140 12401 1
140 12515 1
140 12528 1
140 12982 1
140 14323 1
140 14328 1
140 14504 1
140 14531 1
140 15034 1
10851 13593 1
979 9375 1
979 9404 1
979 9541 1
979 9572 1
979 9602 1
979 11983 1
979 12018 1
979 12020 1
979 12079 1
979 12105 1
979 12241 1
979 12275 1
979 12295 1
979 12296 1
979 12323 1
979 12325 1
979 12331 1
979 12335 1
979 12338 1
979 12368 1
979 12416 1
979 12461 1
979 12489 1
979 13003 1
979 13026 1
979 13246 1
979 13307 1
979 13399 1
979 13412 1
979 13437 1
979 13484 1
979 13512 1
979 13579 1
979 13621 1
979 13642 1
979 13648 1
979 13655 1
979 13665 1
979 13691 1
979 13697 1
979 13716 1
979 13751 1
979 13888 1
979 13903 1
979 14261 1
979 15030 1
979 15192 1
979 15196 1
979 15356 1
979 15596 1
979 15604 1
979 15615 1
10912 14574 1
11718 12404 1
3569 6739 1
2580 7503 1
2580 7559 1
2580 7573 1
2580 10142 1
2580 11907 1
2580 11925 1
2580 11937 1
2580 11988 1
2580 12032 1
2580 12054 1
2580 12063 1
2580 12185 1
2580 12190 1
2580 12225 1
2580 12231 1
2580 12681 1
2580 12958 1
2580 13119 1
1464 8663 1
3819 2269 1
6241 7577 1
6241 7583 1
6241 7739 1
6241 12217 1
4847 9511 1
4847 15328 1
13844 13147 1
10688 7095 1
5647 5472 1
5647 7583 1
742 7331 1
2640 11558 1
1491 12351 1
1491 12370 1
1491 13249 1
8112 7369 1
5760 13655 1
8598 12104 1
13294 10143 1
9190 11983 1
9190 12013 1
9190 12101 1
9190 12974 1
9190 14434 1
5521 4476 1
9886 8609 1
9886 11468 1
9886 12980 1
1895 4811 1
1895 7069 1
12108 12316 1
1805 10987 1
5181 12056 1
5181 13398 1
10476 8663 1
8163 14307 1
8163 14431 1
6817 12681 1
1087 6374 1
1087 6732 1
1087 7777 1
1087 7789 1
1087 7853 1
1087 7893 1
1087 8565 1
1087 8641 1
1087 12323 1
1087 12335 1
1087 12340 1
1087 12348 1
1087 12351 1
1087 12360 1
1087 12368 1
1087 12417 1
1087 12432 1
1087 12514 1
1087 13290 1
1398 6776 1
1398 8692 1
1398 14879 1
4654 6857 1
90 6179 1
90 6419 1
90 6564 1
90 6652 1
90 7377 1
90 7422 1
90 7461 1
90 7534 1
90 7563 1
90 7631 1
90 8301 1
90 8732 1
90 10100 1
90 11320 1
90 11917 1
90 12090 1
90 12097 1
90 12515 1
90 14325 1
2347 12441 1
2347 13398 1
885 11962 1
885 12101 1
885 12103 1
885 12355 1
885 14307 1
885 14434 1
3379 2553 1
3379 6173 1
3379 14481 1
8801 7583 1
9259 6580 1
8132 6158 1
8132 12088 1
8132 13179 1
1834 15511 1
1285 11147 1
1285 15262 1
4820 11938 1
4820 12861 1
4820 13550 1
1248 8778 1
1248 8820 1
1248 8849 1
1248 8896 1
1248 8965 1
1248 9235 1
1248 9267 1
1248 9283 1
1248 9320 1
1248 9350 1
1248 9372 1
1248 9429 1
1248 9445 1
1248 9450 1
1248 9574 1
1248 9601 1
1248 9655 1
1248 9712 1
1248 9741 1
1248 9782 1
1248 9792 1
1248 9809 1
1248 9813 1
1248 10530 1
1248 10701 1
1248 11091 1
1248 11112 1
1248 11136 1
1248 11731 1
1248 11748 1
1248 11750 1
1248 12085 1
1248 12238 1
1248 12378 1
1248 12382 1
1248 12404 1
1248 12425 1
1248 12441 1
1248 12453 1
1248 12467 1
1248 13163 1
1248 13197 1
1248 13211 1
1248 13245 1
1248 13396 1
1248 13445 1
1248 13639 1
1248 13673 1
1248 13688 1
1248 13724 1
1248 13738 1
1248 13739 1
1248 13743 1
1248 13785 1
1248 13892 1
1248 13905 1
1248 13949 1
1248 14019 1
1248 14118 1
1248 14129 1
1248 14206 1
1248 14210 1
1248 14226 1
1248 14465 1
1248 14469 1
1248 14487 1
1248 14500 1
1248 14502 1
1248 14540 1
1248 14554 1
1248 15039 1
1248 15116 1
1248 15524 1
1248 15625 1
1248 15632 1
1248 15648 1
1248 15705 1
1248 15747 1
1248 15774 1
1248 15799 1
1248 15954 1
1393 8979 1
1393 11244 1
1393 12145 1
6456 6330 1
6456 6556 1
9176 12101 1
12019 12185 1
4582 8583 1
4582 14456 1
8154 6155 1
8154 7007 1
8154 7372 1
8154 8661 1
8154 8726 1
8154 11893 1
8154 14324 1
9201 12384 1
9243 12100 1
9243 12974 1
9243 13198 1
9243 14427 1
2887 6158 1
3287 12337 1
6175 5066 1
569 6239 1
569 14434 1
569 14479 1
569 14498 1
11833 12649 1
11833 12974 1
765 11924 1
765 14398 1
765 14431 1
6834 6128 1
4887 12071 1
4887 12092 1
491 14396 1
491 14398 1
491 14428 1
491 14441 1
16468 13389 1
15354 13316 1
2757 6392 1
2757 6742 1
2757 14677 1
536 12788 1
536 14324 1
7267 9076 1
2627 12101 1
2627 13120 1
2627 13198 1
2627 13198 1
3895 11919 1
3895 11924 1
3895 11977 1
3895 11994 1
3895 12049 1
3895 12077 1
3895 12088 1
3895 14325 1
893 6158 1
12207 7919 1
2876 8502 1
2876 8776 1
2876 8807 1
7476 10606 1
7476 10609 1
7476 10736 1
3927 10149 1
3740 7665 1
3740 12104 1
3740 14426 1
3740 14427 1
3740 14428 1
1605 6727 1
1605 12935 1
1605 13507 1
5951 13041 1
434 6158 1
434 6271 1
4216 7918 1
4216 12296 1
4216 12335 1
3733 11983 1
3733 14427 1
655 12099 1
655 12102 1
655 12104 1
655 12138 1
655 12161 1
655 14325 1
655 14349 1
655 14427 1
655 14431 1
2259 10232 1
13153 13639 1
9676 7583 1
2044 11792 1
7418 10295 1
7418 11444 1
1356 6474 1
1356 7925 1
2340 7525 1
2340 7700 1
2340 7733 1
2340 7820 1
2340 7866 1
2340 8122 1
2340 8559 1
2340 8580 1
2340 8599 1
2340 8700 1
2340 8856 1
2340 10985 1
2340 11470 1
2340 13340 1
6828 7892 1
4855 8392 1
4855 9636 1
4855 12088 1
4855 13138 1
4855 13621 1
4855 13655 1
4855 13844 1
1133 12335 1
12957 9210 1
3061 6604 1
5692 13269 1
3679 11919 1
10881 11056 1
10881 11074 1
10881 15095 1
11885 10273 1
11885 11492 1
11885 12261 1
11885 12313 1
6768 13163 1
1961 7133 1
4120 14310 1
4120 14371 1
4120 14434 1
4120 14466 1
4120 14488 1
4120 14513 1
4120 14517 1
4120 14518 1
4120 14520 1
4120 14521 1
8332 12004 1
602 11648 1
602 14325 1
182 6357 1
182 12221 1
182 14434 1
1047 6805 1
5757 12974 1
10507 13120 1
898 4167 1
898 6219 1
898 6240 1
2795 3266 1
2695 7848 1
2695 12296 1
2695 12315 1
2695 12323 1
2695 12328 1
2695 12330 1
2695 12388 1
2695 12417 1
2695 12430 1
2695 13192 1
2310 12252 1
2310 12423 1
10091 13299 1
4241 11914 1
4241 12148 1
4241 12241 1
4241 14324 1
4241 14464 1
4241 14465 1
5041 7693 1
5041 8301 1
5041 10124 1
5041 11922 1
5041 12020 1
5041 12127 1
5509 6700 1
5509 10383 1
5509 12061 1
375 14427 1
375 14435 1
1155 12238 1
1155 12275 1
1155 13028 1
1155 13198 1
1155 13223 1
1155 13391 1
1155 13392 1
4219 4205 1
12660 8602 1
241 7447 1
241 7461 1
241 7568 1
241 7577 1
241 7583 1
241 7584 1
241 11648 1
241 11914 1
241 11915 1
241 11919 1
241 11969 1
241 11971 1
241 11972 1
241 11973 1
241 11981 1
241 11986 1
241 11988 1
241 12008 1
241 12013 1
241 12015 1
241 12054 1
241 12056 1
241 12092 1
241 12440 1
241 12515 1
241 12958 1
241 13198 1
241 14325 1
241 14349 1
241 14362 1
241 14397 1
241 14399 1
241 14427 1
12168 12384 1
3839 7566 1
3839 7571 1
3839 7583 1
3839 7588 1
3839 7627 1
3839 8301 1
3839 14398 1
3839 14427 1
3836 7583 1
6028 4541 1
9783 7931 1
5400 4185 1
5400 10178 1
10259 7550 1
10259 12202 1
11306 14435 1
636 6564 1
6511 12515 1
2313 6067 1
1115 6700 1
1115 7331 1
1115 10201 1
1115 12292 1
1115 12296 1
1115 12382 1
10302 13120 1
8184 12087 1
8184 12135 1
8184 14426 1
9675 8585 1
10560 6791 1
2569 9697 1
2569 9997 1
2569 14225 1
5263 6805 1
4960 8612 1
4960 12015 1
4960 12074 1
4960 12092 1
4960 13198 1
4960 14312 1
4960 14398 1
4960 14435 1
4960 14519 1
2486 8403 1
2486 8704 1
2610 6118 1
2610 6292 1
2610 6295 1
2610 6745 1
2610 11985 1
2610 14537 1
2586 6022 1
1665 1610 1
1665 6851 1
1665 10380 1
1665 13472 1
10870 15380 1
845 6255 1
845 14364 1
753 6758 1
753 6910 1
753 13055 1
5535 11485 1
5535 13281 1
5535 13340 1
7010 12740 1
7010 15044 1
4369 4205 1
2151 6163 1
2151 6242 1
16798 13757 1
4556 13299 1
10548 15035 1
10548 15196 1
1859 4680 1
1859 7542 1
1859 13682 1
1859 13757 1
14704 13120 1
15080 14383 1
15080 14398 1
6751 6261 1
8488 14325 1
670 14428 1
3726 6118 1
4412 7938 1
9667 14500 1
8968 11990 1
8968 12087 1
6524 6292 1
6524 12240 1
881 7679 1
881 8663 1
881 12101 1
881 12192 1
881 12974 1
881 14349 1
881 14434 1
8294 12129 1
8294 14325 1
7095 12404 1
10514 12103 1
8517 7650 1
8517 13180 1
8368 12104 1
5414 10313 1
15654 14520 1
15654 14537 1
7232 8979 1
7232 9053 1
4326 8642 1
1636 13523 1
5924 7377 1
5924 14325 1
8307 10294 1
8307 10401 1
8307 12607 1
9241 12135 1
3739 6195 1
8824 12104 1
8824 12133 1
1816 9154 1
1816 9228 1
1816 13426 1
1816 15304 1
3042 12479 1
2260 12934 1
12564 10567 1
12564 13119 1
4709 9110 1
4709 10295 1
4709 13493 1
4709 13806 1
4328 7094 1
4328 7104 1
4328 7617 1
4328 12466 1
6042 12000 1
2742 8357 1
2742 8403 1
2742 10366 1
5746 12438 1
5746 13262 1
10647 10361 1
10647 10520 1
6419 12288 1
2399 12225 1
2399 12323 1
2399 12467 1
2399 12731 1
2399 13109 1
2399 13358 1
2399 13395 1
2399 13883 1
63 11983 1
63 12077 1
63 12099 1
63 12104 1
63 12133 1
63 12134 1
63 12135 1
63 12138 1
63 12241 1
63 13120 1
63 14427 1
63 14435 1
63 14449 1
3118 11059 1
3118 11173 1
3118 11353 1
3118 11495 1
3118 11555 1
3118 11624 1
3118 12696 1
3118 12919 1
9540 6770 1
5598 6552 1
5598 10461 1
5598 12441 1
7787 7087 1
16756 14300 1
16756 15155 1
4255 7892 1
4255 12106 1
10831 6900 1
12282 14396 1
7581 12103 1
7581 13053 1
11091 15170 1
8123 14487 1
3358 10196 1
3358 10305 1
3358 10313 1
3358 11173 1
3358 11197 1
3358 11495 1
3358 12809 1
9177 12138 1
4576 8301 1
8023 15191 1
8023 15304 1
721 11990 1
721 12440 1
7509 15524 1
15727 12396 1
13653 13240 1
5380 13192 1
254 6176 1
254 6221 1
254 6228 1
254 6357 1
254 6362 1
254 6435 1
254 6564 1
254 7485 1
254 7635 1
254 7679 1
254 7692 1
254 7697 1
254 8301 1
254 11937 1
254 12207 1
254 12216 1
254 12218 1
254 12436 1
254 12515 1
254 12982 1
254 13036 1
5211 4790 1
3461 11069 1
3461 11912 1
4129 11985 1
4129 12174 1
4129 12974 1
13319 12338 1
4344 12020 1
12779 14310 1
12779 14428 1
15283 12360 1
4699 10705 1
4699 10769 1
4699 10912 1
4699 12470 1
4699 13003 1
8999 14434 1
8098 14325 1
8098 14333 1
8098 14399 1
8098 14427 1
1720 13493 1
1720 13508 1
1720 15194 1
4565 13412 1
12139 14325 1
11358 8240 1
11358 14427 1
1709 9263 1
1709 12128 1
1709 13019 1
6756 7773 1
13877 11261 1
6059 11931 1
6059 11959 1
6059 11967 1
6059 11993 1
6059 12166 1
6059 12167 1
6059 13180 1
6059 13380 1
1506 11189 1
1506 11249 1
1506 11252 1
1506 11255 1
1506 11256 1
1506 11379 1
1506 11402 1
1506 11420 1
1506 11552 1
1506 11554 1
10815 13060 1
10689 12436 1
10689 13192 1
822 6122 1
822 6155 1
822 6246 1
822 6564 1
822 7369 1
822 7380 1
822 7545 1
822 7583 1
822 7815 1
822 14324 1
9364 12265 1
12516 8704 1
3189 4167 1
14422 13663 1
12171 12425 1
12171 14500 1
12171 14540 1
15251 13053 1
6172 12210 1
6172 13120 1
4740 8733 1
4740 8973 1
4740 8992 1
4740 9263 1
4740 9304 1
4740 12133 1
4740 13041 1
4740 13060 1
4740 13334 1
4740 13580 1
1646 7386 1
8568 7631 1
8568 12192 1
11602 11907 1
15577 12459 1
4264 12060 1
4264 12105 1
4264 12313 1
4264 12335 1
4264 12340 1
4264 12356 1
4264 12356 1
4264 12364 1
4264 12425 1
4264 12467 1
4264 12494 1
11013 10871 1
920 11994 1
920 12131 1
12005 11985 1
10252 8582 1
120 7422 1
120 7583 1
120 11648 1
120 11917 1
120 11918 1
120 11919 1
120 12075 1
120 13198 1
120 14324 1
120 14395 1
2872 10814 1
2 6006 1
6119 6651 1
209 7422 1
209 11913 1
2061 12251 1
2381 6558 1
1270 12092 1
1270 12489 1
1270 14532 1
11070 14383 1
11070 15510 1
2069 12107 1
2069 12122 1
2069 12148 1
2069 12217 1
2069 12241 1
2069 12267 1
2069 12282 1
2069 12293 1
2069 12325 1
2069 12337 1
2069 12340 1
2069 12370 1
2069 12420 1
2069 12438 1
2069 12449 1
2069 12464 1
2069 12467 1
2069 12484 1
2069 12485 1
2069 12649 1
2069 12774 1
2069 12805 1
2069 12824 1
2069 12958 1
2069 12980 1
2069 12994 1
2069 13035 1
2069 13092 1
2069 13221 1
2069 13316 1
2069 13346 1
2069 13381 1
2069 13384 1
2069 13395 1
2069 13408 1
2069 13445 1
2069 13484 1
2069 13639 1
2069 13740 1
2069 13854 1
2069 14050 1
2069 14072 1
2069 14104 1
2069 14146 1
2069 14193 1
2069 14222 1
2069 14225 1
2069 14459 1
2069 14506 1
17315 15032 1
9691 7918 1
263 10125 1
263 10136 1
263 10312 1
263 11919 1
263 11967 1
263 12092 1
263 12138 1
263 12917 1
263 12974 1
263 13179 1
3785 10205 1
3785 10213 1
3785 11990 1
3785 12314 1
3785 12322 1
3785 12338 1
3785 12339 1
3785 13236 1
2384 11348 1
2384 12137 1
2384 12328 1
2384 12341 1
2384 12416 1
15042 12982 1
3086 14763 1
1715 4206 1
1715 6458 1
292 7766 1
292 12226 1
292 14398 1
292 14448 1
4523 7820 1
4523 8289 1
4523 9356 1
4523 9997 1
4523 10580 1
14846 12312 1
5708 12341 1
5708 13390 1
248 7582 1
248 7583 1
248 10098 1
248 10132 1
248 11922 1
248 11931 1
248 12087 1
248 12088 1
248 12089 1
248 12092 1
248 12104 1
248 12196 1
248 12255 1
248 13198 1
248 14310 1
248 14311 1
248 14324 1
248 14362 1
248 14415 1
248 14426 1
14153 13697 1
7099 12382 1
4554 11023 1
3327 11938 1
3327 15030 1
4624 6564 1
1718 12024 1
1108 7940 1
1108 12441 1
1108 12641 1
1108 12996 1
1108 14375 1
8566 7577 1
8566 13198 1
15257 12328 1
3252 7096 1
3252 12503 1
3252 13018 1
3292 12097 1
3292 12467 1
3292 13200 1
3292 13208 1
3292 13334 1
3292 13340 1
3292 13493 1
3292 13591 1
3292 13648 1
3292 13845 1
1974 8217 1
1974 9701 1
1974 14006 1
1974 14110 1
1974 15631 1
1974 15708 1
1974 15810 1
5000 4179 1
13732 15191 1
3773 6211 1
3773 7583 1
4616 12108 1
4616 12303 1
4616 14455 1
4616 15030 1
6623 4420 1
3865 7371 1
3865 11967 1
3865 11975 1
3865 13179 1
3865 14349 1
9304 6238 1
590 6100 1
590 6118 1
590 6121 1
590 6122 1
590 6150 1
590 6242 1
590 6364 1
590 6790 1
590 7379 1
590 7381 1
590 7388 1
590 7389 1
590 7433 1
590 7548 1
590 7622 1
590 11920 1
590 14320 1
590 14398 1
590 14427 1
7073 9137 1
7073 14235 1
9648 12330 1
9648 12360 1
3669 6195 1
3669 7422 1
3669 12104 1
2575 8732 1
4527 13785 1
8936 6700 1
3802 10774 1
3802 11457 1
3802 11561 1
3802 11601 1
3802 11652 1
3802 15068 1
3802 15326 1
3541 11553 1
3541 12466 1
5984 11981 1
8814 9152 1
11804 12080 1
2836 6327 1
2836 9354 1
2836 13276 1
2836 15035 1
2836 15329 1
11298 7839 1
2992 8568 1
2992 10214 1
2992 10937 1
2992 11010 1
2992 11899 1
2992 12037 1
2992 13106 1
2992 14330 1
2992 14504 1
2992 14507 1
14573 12132 1
3622 8585 1
3622 12281 1
3622 14500 1
5460 12656 1
7669 7657 1
13266 13198 1
4494 12788 1
6254 7486 1
6254 7749 1
6254 12261 1
14093 14684 1
14093 15061 1
9031 14427 1
17132 15632 1
4980 7454 1
4980 14415 1
7085 12296 1
14206 11478 1
1126 8996 1
1126 9016 1
1126 9018 1
1126 9157 1
1126 9207 1
1126 9240 1
1126 9253 1
1126 9262 1
1126 9263 1
1126 9267 1
1126 9300 1
1126 9367 1
1126 9374 1
1126 9378 1
1126 9561 1
1126 9585 1
1126 9806 1
1126 9935 1
1126 10048 1
1126 10452 1
1126 10693 1
1126 10723 1
1126 10943 1
1126 11112 1
1126 11147 1
1126 11354 1
1126 11404 1
1126 11439 1
1126 11616 1
1126 11740 1
1126 12006 1
1126 12334 1
1126 12368 1
1126 12996 1
1126 13019 1
1126 13035 1
1126 13140 1
1126 13244 1
1126 13254 1
1126 13261 1
1126 13318 1
1126 13340 1
1126 13346 1
1126 13396 1
1126 13445 1
1126 13467 1
1126 13475 1
1126 13484 1
1126 13492 1
1126 13493 1
1126 13508 1
1126 13512 1
1126 13516 1
1126 13517 1
1126 13518 1
1126 13544 1
1126 13552 1
1126 13579 1
1126 13619 1
1126 13621 1
1126 13639 1
1126 13648 1
1126 13665 1
1126 13680 1
1126 13729 1
1126 13744 1
1126 13748 1
1126 13810 1
1126 13825 1
1126 13921 1
1126 14039 1
1126 14108 1
1126 14122 1
1126 15604 1
1126 15764 1
4345 7753 1
4345 12075 1
4345 12466 1
4345 13219 1
4345 13418 1
956 7848 1
956 7871 1
956 7964 1
956 8101 1
956 8102 1
956 8135 1
956 8168 1
956 8179 1
956 8209 1
956 8310 1
956 8357 1
956 8371 1
956 8375 1
956 8434 1
956 8492 1
956 8527 1
956 8529 1
956 8578 1
956 8584 1
956 8653 1
956 8664 1
956 8704 1
956 8768 1
956 8799 1
956 8968 1
956 8977 1
956 9103 1
956 10109 1
956 11320 1
956 11956 1
956 11960 1
956 11993 1
956 11995 1
956 12035 1
956 12078 1
956 12080 1
956 12097 1
956 12117 1
956 12127 1
956 12241 1
956 12244 1
956 12296 1
956 12325 1
956 12339 1
956 12360 1
956 12367 1
956 12378 1
956 12381 1
956 12425 1
956 12441 1
956 12449 1
956 12466 1
956 12467 1
956 12470 1
956 12478 1
956 12524 1
956 12611 1
956 12652 1
956 12675 1
956 12690 1
956 12715 1
956 12819 1
956 12937 1
956 12938 1
956 12980 1
956 13003 1
956 13026 1
956 13041 1
956 13096 1
956 13097 1
956 13119 1
956 13140 1
956 13192 1
956 13252 1
956 13381 1
956 13398 1
956 14339 1
956 14362 1
956 14666 1
956 14939 1
956 15035 1
956 15116 1
5242 4180 1
5242 7619 1
2968 4639 1
2968 8842 1
2968 12478 1
2727 8588 1
17588 16049 1
13057 10393 1
307 6211 1
307 10098 1
307 13041 1
307 13053 1
469 4134 1
14261 13109 1
345 3153 1
345 13198 1
12306 13163 1
1966 2862 1
4638 6599 1
4638 14920 1
9324 12335 1
9324 12341 1
1639 11648 1
1639 12792 1
9292 7679 1
10435 12330 1
13405 13180 1
6721 4445 1
6721 6324 1
108 10295 1
108 10307 1
108 10340 1
108 10423 1
108 10543 1
108 10866 1
108 11382 1
108 12164 1
108 13583 1
108 14434 1
108 14435 1
7039 12283 1
5021 12074 1
9209 10186 1
9209 10208 1
9209 10416 1
9209 10514 1
9209 13559 1
1886 7133 1
1886 12167 1
1886 12170 1
1886 12375 1
1886 14208 1
1055 12231 1
14749 12104 1
9169 14397 1
8459 12087 1
3958 7371 1
2497 15196 1
10778 12406 1
2563 7884 1
2563 7952 1
2563 8536 1
2563 8890 1
2563 9250 1
2563 10142 1
2563 12214 1
2563 12375 1
2563 12387 1
2563 12404 1
354 7022 1
354 7679 1
354 7886 1
354 10160 1
354 10514 1
354 11922 1
354 12233 1
354 12453 1
354 13117 1
354 14403 1
354 14404 1
354 14443 1
354 14456 1
354 15061 1
354 15205 1
354 15304 1
354 15406 1
354 16016 1
1001 7753 1
1001 7789 1
1001 7793 1
1001 7808 1
1001 7814 1
1001 7850 1
1001 7934 1
1001 8516 1
1001 12274 1
1001 12328 1
1001 14500 1
8610 8492 1
8610 8732 1
8610 12076 1
8610 12402 1
8610 12574 1
8610 13180 1
8610 14415 1
3119 11975 1
3119 12247 1
3119 12466 1
8270 11919 1
8270 12135 1
8270 14434 1
8271 6047 1
6380 7710 1
441 5398 1
441 9344 1
441 10211 1
8469 14349 1
14886 14434 1
14762 12148 1
12434 12441 1
11555 12088 1
11555 12099 1
11555 12241 1
7754 5123 1
5158 13120 1
5158 13198 1
6788 8890 1
8660 12095 1
870 7582 1
870 8856 1
870 11972 1
8095 10874 1
13283 10155 1
7542 16109 1
10528 8905 1
5685 12341 1
2166 6616 1
13238 10250 1
13292 11067 1
288 6362 1
288 6657 1
288 6805 1
288 7082 1
288 7331 1
288 7437 1
288 7507 1
288 7571 1
288 7629 1
288 7700 1
288 7710 1
288 7739 1
288 7753 1
288 7787 1
288 8636 1
288 8708 1
288 8768 1
288 8846 1
288 10151 1
288 11648 1
288 11977 1
288 12192 1
288 12221 1
288 12292 1
288 12312 1
288 13120 1
288 14324 1
288 14397 1
288 14479 1
288 14500 1
3868 7380 1
3868 7725 1
3868 11937 1
3868 12104 1
1692 8973 1
4886 7821 1
4886 8240 1
4555 5598 1
363 7622 1
363 10312 1
363 11919 1
363 11920 1
363 11924 1
363 12060 1
363 12131 1
363 12169 1
363 13179 1
363 14383 1
363 14426 1
363 14434 1
1731 6770 1
1731 6805 1
1731 6818 1
1731 7100 1
1731 7377 1
1731 7387 1
1731 7454 1
1731 7491 1
1731 7646 1
1731 7679 1
1731 7697 1
1731 7749 1
1731 7773 1
1731 7863 1
1731 7892 1
1731 8400 1
1731 8732 1
1731 9236 1
1731 11320 1
1731 11917 1
1731 12054 1
1731 12087 1
1731 12103 1
1731 12104 1
1731 12202 1
1731 12270 1
1731 12271 1
1731 12328 1
1731 12331 1
1731 12378 1
1731 12792 1
1731 13198 1
1731 13265 1
1731 13345 1
1731 14349 1
1731 14487 1
1731 14951 1
14674 12515 1
8316 14540 1
8316 14985 1
582 14395 1
582 14396 1
3939 7380 1
8228 6158 1
11552 7846 1
17237 15162 1
17237 15213 1
2066 15769 1
2066 15835 1
2066 15862 1
2066 15875 1
2066 15880 1
2066 15891 1
2066 15898 1
2066 15915 1
2066 15917 1
2066 15928 1
2066 15988 1
2066 15996 1
2066 16009 1
2066 16049 1
2066 16081 1
2066 16089 1
2066 16094 1
2066 16099 1
2066 16107 1
2066 16113 1
2052 6957 1
15398 12389 1
6342 6238 1
9112 12008 1
9112 12020 1
9112 12024 1
9112 12071 1
9112 12077 1
9112 12122 1
9112 12974 1
9112 13110 1
9112 13198 1
9112 14434 1
4411 7927 1
4411 12469 1
9915 6629 1
6674 12403 1
6427 12251 1
6427 12404 1
6427 12466 1
6427 13163 1
7363 10178 1
4970 3170 1
4970 4225 1
4970 7731 1
3762 14429 1
3762 14434 1
619 7377 1
3003 11477 1
15246 12232 1
7937 6564 1
4475 8703 1
4475 12278 1
6140 11981 1
12085 12281 1
12085 12792 1
15562 12356 1
5671 4612 1
5671 4644 1
5671 8301 1
2175 7918 1
2175 8101 1
2175 12077 1
2175 12100 1
2175 12133 1
2175 12217 1
2175 12267 1
2175 13180 1
2175 14428 1
2175 14465 1
2175 14486 1
1415 10111 1
1415 10324 1
11849 12974 1
5472 11387 1
5472 11399 1
3363 8214 1
7081 13372 1
13178 12187 1
6048 11930 1
6048 11972 1
12908 11554 1
5399 11472 1
1564 6576 1
1564 6599 1
1564 7401 1
1564 11398 1
1564 12274 1
1564 12404 1
1564 12447 1
1564 12498 1
11647 7666 1
389 6238 1
389 7461 1
389 7583 1
389 13120 1
389 14435 1
1404 8441 1
1404 8682 1
1404 14353 1
1404 14627 1
2319 6239 1
2319 7629 1
1142 8978 1
1142 8984 1
1142 9133 1
1142 9207 1
1142 9240 1
1142 9267 1
1142 9279 1
1142 9601 1
1142 9966 1
1142 10229 1
1142 10351 1
1142 11101 1
1142 11900 1
1142 11978 1
1142 11987 1
1142 12022 1
1142 12099 1
1142 12143 1
1142 12255 1
1142 12261 1
1142 12265 1
1142 12293 1
1142 12313 1
1142 12315 1
1142 12317 1
1142 12325 1
1142 12404 1
1142 12438 1
1142 12441 1
1142 12466 1
1142 12467 1
1142 12475 1
1142 12494 1
1142 12867 1
1142 12974 1
1142 12994 1
1142 13041 1
1142 13196 1
1142 13217 1
1142 13222 1
1142 13244 1
1142 13245 1
1142 13253 1
1142 13325 1
1142 13418 1
1142 13512 1
1142 13526 1
1142 13530 1
1142 13579 1
1142 13639 1
1142 13665 1
1142 13670 1
1142 14146 1
1142 14160 1
1142 14222 1
1142 14396 1
1142 14449 1
1142 14461 1
1142 14520 1
1142 14537 1
1142 15068 1
1142 15511 1
8144 7371 1
11409 12250 1
11409 12681 1
11409 13198 1
6324 12148 1
6324 14349 1
3734 7571 1
3734 7627 1
3734 12097 1
3734 12100 1
3734 14405 1
2050 4867 1
2050 9701 1
6761 6107 1
6761 7923 1
319 6139 1
319 6211 1
319 6212 1
319 7583 1
319 7628 1
319 10128 1
319 10129 1
319 10141 1
319 10145 1
319 10156 1
319 10159 1
5163 6585 1
5163 10850 1
5163 12429 1
4863 12199 1
8647 10186 1
8647 12103 1
8647 14403 1
230 13198 1
6550 12020 1
8611 12104 1
13415 10229 1
2331 8704 1
2331 12210 1
2331 12330 1
2331 12362 1
5587 12982 1
5587 14920 1
10033 14307 1
17110 14434 1
8839 15024 1
4783 8964 1
4783 15499 1
16770 13702 1
12865 12554 1
10803 13442 1
4849 6096 1
1619 7633 1
1619 8599 1
1619 13003 1
1717 7261 1
1717 8663 1
1717 15436 1
2392 1660 1
3573 10295 1
4019 11994 1
4019 12127 1
4019 14434 1
8631 7863 1
8631 13290 1
1246 6302 1
1629 6761 1
1629 13307 1
3645 12974 1
13505 15077 1
3728 6446 1
3728 7631 1
3728 12133 1
3728 14427 1
4089 7549 1
4184 7375 1
1930 11915 1
1930 13124 1
1930 13998 1
2728 7417 1
2728 10142 1
2728 12853 1
9288 12974 1
6223 12192 1
6597 6805 1
8816 12238 1
302 8590 1
5490 8567 1
12620 8704 1
5593 8799 1
2042 8736 1
2042 9357 1
2042 11148 1
2042 12092 1
2042 12104 1
2042 13136 1
2042 13724 1
1921 14574 1
1921 15024 1
9071 7583 1
3284 2313 1
9351 8962 1
5119 4455 1
1484 8232 1
1484 9057 1
1484 10476 1
1484 14310 1
1484 15403 1
6870 12467 1
10934 15449 1
10934 16090 1
4984 3241 1
4984 12382 1
10749 13076 1
10749 14403 1
10749 15191 1
3012 4295 1
3012 6938 1
3012 12554 1
3012 12909 1
3012 13559 1
3012 13595 1
8207 7377 1
8207 7422 1
1716 9404 1
1716 9429 1
1716 9535 1
1716 9572 1
1716 9778 1
1716 9791 1
1716 12080 1
1716 12404 1
1716 13399 1
1716 13512 1
1716 13517 1
1716 13552 1
1716 13577 1
1716 13648 1
1716 13691 1
1716 13697 1
1716 13742 1
1716 13743 1
1716 13893 1
1716 13898 1
1716 13899 1
1716 13919 1
1716 14030 1
1716 14121 1
4140 7650 1
4140 7775 1
4140 12974 1
15443 12333 1
9495 12217 1
9495 13238 1
9495 14506 1
6070 6031 1
6070 6250 1
6070 14324 1
5143 10162 1
6740 4523 1
8087 9593 1
1548 6922 1
1548 6938 1
1548 6939 1
1548 9259 1
1548 12384 1
1548 13231 1
11898 12088 1
11898 12148 1
11898 12174 1
11898 12440 1
3805 14383 1
12847 13391 1
4781 7292 1
13881 11225 1
12056 12328 1
3415 12681 1
11726 12278 1
2720 6851 1
12244 12404 1
5732 4756 1
5732 4792 1
5732 9379 1
954 12080 1
954 12132 1
954 12187 1
954 12423 1
1074 8747 1
1074 8761 1
1074 8764 1
1074 8782 1
1074 8800 1
1074 8812 1
1074 8830 1
1074 8842 1
1074 8843 1
1074 8849 1
1074 8851 1
1074 8881 1
1074 8888 1
1074 8889 1
1074 8890 1
1074 8892 1
1074 8893 1
1074 8904 1
1074 8906 1
1074 8911 1
1074 8914 1
1074 8916 1
1074 8920 1
1074 8925 1
1074 8926 1
1074 8929 1
1074 8930 1
1074 8937 1
1074 8951 1
1074 8964 1
1074 8965 1
1074 8967 1
1074 8969 1
1074 8975 1
1074 8976 1
1074 8978 1
1074 8979 1
1074 8984 1
1074 8993 1
1074 8996 1
1074 8997 1
1074 8999 1
1074 9000 1
1074 9001 1
1074 9011 1
1074 9015 1
1074 9016 1
1074 9022 1
1074 9024 1
1074 9033 1
1074 9040 1
1074 9054 1
1074 9062 1
1074 9063 1
1074 9068 1
1074 9070 1
1074 9076 1
1074 9077 1
1074 9078 1
1074 9079 1
1074 9080 1
1074 9082 1
1074 9089 1
1074 9091 1
1074 9094 1
1074 9095 1
1074 9098 1
1074 9108 1
1074 9110 1
1074 9111 1
1074 9113 1
1074 9115 1
1074 9116 1
1074 9122 1
1074 9126 1
1074 9130 1
1074 9131 1
1074 9132 1
1074 9133 1
1074 9135 1
1074 9139 1
1074 9141 1
1074 9157 1
1074 9160 1
1074 9174 1
1074 9175 1
1074 9178 1
1074 9198 1
1074 9203 1
1074 9207 1
1074 9215 1
1074 9217 1
1074 9219 1
1074 9227 1
1074 9233 1
1074 9236 1
1074 9240 1
1074 9251 1
1074 9253 1
1074 9259 1
1074 9262 1
1074 9263 1
1074 9266 1
1074 9267 1
1074 9279 1
1074 9286 1
1074 9288 1
1074 9292 1
1074 9295 1
1074 9301 1
1074 9310 1
1074 9315 1
1074 9318 1
1074 9323 1
1074 9337 1
1074 9339 1
1074 9344 1
1074 9345 1
1074 9374 1
1074 9378 1
1074 9386 1
1074 9397 1
1074 9404 1
1074 9412 1
1074 9431 1
1074 9506 1
1074 9523 1
1074 9532 1
1074 9582 1
1074 9601 1
1074 9602 1
1074 9647 1
1074 9665 1
1074 9670 1
1074 9672 1
1074 9695 1
1074 9701 1
1074 9704 1
1074 9757 1
1074 9785 1
1074 9808 1
1074 9809 1
1074 9858 1
1074 9873 1
1074 9917 1
1074 9935 1
1074 9959 1
1074 9966 1
1074 9990 1
1074 9992 1
1074 9995 1
1074 10017 1
1074 10026 1
1074 10041 1
1074 10046 1
1074 10048 1
1074 10055 1
1074 10061 1
1074 10063 1
1074 10065 1
1074 10068 1
1074 10072 1
1074 10079 1
1074 10081 1
1074 10086 1
1074 10091 1
1074 10114 1
1074 11649 1
1074 11766 1
1074 11847 1
1074 12192 1
1074 12194 1
1074 12208 1
1074 12229 1
1074 12291 1
1074 12321 1
1074 12331 1
1074 12368 1
1074 12373 1
1074 12382 1
1074 12384 1
1074 12397 1
1074 12404 1
1074 12416 1
1074 12424 1
1074 12425 1
1074 12432 1
1074 12441 1
1074 12452 1
1074 12453 1
1074 12461 1
1074 12466 1
1074 12467 1
1074 12470 1
1074 12475 1
1074 12478 1
1074 12479 1
1074 12493 1
1074 12498 1
1074 12499 1
1074 12971 1
1074 13003 1
1074 13011 1
1074 13092 1
1074 13097 1
1074 13121 1
1074 13124 1
1074 13138 1
1074 13140 1
1074 13142 1
1074 13143 1
1074 13163 1
1074 13211 1
1074 13221 1
1074 13222 1
1074 13223 1
1074 13226 1
1074 13245 1
1074 13250 1
1074 13254 1
1074 13271 1
1074 13283 1
1074 13290 1
1074 13300 1
1074 13305 1
1074 13307 1
1074 13315 1
1074 13324 1
1074 13332 1
1074 13338 1
1074 13348 1
1074 13359 1
1074 13364 1
1074 13375 1
1074 13384 1
1074 13393 1
1074 13395 1
1074 13396 1
1074 13398 1
1074 13399 1
1074 13405 1
1074 13409 1
1074 13410 1
1074 13411 1
1074 13412 1
1074 13415 1
1074 13416 1
1074 13418 1
1074 13423 1
1074 13425 1
1074 13426 1
1074 13428 1
1074 13445 1
1074 13448 1
1074 13451 1
1074 13467 1
1074 13475 1
1074 13479 1
1074 13484 1
1074 13485 1
1074 13490 1
1074 13492 1
1074 13493 1
1074 13495 1
1074 13497 1
1074 13506 1
1074 13513 1
1074 13516 1
1074 13517 1
1074 13518 1
1074 13520 1
1074 13523 1
1074 13526 1
1074 13527 1
1074 13530 1
1074 13533 1
1074 13544 1
1074 13550 1
1074 13559 1
1074 13579 1
1074 13580 1
1074 13587 1
1074 13588 1
1074 13589 1
1074 13591 1
1074 13594 1
1074 13604 1
1074 13607 1
1074 13609 1
1074 13619 1
1074 13621 1
1074 13623 1
1074 13629 1
1074 13639 1
1074 13642 1
1074 13644 1
1074 13645 1
1074 13648 1
1074 13663 1
1074 13665 1
1074 13666 1
1074 13667 1
1074 13671 1
1074 13676 1
1074 13698 1
1074 13699 1
1074 13702 1
1074 13704 1
1074 13707 1
1074 13709 1
1074 13710 1
1074 13711 1
1074 13738 1
1074 13750 1
1074 13790 1
1074 13805 1
1074 13807 1
1074 13888 1
1074 13900 1
1074 13922 1
1074 13929 1
1074 13946 1
1074 13959 1
1074 13999 1
1074 14002 1
1074 14003 1
1074 14006 1
1074 14018 1
1074 14020 1
1074 14027 1
1074 14033 1
1074 14104 1
1074 14108 1
1074 14121 1
1074 14125 1
1074 14146 1
1074 14147 1
1074 14148 1
1074 14168 1
1074 14178 1
1074 14186 1
1074 14187 1
1074 14221 1
1074 14222 1
1074 14226 1
1074 14240 1
1074 14246 1
1074 14258 1
1074 14261 1
1074 14263 1
1074 14267 1
1074 14269 1
1074 14271 1
1074 14272 1
1074 14273 1
1074 14278 1
1074 14286 1
1074 14291 1
1074 14297 1
1074 14498 1
1074 14505 1
1074 14554 1
1074 14560 1
1074 14903 1
1074 14919 1
1074 15024 1
1074 15039 1
1074 15042 1
1074 15068 1
1074 15071 1
1074 15117 1
1074 15156 1
1074 15185 1
1074 15192 1
1074 15195 1
1074 15199 1
1074 15251 1
1074 15252 1
1074 15255 1
1074 15262 1
1074 15300 1
1074 15303 1
1074 15329 1
1074 15492 1
1074 15509 1
1074 15520 1
1074 15539 1
1074 15627 1
1074 15723 1
1074 15761 1
1074 15864 1
1074 15900 1
1074 15988 1
1074 15999 1
1074 16077 1
1074 16100 1
1074 16107 1
10788 14427 1
878 6218 1
878 12135 1
6224 11919 1
6224 12974 1
12289 12325 1
6866 13398 1
13184 13717 1
1661 1406 1
5382 12802 1
8049 12919 1
12028 7778 1
12678 14460 1
4634 4633 1
6843 6245 1
6307 12241 1
6307 12245 1
6307 12974 1
3723 7588 1
3723 12087 1
3483 11210 1
3483 11383 1
3483 12516 1
14725 12138 1
11290 7387 1
9511 12232 1
9511 12341 1
2961 6840 1
2961 8240 1
1984 13974 1
1614 13200 1
1614 13329 1
7219 11648 1
5207 12017 1
748 14384 1
748 14403 1
14690 14383 1
297 8702 1
297 8850 1
297 12303 1
297 14920 1
297 15295 1
5869 6659 1
5869 6701 1
5869 7403 1
5869 7775 1
5869 11917 1
3364 14528 1
3831 12101 1
3831 14365 1
3831 14395 1
3831 14396 1
3831 14434 1
3831 14449 1
6333 12426 1
15312 13109 1
1355 11477 1
5573 13119 1
5573 15052 1
5573 15299 1
3285 7918 1
3792 8101 1
3792 8144 1
3792 8284 1
3792 8920 1
3792 8979 1
3792 9018 1
3792 9031 1
3792 9127 1
3792 12068 1
3792 12100 1
3792 12154 1
3792 12312 1
3792 12514 1
3792 12784 1
3792 13119 1
3792 15191 1
9027 6165 1
2874 10437 1
2874 10956 1
2874 12681 1
2832 6238 1
2832 6239 1
1963 14949 1
1963 15616 1
1963 15651 1
1963 15793 1
7553 13516 1
9319 11320 1
11952 13053 1
11952 15024 1
11952 15181 1
8306 6087 1
3993 7960 1
3993 8483 1
3993 12513 1
327 6789 1
327 6790 1
327 8317 1
327 8766 1
327 11961 1
327 11973 1
327 12074 1
327 12341 1
327 12353 1
327 13074 1
327 13091 1
327 13104 1
327 13137 1
327 15044 1
8619 6158 1
1927 7231 1
1927 7360 1
1927 7362 1
1927 7365 1
1927 7948 1
1927 9207 1
1927 9601 1
1927 9931 1
1927 9993 1
1927 10086 1
1927 10678 1
1927 11767 1
1927 13409 1
1927 13641 1
1927 13808 1
1927 13896 1
1927 13919 1
1927 13960 1
1927 14003 1
1927 14293 1
1927 14529 1
1927 15024 1
1927 15329 1
1927 15492 1
1927 15613 1
1927 15632 1
1927 15690 1
1927 16009 1
7683 6271 1
2774 9236 1
2774 9860 1
2774 14100 1
2774 14222 1
2774 14273 1
2774 16049 1
11879 12974 1
11879 13180 1
3259 5119 1
584 12255 1
584 12974 1
584 13120 1
584 14427 1
5851 6261 1
125 7521 1
125 7583 1
125 7621 1
125 7650 1
125 10745 1
125 11298 1
125 12033 1
125 12075 1
125 12104 1
125 12236 1
125 12237 1
125 12515 1
125 12982 1
125 14398 1
8880 14325 1
526 14325 1
6551 14397 1
6551 14449 1
1169 6552 1
3064 3601 1
8975 10557 1
10449 12122 1
9204 11983 1
9204 12032 1
9204 12138 1
8971 13120 1
116 7583 1
116 14328 1
116 14427 1
2236 6843 1
2236 14513 1
3931 12466 1
8614 8016 1
4410 7371 1
4410 12441 1
4410 12466 1
14418 15548 1
2206 4502 1
4395 14397 1
9458 12291 1
3093 11403 1
3093 11690 1
3093 13308 1
5214 14502 1
17121 14447 1
8542 12441 1
1271 4327 1
1271 4398 1
1271 4487 1
1271 4498 1
1271 6616 1
1271 6699 1
1271 7892 1
1271 10106 1
1271 14537 1
1271 14719 1
106 676 1
14853 14339 1
3253 5157 1
6030 7815 1
5040 11998 1
8137 6015 1
12535 12032 1
8693 11981 1
8693 12013 1
8693 12015 1
8693 12015 1
8693 12104 1
8693 14427 1
6983 12249 1
6983 12331 1
6983 13343 1
5126 3229 1
10249 14449 1
8911 12032 1
8911 12681 1
8911 14324 1
4321 9540 1
4321 14168 1
5873 4262 1
5873 4289 1
1924 4605 1
1924 4652 1
1924 5625 1
1924 12280 1
6170 14428 1
2172 12416 1
3539 6895 1
13764 13163 1
5444 4142 1
16284 14515 1
913 12101 1
913 13119 1
913 13198 1
913 14427 1
913 14428 1
913 14434 1
913 14518 1
12707 10977 1
15219 12312 1
16522 13665 1
4748 13040 1
4748 13125 1
4748 13163 1
4748 13307 1
4748 13395 1
4748 13530 1
4748 13593 1
4748 13665 1
4748 13808 1
4748 13899 1
4748 13922 1
4748 14435 1
4748 14901 1
3759 6173 1
9881 14903 1
9881 15052 1
6375 12792 1
7640 12515 1
863 11922 1
863 14342 1
863 14482 1
9339 12267 1
4649 8473 1
4530 10818 1
4530 11322 1
7259 6857 1
4238 6165 1
4238 11648 1
15559 14481 1
2320 12466 1
17 6564 1
17 6701 1
17 7369 1
9895 12281 1
2327 6290 1
14910 12122 1
1769 13527 1
1769 15388 1
3838 7531 1
4623 13092 1
4623 13139 1
4623 13197 1
4623 13222 1
4623 13246 1
3114 10814 1
10855 8906 1
11920 12192 1
6904 7892 1
3033 10429 1
3033 10451 1
3033 11486 1
3033 11504 1
3033 13460 1
5657 10135 1
5657 11249 1
439 10837 1
2156 7583 1
2156 8636 1
2156 11962 1
2156 11983 1
2156 11994 1
2156 12088 1
2156 12135 1
2156 14325 1
2156 14395 1
8328 14325 1
1435 4516 1
1435 8642 1
6610 11942 1
6457 4501 1
1749 13379 1
1749 13445 1
1749 13493 1
1749 13497 1
1749 13683 1
1749 13922 1
1749 13924 1
1749 14515 1
1749 14560 1
1749 15127 1
1749 15395 1
1749 15631 1
1749 15810 1
964 5018 1
964 5019 1
964 6727 1
964 12059 1
4354 12479 1
1710 8876 1
1710 8901 1
1710 8968 1
1710 8973 1
1710 8976 1
1710 9011 1
1710 9030 1
1710 9070 1
1710 9076 1
1710 9080 1
1710 9091 1
1710 9100 1
1710 9130 1
1710 9161 1
1710 9178 1
1710 9207 1
1710 9232 1
1710 9240 1
1710 9263 1
1710 9266 1
1710 9267 1
1710 9279 1
1710 9347 1
1710 9541 1
1710 9572 1
1710 9601 1
1710 10295 1
1710 11396 1
1710 11648 1
1710 11659 1
1710 11985 1
1710 11999 1
1710 12014 1
1710 12018 1
1710 12020 1
1710 12022 1
1710 12047 1
1710 12101 1
1710 12122 1
1710 12154 1
1710 12241 1
1710 12278 1
1710 12335 1
1710 12441 1
1710 12461 1
1710 12467 1
1710 12503 1
1710 13001 1
1710 13003 1
1710 13018 1
1710 13019 1
1710 13097 1
1710 13140 1
1710 13192 1
1710 13200 1
1710 13221 1
1710 13245 1
1710 13283 1
1710 13300 1
1710 13302 1
1710 13315 1
1710 13318 1
1710 13334 1
1710 13340 1
1710 13346 1
1710 13412 1
1710 13437 1
1710 13460 1
1710 13493 1
1710 13497 1
1710 13516 1
1710 13517 1
1710 13530 1
1710 13537 1
1710 13568 1
1710 13579 1
1710 13585 1
1710 13587 1
1710 13619 1
1710 13648 1
1710 13655 1
1710 13665 1
1710 13680 1
1710 13682 1
1710 13706 1
1710 13722 1
1710 13751 1
1710 14349 1
1710 14390 1
1710 14395 1
1710 14396 1
1710 14434 1
1710 14435 1
1710 14479 1
1710 14499 1
1710 14505 1
1710 14506 1
1710 14518 1
1710 14540 1
1710 14558 1
1710 14763 1
1710 14900 1
1710 14937 1
1710 15035 1
1710 15044 1
1710 15057 1
1710 15068 1
1710 15134 1
1710 15197 1
1710 15199 1
1710 15233 1
1710 15236 1
1710 15263 1
1710 15295 1
1710 15300 1
1710 15304 1
1710 15345 1
1710 15380 1
1710 15408 1
1710 15440 1
1710 15445 1
1710 15519 1
1710 15540 1
1710 15548 1
1710 15597 1
1710 15618 1
1710 15620 1
1710 15632 1
2487 13506 1
2487 15232 1
3414 2066 1
2651 8568 1
2651 12237 1
2651 12515 1
8290 12192 1
13005 11704 1
13005 12280 1
13005 13191 1
8827 6158 1
3562 10250 1
3562 11081 1
3562 11319 1
11538 14500 1
2646 10500 1
2646 10529 1
2646 13116 1
2646 13131 1
13422 12202 1
13422 12328 1
13422 13341 1
13422 14437 1
5264 6700 1
15369 15099 1
11049 9602 1
462 6102 1
462 7422 1
462 7520 1
462 14325 1
462 14398 1
2376 3759 1
6367 6231 1
6619 4200 1
11047 11769 1
11843 14325 1
11843 14427 1
9079 6260 1
12095 9282 1
12095 9315 1
11708 14427 1
10382 7093 1
774 8209 1
774 12077 1
10363 6857 1
10363 6858 1
1873 5745 1
1873 9236 1
1873 9341 1
1873 9351 1
1873 9360 1
1873 9379 1
1873 13426 1
1873 15233 1
1873 15552 1
2465 11031 1
5563 4220 1
242 2228 1
7154 4509 1
1438 12408 1
1438 12453 1
1438 12570 1
5141 7466 1
5141 7725 1
910 6657 1
910 6671 1
910 12210 1
336 7422 1
336 7538 1
336 7583 1
336 11918 1
336 12075 1
336 14324 1
6043 12368 1
6043 12439 1
6043 12461 1
12537 11165 1
9720 7772 1
9720 12192 1
2518 8857 1
2518 10730 1
8845 11422 1
6264 4185 1
10984 8920 1
10984 14887 1
11129 7772 1
11129 13380 1
1340 4442 1
1340 8181 1
2606 4103 1
13290 10182 1
1563 6857 1
1563 7141 1
1496 8535 1
8085 8905 1
14527 12102 1
14527 12376 1
3177 12035 1
3177 12078 1
3177 12100 1
3177 12122 1
3177 12128 1
3177 12138 1
3177 12275 1
3177 12402 1
3177 13180 1
10073 8653 1
10073 8664 1
6970 11648 1
727 13179 1
727 13198 1
727 14324 1
727 14325 1
8240 7377 1
7629 6118 1
1321 6599 1
1321 14397 1
7215 8697 1
4263 12333 1
4263 14514 1
4263 14515 1
2825 1349 1
2825 1390 1
4256 11648 1
4256 12267 1
4256 14506 1
13079 13728 1
5051 6211 1
9985 7538 1
3131 1761 1
9230 7650 1
9230 7673 1
9230 8636 1
9230 12168 1
9230 12515 1
14842 12469 1
9517 12075 1
8749 12104 1
8995 6704 1
8995 7520 1
8995 12389 1
7087 4553 1
1040 7505 1
10568 10181 1
10568 12362 1
7297 12653 1
7297 14500 1
7205 13032 1
2607 7507 1
2607 11962 1
983 6564 1
983 7627 1
2307 12586 1
2307 12982 1
2307 14504 1
14192 13691 1
22 7370 1
22 7371 1
22 7372 1
22 7422 1
22 7470 1
22 7573 1
22 7574 1
22 7611 1
22 7654 1
22 8326 1
22 11960 1
22 11983 1
22 12014 1
22 12021 1
22 12032 1
22 12097 1
22 13198 1
22 14324 1
22 14504 1
2555 10876 1
2555 12432 1
2555 13666 1
2555 16089 1
9371 13198 1
650 12003 1
3337 11235 1
3703 8559 1
625 6158 1
625 6195 1
625 7591 1
625 7622 1
625 7639 1
625 11648 1
625 12099 1
625 12104 1
625 12192 1
12223 13019 1
2138 5004 1
2138 7313 1
2138 7355 1
3999 14322 1
3999 14324 1
3999 14349 1
15943 12506 1
3712 7614 1
3712 8977 1
3577 11495 1
9775 6490 1
1979 13930 1
1979 15690 1
13854 13484 1
9880 6567 1
1744 9115 1
1744 13492 1
9235 12974 1
2805 9259 1
2805 14275 1
875 8850 1
875 8996 1
875 9262 1
875 9459 1
875 9540 1
875 10986 1
875 11317 1
875 11435 1
875 11761 1
875 11861 1
875 13666 1
875 14397 1
875 15414 1
875 15492 1
875 15497 1
875 15524 1
875 15690 1
875 15715 1
875 15833 1
875 15891 1
11425 11648 1
11425 11972 1
2015 7225 1
10460 12362 1
4982 3181 1
4982 7633 1
13112 12339 1
5307 3495 1
11795 7814 1
9844 6866 1
9844 9022 1
4794 13655 1
7336 11102 1
7336 11292 1
10199 7930 1
3816 12402 1
1119 6612 1
1119 6700 1
1119 6700 1
2111 11748 1
4950 3624 1
4950 10482 1
2573 9935 1
2573 13879 1
5080 11983 1
3967 12043 1
2078 7358 1
2078 8704 1
2078 9913 1
2078 9949 1
2078 9990 1
2078 10018 1
2078 10083 1
2078 11866 1
2078 11867 1
2078 11999 1
2078 12190 1
2078 13480 1
2078 13583 1
2078 14111 1
2078 14240 1
2078 14242 1
2078 14269 1
2078 15810 1
2078 15917 1
9932 10135 1
2033 9809 1
2033 9868 1
2033 9878 1
2033 9938 1
2033 9959 1
2033 9966 1
2033 9982 1
2033 9990 1
2033 10019 1
2033 10046 1
2033 11828 1
2033 11844 1
2033 14105 1
2033 14133 1
2033 14146 1
2033 14148 1
2033 14160 1
2033 14165 1
2033 14166 1
2033 14178 1
2033 14209 1
2033 14257 1
2033 14271 1
2033 15900 1
2033 15919 1
2033 15920 1
2033 16009 1
2033 16013 1
2033 16014 1
7112 15178 1
1978 7125 1
1978 7137 1
1978 7142 1
1978 9603 1
1978 14525 1
10524 9018 1
7373 13418 1
7373 13484 1
7373 15196 1
7903 6165 1
13940 13279 1
5031 11983 1
5031 12234 1
3732 14325 1
2567 14378 1
7881 14427 1
5712 13516 1
6304 11978 1
6304 11993 1
5656 9267 1
93 11924 1
93 12087 1
93 12138 1
93 14324 1
93 14457 1
6322 6616 1
8570 6200 1
8570 12002 1
6306 6219 1
5004 3202 1
6787 7863 1
6787 12404 1
2412 6633 1
2412 9417 1
2412 11378 1
2412 12241 1
2412 12326 1
2412 12461 1
2412 14752 1
2412 15131 1
610 14357 1
610 14358 1
610 14359 1
610 14360 1
610 14364 1
610 14365 1
610 14366 1
610 14367 1
610 14390 1
610 14397 1
610 14399 1
610 14400 1
610 14401 1
610 14407 1
610 14428 1
610 14434 1
610 14447 1
610 14763 1
12072 12360 1
12072 12373 1
7715 6287 1
7715 6700 1
7715 12362 1
7715 12397 1
6605 11953 1
9171 7403 1
6702 12366 1
7116 12384 1
2743 1258 1
2743 11045 1
2743 11059 1
6522 12378 1
6522 12441 1
6383 12382 1
2732 5513 1
6878 11377 1
2635 4198 1
2635 7437 1
2635 10176 1
2635 10203 1
2635 12101 1
3234 2100 1
2462 9076 1
2462 12074 1
2462 13300 1
2462 13667 1
2462 15999 1
7275 13233 1
7275 14529 1
7275 15024 1
13648 10482 1
6504 9207 1
4521 14599 1
4521 14881 1
6131 12104 1
7169 13389 1
7169 14558 1
9474 10201 1
4337 12094 1
227 52 1
227 61 1
227 2266 1
227 6014 1
227 6080 1
227 6131 1
2363 7949 1
6111 7534 1
6111 12006 1
6111 12007 1
3502 4166 1
14474 13567 1
12492 12161 1
12492 12664 1
12492 13405 1
12492 13493 1
3835 12489 1
3835 12850 1
3835 13030 1
3835 13086 1
3835 13198 1
3835 13513 1
3835 13518 1
3835 13527 1
3835 13530 1
3835 13559 1
3835 13609 1
3835 13629 1
3835 13655 1
11484 12088 1
11484 13192 1
14069 13279 1
397 8704 1
397 8868 1
397 8884 1
397 8930 1
397 8968 1
397 9037 1
397 11153 1
397 11420 1
397 12453 1
397 13026 1
397 13142 1
397 13738 1
397 14500 1
397 14802 1
397 14877 1
397 14944 1
397 15225 1
397 15713 1
579 14540 1
13573 12292 1
10467 7787 1
4717 14920 1
4979 11983 1
4979 12230 1
4979 14312 1
4979 14396 1
1514 4114 1
14862 12441 1
5629 13261 1
5629 13553 1
3314 11690 1
10632 11495 1
7932 15383 1
14256 11961 1
12697 11659 1
7780 6290 1
7780 6295 1
6694 5115 1
6694 7533 1
6499 4204 1
573 6128 1
573 7583 1
573 14434 1
3475 2074 1
1987 9126 1
1987 9535 1
1987 9602 1
1987 11778 1
1987 12431 1
1987 13988 1
1987 14036 1
1987 14208 1
1987 14222 1
1987 15518 1
11277 7719 1
11277 7810 1
3896 6026 1
3896 7576 1
8407 14427 1
488 10098 1
15731 13200 1
5180 7710 1
10883 13569 1
10883 13583 1
10883 13585 1
10883 13656 1
4409 14558 1
4626 14558 1
4626 14802 1
4626 14921 1
4626 14955 1
539 12186 1
539 12238 1
539 13053 1
539 14398 1
539 14426 1
539 14427 1
5625 15855 1
5449 13060 1
4244 3172 1
12860 13501 1
12860 13559 1
12860 15041 1
102 8906 1
102 9279 1
102 9582 1
102 10179 1
102 10870 1
102 11648 1
102 12056 1
102 12148 1
102 12359 1
102 12382 1
102 13334 1
4839 9949 1
5651 7139 1
8946 7780 1
7679 8392 1
2806 7870 1
2806 8452 1
2806 11898 1
2806 12426 1
729 6073 1
729 13198 1
729 14325 1
5302 6316 1
5302 7650 1
5302 7892 1
5302 12265 1
14077 11486 1
7096 4648 1
11130 7371 1
7589 14505 1
23 7442 1
23 7457 1
23 7458 1
23 7469 1
23 7470 1
23 7478 1
23 7503 1
23 7511 1
23 7533 1
23 7545 1
23 7554 1
23 7559 1
23 7581 1
23 7583 1
23 7631 1
23 8568 1
23 8661 1
23 8663 1
23 8732 1
23 8771 1
23 8774 1
23 8775 1
23 8788 1
23 8962 1
23 10101 1
23 10745 1
23 11298 1
23 11907 1
23 11910 1
23 11915 1
23 11917 1
23 11919 1
23 11925 1
23 12018 1
23 12042 1
23 12058 1
23 12063 1
23 12075 1
23 12237 1
23 12515 1
23 12681 1
23 12788 1
23 12982 1
23 13291 1
23 14311 1
23 14330 1
23 14344 1
23 14345 1
23 14349 1
23 14351 1
23 14352 1
23 14375 1
23 14380 1
23 14398 1
23 14403 1
23 14415 1
23 14415 1
23 14425 1
9195 12094 1
9195 12192 1
9195 12256 1
9195 14434 1
9195 14506 1
9195 14528 1
487 14325 1
487 14383 1
11780 12330 1
11055 15613 1
1114 4179 1
15776 14537 1
1780 9263 1
1780 9279 1
1780 9284 1
1780 9341 1
1780 9347 1
1780 9386 1
1780 9404 1
1780 9539 1
1780 9574 1
1780 9602 1
1780 11415 1
1780 11420 1
1780 11521 1
1780 11576 1
1780 12020 1
1780 12079 1
1780 12092 1
1780 12100 1
1780 12438 1
1780 13119 1
1780 13347 1
1780 13384 1
1780 13412 1
1780 13418 1
1780 13517 1
1780 13530 1
1780 13580 1
1780 13585 1
1780 13588 1
1780 13607 1
1780 13617 1
1780 13648 1
1780 13697 1
1780 13748 1
1780 13890 1
4438 14537 1
15004 13198 1
4288 12362 1
7796 7814 1
1806 6292 1
3190 6118 1
3190 12974 1
14836 12208 1
5910 4129 1
36 6564 1
36 6616 1
36 6699 1
36 11922 1
36 12014 1
36 12087 1
36 14324 1
1400 10295 1
1400 11056 1
1400 11102 1
1400 12368 1
1400 12778 1
1400 13001 1
1400 13032 1
1400 14588 1
1400 14763 1
1400 14815 1
1400 14858 1
1400 14899 1
1400 14938 1
1400 14942 1
1400 14949 1
1400 14960 1
7335 13786 1
7335 14261 1
