629 3260 1
629 2179 1
629 166 1
629 1487 1
629 2178 1
2504 556 1
2504 5528 1
2504 1232 1
2504 778 1
2504 4547 1
2504 4323 1
2504 553 1
2504 1556 1
2504 4542 1
2504 1781 1
2504 2350 1
2504 1724 1
2504 2019 1
2504 5584 1
449 3474 1
449 3717 1
449 1727 1
449 2039 1
449 4753 1
449 4166 1
449 5440 1
420 1634 1
420 2825 1
420 2420 1
420 5534 1
420 469 1
420 32 1
420 5543 1
420 1754 1
420 1869 1
420 5011 1
420 790 1
420 3597 1
420 4504 1
420 799 1
420 4626 1
420 4625 1
420 1099 1
420 4622 1
420 261 1
420 1311 1
420 893 1
420 2690 1
420 5279 1
420 2380 1
420 822 1
420 2164 1
420 4193 1
420 3691 1
420 2222 1
420 1199 1
420 2210 1
420 5073 1
420 739 1
420 162 1
420 5134 1
420 175 1
420 4514 1
85 1368 1
85 4849 1
85 3819 1
85 2926 1
85 5120 1
85 1367 1
85 3121 1
85 5122 1
85 2419 1
85 1184 1
336 1365 1
336 428 1
336 5395 1
336 1219 1
336 4248 1
336 5010 1
336 3863 1
336 835 1
336 425 1
336 1049 1
336 2991 1
2265 1227 1
2265 709 1
2265 528 1
2265 2135 1
2265 2300 1
2265 2333 1
2265 680 1
2265 5872 1
628 1183 1
628 882 1
628 1348 1
628 752 1
628 2039 1
628 739 1
887 4985 1
887 2478 1
887 3088 1
887 3767 1
887 1544 1
887 962 1
2346 3037 1
2346 500 1
2346 1566 1
2346 1754 1
2346 403 1
2346 2681 1
2346 145 1
2346 1303 1
2346 3722 1
2346 1990 1
2346 4093 1
2346 1538 1
2346 1653 1
2346 4551 1
2346 184 1
2346 4142 1
2346 2928 1
2346 1384 1
468 3156 1
468 1724 1
468 16 1
468 5104 1
468 2305 1
468 60 1
468 3742 1
468 5039 1
468 624 1
2762 900 1
2762 1957 1
2762 16 1
2762 4151 1
2762 1642 1
2111 675 1
2111 5008 1
2111 416 1
2111 24 1
2111 2052 1
2111 203 1
2111 284 1
2111 5007 1
2111 4414 1
2111 2204 1
2111 801 1
2111 179 1
2111 3128 1
2111 1582 1
2111 2205 1
2111 528 1
443 3612 1
443 1137 1
443 1372 1
443 5564 1
443 4605 1
443 2223 1
2221 2564 1
2221 400 1
2221 1367 1
2221 2122 1
2221 3121 1
1975 2635 1
1975 4286 1
1975 4287 1
1975 1239 1
1975 4172 1
1975 785 1
1975 92 1
1975 166 1
1975 5471 1
551 2006 1
551 493 1
551 5188 1
551 421 1
551 956 1
551 1393 1
551 2908 1
551 5382 1
551 790 1
2468 4254 1
2468 1642 1
2468 497 1
2468 2718 1
2468 1795 1
2468 4040 1
1709 4846 1
1709 325 1
1709 80 1
1709 1836 1
1709 1406 1
1709 3568 1
1709 3037 1
1709 3214 1
1709 3293 1
505 1253 1
505 528 1
505 60 1
505 497 1
505 53 1
505 1219 1
505 904 1
505 367 1
505 4319 1
1446 2266 1
1446 1708 1
1446 3705 1
1446 843 1
1446 3210 1
1446 1219 1
1446 1031 1
1446 289 1
1446 4915 1
1446 2367 1
1446 1701 1
1446 368 1
1446 3046 1
1446 5039 1
1446 34 1
543 297 1
543 1310 1
543 469 1
543 147 1
543 1042 1
543 1867 1
543 3594 1
543 3266 1
543 1987 1
543 1024 1
543 1833 1
543 3110 1
543 4415 1
543 1988 1
543 2487 1
543 4326 1
543 157 1
2336 1215 1
2336 1783 1
2336 1756 1
2336 1478 1
2336 157 1
2336 648 1
102 2637 1
102 1668 1
102 4270 1
102 2863 1
102 611 1
102 847 1
676 4274 1
676 297 1
676 5006 1
676 325 1
676 2161 1
676 4718 1
676 966 1
676 4349 1
676 5711 1
676 3330 1
174 1835 1
174 4287 1
174 2511 1
174 3370 1
174 867 1
174 2022 1
174 765 1
174 3101 1
174 1935 1
1201 1836 1
1201 1174 1
1201 2578 1
1201 1797 1
1201 4220 1
1201 2225 1
1201 5660 1
1201 1405 1
1201 2319 1
1201 4756 1
1201 757 1
1201 2008 1
1201 396 1
1201 1873 1
1201 5436 1
1201 2787 1
1201 3304 1
1201 5807 1
69 469 1
69 32 1
69 781 1
69 2053 1
69 28 1
69 326 1
69 328 1
69 320 1
69 327 1
69 2102 1
69 324 1
69 880 1
69 1053 1
875 543 1
875 248 1
875 2713 1
875 1582 1
875 528 1
875 5658 1
875 2222 1
875 1338 1
875 5320 1
875 4376 1
2646 259 1
2646 189 1
2646 1608 1
2646 751 1
2646 16 1
2528 5426 1
2528 2039 1
2528 1290 1
2528 1123 1
2528 774 1
2528 1949 1
2528 1410 1
778 5348 1
778 3268 1
778 709 1
778 4495 1
778 2071 1
778 1354 1
778 3014 1
778 413 1
778 1583 1
778 930 1
422 665 1
422 1637 1
422 528 1
422 311 1
422 241 1
422 1062 1
422 701 1
422 2728 1
422 1538 1
620 4214 1
620 1805 1
620 2104 1
620 5304 1
620 1738 1
620 5681 1
2450 1307 1
2450 469 1
2450 1324 1
2450 5497 1
2450 1797 1
2450 1219 1
2450 2178 1
2450 3131 1
2450 3123 1
2450 4080 1
2450 4198 1
1957 2705 1
1957 291 1
1957 2600 1
1957 4578 1
1957 32 1
1957 152 1
1957 3280 1
1957 1827 1
1957 629 1
1957 2496 1
1957 5793 1
1957 204 1
1957 3629 1
1957 1177 1
1957 3621 1
292 5279 1
292 5006 1
292 1488 1
292 1219 1
292 2531 1
513 1230 1
513 965 1
513 624 1
513 5335 1
513 1898 1
1927 600 1
1927 686 1
1927 4951 1
1927 4808 1
1927 1551 1
2389 602 1
2389 31 1
2389 4350 1
2389 1872 1
2389 2826 1
2389 5757 1
2389 4544 1
2389 1402 1
2389 5427 1
2389 2495 1
2389 5828 1
2389 4901 1
2389 382 1
2389 355 1
2389 4637 1
1549 3347 1
1549 2503 1
1549 1215 1
1549 2404 1
1549 1367 1
1487 1326 1
1487 3758 1
1487 2711 1
1487 2492 1
1487 700 1
1487 1571 1
1487 317 1
1487 584 1
1487 1167 1
2124 3812 1
2124 2411 1
2124 2072 1
2124 5802 1
2124 5259 1
2124 1583 1
2124 3266 1
183 1850 1
183 36 1
183 3248 1
183 3050 1
183 4580 1
183 646 1
183 4391 1
183 808 1
183 2767 1
183 2 1
2470 2066 1
2470 5657 1
2470 1547 1
2470 5073 1
2470 1980 1
2470 989 1
2392 152 1
2392 2303 1
2392 4177 1
2392 1827 1
2392 584 1
2591 5536 1
2591 4780 1
2591 4299 1
2591 3210 1
2591 3395 1
2591 3988 1
2591 1851 1
2591 1991 1
2591 4781 1
2591 1852 1
2591 669 1
2591 1071 1
1909 426 1
1909 3942 1
1909 1248 1
1909 3180 1
1909 1107 1
1909 2774 1
1909 4690 1
1909 3172 1
1909 4240 1
1909 233 1
1909 3540 1
1909 3002 1
1909 4344 1
1909 5362 1
1909 4241 1
1909 163 1
1909 294 1
1909 168 1
1909 3602 1
1909 2058 1
1909 3779 1
1909 2173 1
1909 1658 1
1909 1697 1
1909 3123 1
1909 1873 1
1909 3815 1
1909 2804 1
1909 2276 1
1909 1742 1
1909 3263 1
1909 264 1
1909 873 1
1909 3886 1
1909 3301 1
1909 3183 1
1909 2138 1
1909 5804 1
1909 4243 1
1909 5663 1
1909 4242 1
1909 454 1
1909 4040 1
1909 446 1
1909 5452 1
1909 5311 1
1909 665 1
1909 1326 1
1909 2213 1
1909 4663 1
1996 1694 1
1996 679 1
1996 788 1
1996 1580 1
1996 278 1
1996 1285 1
1996 4304 1
1996 2301 1
1996 553 1
1996 1721 1
1996 3463 1
1996 2426 1
1996 2498 1
1996 1209 1
1996 1000 1
1269 218 1
1269 810 1
1269 2328 1
1269 4746 1
1269 3526 1
1269 258 1
1269 2363 1
1269 327 1
1269 4915 1
1269 184 1
1269 4415 1
1269 2098 1
1269 4526 1
1269 2743 1
1269 298 1
1597 2480 1
1597 4369 1
1597 3368 1
1597 385 1
1597 3116 1
1597 1430 1
1597 525 1
1597 59 1
1597 1439 1
1597 1219 1
1597 2818 1
1597 3899 1
1597 5483 1
1597 3900 1
1597 742 1
1424 1447 1
1424 218 1
1424 2071 1
1424 3628 1
1424 1555 1
1424 1962 1
1424 4066 1
1424 5815 1
1424 5010 1
1424 1052 1
1424 782 1
1424 80 1
1424 2327 1
1424 266 1
1424 689 1
1424 4252 1
1424 5138 1
1424 4093 1
1424 5234 1
1424 642 1
1424 4189 1
1424 3573 1
1424 1984 1
1424 2426 1
1424 4436 1
1424 954 1
1424 447 1
1424 4238 1
1424 1177 1
1424 4548 1
1424 3691 1
1424 5294 1
1424 1008 1
1424 183 1
1424 4778 1
1424 188 1
1424 3742 1
1424 5302 1
1424 3229 1
1424 3176 1
1980 1547 1
1980 2414 1
1980 4746 1
1980 259 1
1980 3782 1
1980 2461 1
1980 5384 1
1980 4290 1
754 4709 1
754 1955 1
754 934 1
754 5725 1
754 610 1
754 244 1
754 2459 1
754 2462 1
754 288 1
754 5159 1
754 3789 1
754 2454 1
754 653 1
754 2456 1
754 274 1
754 1181 1
754 203 1
754 4206 1
754 2455 1
754 2460 1
754 4989 1
754 15 1
754 3988 1
754 373 1
754 2461 1
754 2457 1
754 196 1
754 3691 1
754 2222 1
754 5744 1
754 29 1
754 3051 1
754 5039 1
1599 3137 1
1599 3567 1
1599 3269 1
1599 1296 1
1599 1591 1
1599 1738 1
1599 3619 1
1599 3023 1
2706 409 1
2706 1294 1
2706 4517 1
2706 1745 1
2706 1123 1
2642 3063 1
2642 3178 1
2642 4264 1
2642 679 1
2642 5889 1
2642 5784 1
2642 3065 1
2642 2062 1
2642 2557 1
2642 33 1
2642 5478 1
79 1345 1
79 368 1
79 1738 1
79 387 1
79 386 1
1513 1903 1
1513 1356 1
1513 163 1
1513 1795 1
1513 3791 1
1513 1744 1
1025 866 1
1025 1566 1
1025 1824 1
1025 39 1
1025 1043 1
1025 3019 1
1025 5830 1
1025 3016 1
1025 2562 1
1025 5831 1
1025 839 1
1025 2870 1
1025 178 1
1025 3370 1
1025 870 1
101 466 1
101 5017 1
101 3231 1
101 3882 1
101 465 1
101 4303 1
101 5154 1
2625 605 1
2625 5716 1
2625 5633 1
2625 2710 1
2625 1537 1
2625 284 1
2625 2883 1
2625 5497 1
2625 2938 1
2625 1057 1
2625 1069 1
2625 2329 1
2625 3179 1
1421 2201 1
1421 3684 1
1421 2379 1
1421 3683 1
1421 3494 1
1421 5315 1
1421 3682 1
2200 2522 1
2200 1665 1
2200 152 1
2200 2565 1
2200 848 1
2200 1073 1
2200 4508 1
2200 579 1
2200 681 1
2200 3899 1
2200 822 1
2200 440 1
2200 2713 1
2200 580 1
1780 4110 1
1780 5215 1
1780 1111 1
1780 3626 1
1780 3089 1
1780 5859 1
1780 5446 1
1780 808 1
1780 1039 1
1780 1838 1
1556 1892 1
1556 5579 1
1556 1719 1
1556 3185 1
1556 5858 1
2410 1227 1
2410 878 1
2410 2000 1
2410 586 1
2410 1980 1
441 2111 1
441 1582 1
441 5317 1
441 4828 1
441 2304 1
502 5581 1
502 2702 1
502 2359 1
502 881 1
502 1884 1
502 614 1
502 3272 1
502 4514 1
438 4270 1
438 4805 1
438 2231 1
438 1687 1
438 4017 1
438 867 1
438 5559 1
438 323 1
438 1327 1
128 703 1
128 795 1
128 2876 1
128 2246 1
128 136 1
2523 5620 1
2523 1447 1
2523 3990 1
2523 31 1
2523 36 1
2523 2123 1
2523 3305 1
2523 3399 1
2523 2355 1
2523 1227 1
2523 2329 1
2523 4773 1
2523 1904 1
2523 60 1
2523 2402 1
1433 3486 1
1433 32 1
1433 679 1
1433 812 1
1433 530 1
1433 3408 1
1433 3338 1
1433 3286 1
1433 2371 1
1433 1606 1
1433 2504 1
1433 1807 1
1433 2 1
1433 422 1
1433 3527 1
1433 1587 1
1433 4005 1
1433 1763 1
1433 2095 1
1693 1535 1
1693 2047 1
1693 4016 1
1693 465 1
1693 2204 1
602 624 1
602 1162 1
602 5617 1
602 230 1
602 5341 1
602 4815 1
602 4034 1
2658 17 1
2658 613 1
2658 462 1
2658 168 1
2658 4834 1
2658 116 1
2658 1046 1
2658 1665 1
2658 4374 1
2658 5535 1
2658 4171 1
2658 2309 1
2658 2442 1
2658 2609 1
2658 4104 1
2658 4462 1
2658 5092 1
2658 2526 1
2658 4030 1
2658 1402 1
2658 2892 1
2658 4787 1
2658 1462 1
2658 429 1
2658 824 1
2658 580 1
2658 2222 1
2658 2123 1
2658 303 1
2658 298 1
2658 4421 1
2658 4835 1
2658 1768 1
2658 1583 1
1233 163 1
1233 1192 1
1233 2281 1
1233 1780 1
1233 2078 1
1233 3285 1
1233 2215 1
1233 2650 1
1233 1043 1
1233 2701 1
1233 1304 1
1233 3274 1
1233 3408 1
1233 1219 1
1233 4500 1
1233 3847 1
1233 122 1
1233 3613 1
1233 964 1
1233 4203 1
1233 3886 1
1233 4305 1
1233 1058 1
1233 1053 1
1233 1512 1
1233 848 1
1175 2006 1
1175 3295 1
1175 1582 1
1175 5436 1
1175 648 1
379 40 1
379 239 1
379 777 1
379 2983 1
379 147 1
379 164 1
379 1232 1
379 315 1
379 3264 1
379 447 1
379 2544 1
1607 680 1
1607 279 1
1607 3170 1
1607 3849 1
1607 295 1
1607 218 1
1607 3981 1
1607 1683 1
1607 3862 1
1607 1805 1
1607 664 1
1607 2328 1
1607 292 1
1607 75 1
1607 1175 1
1607 5628 1
1607 3907 1
1607 5778 1
1607 5704 1
1607 3643 1
1607 2810 1
1607 3485 1
1607 2923 1
1607 368 1
1607 5431 1
1607 682 1
1607 226 1
1607 1437 1
1156 3897 1
1156 2222 1
1156 5 1
1156 3829 1
1156 5474 1
219 5313 1
219 112 1
219 311 1
219 3690 1
219 3313 1
1058 2833 1
1058 5454 1
1058 5136 1
1058 1642 1
1058 17 1
1058 166 1
1058 3080 1
1058 463 1
1058 5296 1
262 1081 1
262 580 1
262 3982 1
262 4891 1
262 426 1
262 3299 1
262 390 1
262 578 1
1713 3060 1
1713 3218 1
1713 3236 1
1713 1930 1
1713 4030 1
1713 4032 1
1713 2596 1
1713 4031 1
1713 178 1
1713 1092 1
1713 2597 1
1713 3793 1
1713 3601 1
1713 872 1
1713 3887 1
2374 3225 1
2374 878 1
2374 4528 1
2374 2161 1
2374 456 1
2374 207 1
271 3632 1
271 2587 1
271 3029 1
271 1665 1
271 5389 1
271 781 1
271 5390 1
271 791 1
271 3709 1
271 5263 1
271 642 1
271 5391 1
271 460 1
271 491 1
271 814 1
271 2032 1
271 3276 1
271 188 1
271 1123 1
2246 267 1
2246 1258 1
2246 5077 1
2246 835 1
2246 3746 1
2246 4264 1
2246 834 1
1033 3037 1
1033 2203 1
1033 3157 1
1033 218 1
1033 1708 1
1033 280 1
1033 2058 1
1033 1219 1
1033 276 1
1033 4147 1
1033 312 1
1033 1437 1
1033 1327 1
2479 4514 1
2479 281 1
2479 1348 1
2479 407 1
2479 945 1
2479 4706 1
2479 4125 1
2479 1250 1
2338 3280 1
2338 2499 1
2338 806 1
2338 29 1
2338 4066 1
1907 36 1
1907 1700 1
1907 4078 1
1907 5285 1
1907 3974 1
1907 2056 1
1907 591 1
29 3556 1
29 4997 1
29 119 1
29 1527 1
29 53 1
29 3715 1
29 3618 1
29 808 1
29 47 1
29 1250 1
2376 1952 1
2376 366 1
2376 4486 1
2376 3432 1
2376 4290 1
1751 107 1
1751 2277 1
1751 4023 1
1751 4079 1
1751 3714 1
1852 2052 1
1852 16 1
1852 1724 1
1852 431 1
1852 848 1
937 2922 1
937 3410 1
937 1253 1
937 3750 1
937 1621 1
937 1660 1
937 1506 1
1146 403 1
1146 3147 1
1146 4094 1
1146 5 1
1146 3648 1
1146 1344 1
1146 2234 1
1146 831 1
1146 196 1
1146 739 1
1146 2790 1
800 2936 1
800 505 1
800 2608 1
800 906 1
800 2620 1
2472 1944 1
2472 1593 1
2472 357 1
2472 1514 1
2472 3010 1
2472 699 1
2472 2498 1
2687 1400 1
2687 166 1
2687 1127 1
2687 1947 1
2687 5845 1
2687 4052 1
2687 4865 1
2687 507 1
2687 3705 1
2687 1534 1
2687 3280 1
2687 1943 1
2687 1713 1
2687 2941 1
2687 4866 1
2687 1342 1
2687 3701 1
2687 797 1
2687 824 1
2687 491 1
2687 5294 1
2687 795 1
2687 2403 1
2687 1437 1
2687 3688 1
510 1656 1
510 2681 1
510 4 1
510 867 1
510 1053 1
2781 4208 1
2781 5271 1
2781 3370 1
2781 5201 1
2781 2197 1
2781 2608 1
190 420 1
190 11 1
190 2222 1
190 528 1
190 3163 1
190 5066 1
190 1123 1
190 637 1
190 851 1
100 5150 1
100 5152 1
100 5151 1
100 932 1
100 459 1
100 464 1
100 5148 1
100 2178 1
100 1057 1
100 460 1
100 5153 1
100 1070 1
100 5149 1
2046 5615 1
2046 866 1
2046 4361 1
2046 3444 1
2046 5159 1
2046 1055 1
2046 5522 1
2046 1618 1
2046 3019 1
2046 3454 1
2046 2821 1
2046 1815 1
2046 4362 1
2046 3868 1
2046 4434 1
2046 2045 1
2046 5007 1
2046 770 1
2046 2238 1
2046 4158 1
2046 1843 1
2046 5165 1
2046 2367 1
2046 2283 1
2046 5294 1
2046 3754 1
2046 209 1
2046 3503 1
2242 30 1
2242 624 1
2242 2263 1
2242 266 1
2242 350 1
2225 4524 1
2225 2629 1
2225 5014 1
2225 1147 1
2225 4140 1
2225 1937 1
2225 843 1
2225 133 1
2225 2048 1
2225 23 1
2225 4341 1
2225 5062 1
2225 4482 1
2225 2363 1
2225 3046 1
2225 1943 1
2225 996 1
2225 289 1
2225 5179 1
2225 179 1
2225 822 1
2225 4525 1
2225 831 1
2225 50 1
2225 3244 1
2225 4526 1
2225 4133 1
2225 2231 1
2225 517 1
2225 5091 1
2225 98 1
2225 2803 1
2225 4527 1
2521 5416 1
2521 3183 1
2521 5129 1
2521 4212 1
2521 3028 1
2521 2860 1
2521 507 1
2521 671 1
2521 2328 1
2521 1657 1
2521 31 1
2521 2097 1
2521 4678 1
2521 3581 1
2521 1391 1
2521 245 1
2521 1976 1
2521 178 1
2521 452 1
2521 4331 1
2521 3439 1
2521 2231 1
2521 1053 1
2024 432 1
2024 294 1
2024 1109 1
2024 167 1
2024 543 1
2024 2169 1
2024 2574 1
2024 5600 1
2024 386 1
2024 4006 1
2024 4597 1
2024 1088 1
2024 2465 1
2024 1996 1
2024 4494 1
2024 4336 1
2024 5423 1
2739 4895 1
2739 1060 1
2739 3479 1
2739 5777 1
2739 271 1
2411 2098 1
2411 5389 1
2411 203 1
2411 1712 1
2411 2231 1
1972 4609 1
1972 1253 1
1972 528 1
1972 1085 1
1972 783 1
854 4869 1
854 2647 1
854 5002 1
854 5393 1
854 5532 1
854 451 1
854 230 1
854 1949 1
854 2563 1
2298 4817 1
2298 4460 1
2298 4878 1
2298 2949 1
2298 1904 1
2298 5196 1
2298 2001 1
2298 4579 1
2298 4879 1
2298 3360 1
2556 4323 1
2556 4760 1
2556 889 1
2556 932 1
2556 203 1
2556 3717 1
2556 976 1
2556 919 1
2556 1546 1
2556 1423 1
2556 3228 1
2556 2173 1
2556 456 1
2556 412 1
2556 4009 1
2556 3220 1
2556 699 1
2556 245 1
2556 1088 1
2556 711 1
2556 1892 1
2556 3361 1
2556 5452 1
2556 1075 1
2556 3382 1
2556 2093 1
2556 3659 1
2556 1599 1
2556 5529 1
2556 3524 1
2556 3298 1
2556 1591 1
2556 337 1
2556 3388 1
2556 1891 1
2556 4322 1
2556 1949 1
2556 4712 1
2556 303 1
1530 2245 1
1530 431 1
1530 3575 1
1530 3292 1
1530 5042 1
1530 3805 1
1530 2191 1
1530 4304 1
1819 484 1
1819 5359 1
1819 1847 1
1819 3556 1
1819 1891 1
1819 943 1
1819 1744 1
490 406 1
490 4578 1
490 4817 1
490 266 1
490 2627 1
490 1833 1
490 4542 1
490 4772 1
490 4909 1
490 952 1
490 1710 1
490 1834 1
490 2129 1
490 358 1
490 3247 1
650 132 1
650 235 1
650 2222 1
650 2309 1
650 469 1
650 2054 1
650 539 1
1831 4003 1
1831 166 1
1831 2773 1
1831 80 1
1831 2481 1
1831 3526 1
1831 4513 1
1831 1471 1
1831 1476 1
1831 2222 1
1831 828 1
467 2390 1
467 3640 1
467 1765 1
467 2391 1
467 4325 1
467 1766 1
467 1768 1
2610 3849 1
2610 3713 1
2610 147 1
2610 4074 1
2610 1183 1
2610 5642 1
2610 3356 1
2610 454 1
2610 5576 1
2610 2703 1
2610 4137 1
2610 2363 1
2610 2764 1
2610 51 1
2610 1727 1
2610 2667 1
2610 1061 1
2610 4463 1
2610 700 1
714 786 1
714 368 1
714 2359 1
714 1219 1
714 5160 1
2703 650 1
2703 785 1
2703 3938 1
2703 3206 1
2703 4719 1
2703 1378 1
2179 4415 1
2179 240 1
2179 1975 1
2179 5788 1
2179 2236 1
2179 5890 1
2179 3803 1
2179 706 1
2294 3273 1
2294 277 1
2294 3649 1
2294 3692 1
2294 5334 1
2294 4063 1
2294 954 1
2294 1113 1
2294 2948 1
2294 3822 1
2294 657 1
2294 5121 1
2294 1554 1
2294 2574 1
2294 4936 1
2294 2434 1
2294 1525 1
2294 2170 1
2294 716 1
2294 51 1
2294 5114 1
2294 4274 1
2294 2620 1
2294 3913 1
2294 5863 1
2294 3282 1
2294 1798 1
2294 1543 1
2294 3937 1
2294 755 1
2294 1765 1
2294 1691 1
2294 5249 1
2294 889 1
2294 2724 1
2294 454 1
2294 1789 1
2294 4725 1
2294 4385 1
2294 2739 1
2294 1848 1
2294 703 1
2294 1189 1
2294 5687 1
2294 4584 1
2227 516 1
2227 2222 1
2227 336 1
2227 99 1
2227 2173 1
2227 4880 1
1251 1929 1
1251 3230 1
1251 1558 1
1251 1567 1
1251 1739 1
1251 1802 1
1251 1856 1
1251 1274 1
1251 1206 1
1251 5426 1
1251 5308 1
1251 418 1
1251 2863 1
1251 5154 1
2716 1910 1
2716 1554 1
2716 1785 1
2716 1377 1
2716 3054 1
2716 3973 1
2716 240 1
2716 989 1
2716 3240 1
936 2812 1
936 134 1
936 2813 1
936 2255 1
936 1698 1
376 237 1
376 3982 1
376 4689 1
376 166 1
376 2685 1
376 3432 1
2685 3374 1
2685 270 1
2685 3148 1
2685 3324 1
2685 701 1
646 2623 1
646 2222 1
646 709 1
646 1583 1
646 298 1
646 869 1
646 5325 1
646 774 1
646 2223 1
646 4162 1
1287 2042 1
1287 1900 1
1287 726 1
1287 1925 1
1287 3496 1
1630 987 1
1630 5439 1
1630 1618 1
1630 528 1
1630 5354 1
1630 5513 1
1630 3939 1
1630 500 1
1630 464 1
1687 2269 1
1687 4008 1
1687 534 1
1687 24 1
1687 5502 1
1687 5404 1
1687 3829 1
1687 5370 1
1687 4159 1
1687 5162 1
1687 700 1
1687 162 1
1011 36 1
1011 1739 1
1011 2853 1
1011 284 1
1011 1763 1
1011 4072 1
1011 3791 1
400 1580 1
400 4621 1
400 5528 1
400 633 1
400 2181 1
400 336 1
400 1480 1
400 2805 1
400 762 1
400 972 1
400 2611 1
400 1581 1
400 409 1
400 3793 1
400 1053 1
400 1331 1
1466 869 1
1466 3183 1
1466 1061 1
1466 1222 1
1466 454 1
2299 2666 1
2299 764 1
2299 3849 1
2299 295 1
2299 4140 1
2299 781 1
2299 786 1
2299 4622 1
2299 3654 1
2299 122 1
2299 447 1
2299 4971 1
2299 2062 1
2299 2544 1
2299 4258 1
1664 152 1
1664 773 1
1664 4465 1
1664 60 1
1664 422 1
1664 3432 1
1664 2370 1
2525 5057 1
2525 4722 1
2525 932 1
2525 363 1
2525 2135 1
2525 3462 1
2525 1862 1
136 5226 1
136 625 1
136 188 1
136 259 1
136 2866 1
136 2301 1
136 968 1
136 4002 1
1422 781 1
1422 3992 1
1422 142 1
1422 1943 1
1422 3889 1
1422 2286 1
1422 456 1
1422 2831 1
1422 1172 1
1422 4070 1
1422 2503 1
1422 417 1
1422 1868 1
1422 1843 1
1422 910 1
1422 805 1
1422 3184 1
1422 3686 1
1422 2152 1
1422 4399 1
1117 1643 1
1117 785 1
1117 3203 1
1117 989 1
1117 3202 1
456 1591 1
456 970 1
456 1745 1
456 2844 1
456 966 1
456 1175 1
456 264 1
456 1327 1
456 1346 1
889 178 1
889 2731 1
889 368 1
889 791 1
889 848 1
151 4485 1
151 688 1
151 4286 1
151 689 1
151 198 1
151 1072 1
1903 2080 1
1903 3444 1
1903 3469 1
1903 164 1
1903 651 1
1903 5190 1
1903 4733 1
1903 1039 1
1903 2549 1
1903 704 1
1903 4324 1
1903 4235 1
1903 2994 1
1903 196 1
1903 933 1
1903 3440 1
1903 2871 1
1903 1123 1
1903 2338 1
1903 546 1
825 1196 1
825 403 1
825 534 1
825 3364 1
825 5 1
825 5258 1
825 5775 1
825 5378 1
825 2601 1
825 1188 1
825 3128 1
825 1704 1
825 196 1
825 5710 1
825 3824 1
825 1322 1
825 1084 1
825 4454 1
825 1839 1
545 749 1
545 312 1
545 1221 1
545 1478 1
545 1570 1
55 4622 1
55 240 1
55 1290 1
55 3848 1
55 648 1
35 3300 1
35 4747 1
35 151 1
35 1020 1
35 3669 1
35 2269 1
35 3855 1
733 1328 1
733 247 1
733 2679 1
733 3729 1
733 2821 1
733 2403 1
733 5733 1
733 1827 1
733 5668 1
733 80 1
942 1911 1
942 4284 1
942 881 1
942 2684 1
942 1379 1
942 294 1
1418 1131 1
1418 343 1
1418 298 1
1418 1017 1
1418 3228 1
1418 483 1
1418 5721 1
1418 5693 1
1418 1608 1
2192 1694 1
2192 32 1
2192 5133 1
2192 280 1
2192 927 1
2192 2321 1
2192 270 1
2192 2053 1
2192 2698 1
2192 1073 1
2192 1180 1
2192 968 1
2192 1428 1
2192 699 1
2192 506 1
2192 4769 1
2192 3128 1
2192 452 1
2192 1450 1
2192 1873 1
2192 453 1
2192 1123 1
2192 157 1
1090 3147 1
1090 2126 1
1090 240 1
1090 1310 1
1090 496 1
2653 4646 1
2653 4829 1
2653 808 1
2653 1814 1
2653 1801 1
2653 2164 1
2653 790 1
2653 469 1
2653 5589 1
2653 1580 1
2653 2966 1
2653 4621 1
2653 5144 1
2653 1311 1
2653 5336 1
2653 1355 1
2653 2062 1
2653 1457 1
2653 3602 1
2653 253 1
2653 5135 1
2653 1536 1
2653 5268 1
2653 3200 1
2653 1078 1
2653 3384 1
2653 3903 1
2653 2870 1
2653 1387 1
2653 1070 1
2653 1233 1
2653 1891 1
2653 2210 1
2653 925 1
2653 162 1
2252 759 1
2252 4975 1
2252 3591 1
2252 4493 1
2252 1304 1
2252 10 1
2252 2225 1
2252 3904 1
2252 1415 1
2252 4218 1
2252 2486 1
2252 1336 1
2252 5529 1
2252 3951 1
2252 1507 1
2252 1053 1
2252 1896 1
2252 303 1
1318 2250 1
1318 2908 1
1318 1123 1
1318 3154 1
1318 829 1
1318 362 1
1052 1579 1
1052 3063 1
1052 3238 1
1052 4565 1
1052 1665 1
1052 3065 1
1052 4622 1
1052 2514 1
1052 634 1
1052 1569 1
1052 3066 1
1052 184 1
2217 4764 1
2217 1864 1
2217 2447 1
2217 1223 1
2217 2554 1
2217 2870 1
2217 447 1
2217 4517 1
2217 496 1
2217 1233 1
2217 5410 1
1038 18 1
1038 1637 1
1038 1713 1
1038 989 1
1038 1551 1
1038 1474 1
2423 2544 1
2423 2833 1
2423 3430 1
2423 1000 1
2423 3247 1
2423 4706 1
1460 178 1
1460 594 1
1460 3137 1
1460 4816 1
1460 753 1
1460 1468 1
1460 3750 1
1460 189 1
1460 3816 1
1738 422 1
1738 795 1
1738 469 1
1738 346 1
1738 2297 1
1738 142 1
1738 848 1
1738 456 1
1738 425 1
1738 417 1
1738 426 1
1738 4070 1
1738 34 1
2030 5886 1
2030 433 1
2030 1724 1
2030 3843 1
2030 3782 1
2030 2941 1
2030 4104 1
586 1017 1
586 1086 1
586 1541 1
586 2097 1
586 3100 1
586 2813 1
586 190 1
586 2995 1
586 5421 1
586 319 1
586 946 1
586 3184 1
586 554 1
586 2095 1
1154 2670 1
1154 1189 1
1154 1160 1
1154 867 1
1154 1021 1
1154 1288 1
1154 1536 1
2402 1259 1
2402 2702 1
2402 2634 1
2402 294 1
2402 2909 1
2402 3055 1
929 32 1
929 39 1
929 172 1
929 914 1
929 843 1
929 382 1
929 5527 1
929 4839 1
929 4067 1
929 5647 1
929 5378 1
929 2368 1
929 1402 1
929 1069 1
929 1903 1
929 4344 1
929 2884 1
929 2222 1
929 2800 1
929 4707 1
929 486 1
929 157 1
929 3304 1
929 431 1
2055 4259 1
2055 2953 1
2055 1566 1
2055 787 1
2055 2968 1
2055 4895 1
2055 4370 1
2055 3860 1
2055 3322 1
2055 1228 1
2055 4924 1
2055 157 1
2055 2479 1
2055 290 1
2224 1018 1
2224 1092 1
2224 878 1
2224 1896 1
2224 3023 1
591 2104 1
591 5668 1
591 1925 1
591 567 1
591 2773 1
591 4335 1
1672 4263 1
1672 1708 1
1672 1427 1
1672 927 1
1672 203 1
1672 80 1
1672 3991 1
1672 835 1
1672 3202 1
1672 2857 1
1672 2112 1
1672 1228 1
1672 178 1
1672 153 1
1672 3247 1
1672 4712 1
1672 5551 1
1672 233 1
2292 2597 1
2292 447 1
2292 170 1
2292 785 1
2292 284 1
2292 3302 1
2292 528 1
2518 2187 1
2518 1582 1
2518 5392 1
2518 4535 1
2518 2909 1
1344 3363 1
1344 1184 1
1344 172 1
1344 889 1
1344 3121 1
1344 1088 1
1344 960 1
1344 435 1
1344 1590 1
1344 1177 1
1344 1105 1
2784 5424 1
2784 1207 1
2784 5425 1
2784 3635 1
2784 1570 1
1697 155 1
1697 403 1
1697 1688 1
1697 2809 1
1697 5 1
1697 2768 1
1697 4247 1
1697 188 1
1697 4017 1
1697 1922 1
1697 3092 1
1697 5877 1
1697 2873 1
1697 3940 1
1697 1996 1
1697 4019 1
1697 3128 1
1697 447 1
1697 4018 1
1697 2329 1
1697 1710 1
1697 1701 1
1697 3631 1
1697 3310 1
1697 1053 1
1697 431 1
2378 4135 1
2378 1940 1
2378 4555 1
2378 1219 1
2378 456 1
2378 404 1
2378 5580 1
2378 822 1
2378 447 1
2378 3502 1
2378 2981 1
2378 4067 1
1015 650 1
1015 3651 1
1015 2790 1
1015 2115 1
1015 879 1
1015 1536 1
305 568 1
305 3812 1
305 203 1
305 1710 1
305 101 1
305 1002 1
305 1137 1
305 198 1
305 5353 1
2326 4120 1
2326 5271 1
2326 704 1
2326 1013 1
2326 199 1
2326 1223 1
2326 447 1
2326 818 1
2326 3435 1
2326 1904 1
2326 938 1
2326 2001 1
2193 3534 1
2193 4517 1
2193 3004 1
2193 4497 1
2193 1244 1
2193 3822 1
1142 5247 1
1142 5840 1
1142 2609 1
1142 2755 1
1142 2470 1
11 42 1
11 28 1
11 739 1
11 2278 1
11 1327 1
1708 4123 1
1708 447 1
1708 3860 1
1708 1739 1
1708 734 1
1708 5119 1
1708 695 1
1708 3726 1
1708 2961 1
1708 4028 1
938 2001 1
938 1431 1
938 1091 1
938 20 1
938 447 1
938 50 1
938 1904 1
938 3383 1
938 938 1
938 1489 1
938 4770 1
535 1836 1
535 4114 1
535 5625 1
535 1956 1
535 1955 1
535 23 1
535 1224 1
535 291 1
535 447 1
535 1957 1
535 4010 1
535 1954 1
1539 5739 1
1539 3089 1
1539 4701 1
1539 808 1
1539 2864 1
1539 341 1
1539 3713 1
1539 1580 1
1539 534 1
1539 889 1
1539 4939 1
1539 1038 1
1539 5020 1
1539 1533 1
1539 2760 1
1539 271 1
1539 4009 1
1539 2878 1
1539 1892 1
1539 3532 1
1539 438 1
1539 1177 1
1539 235 1
1539 1326 1
1539 2085 1
1539 1891 1
1539 157 1
1539 943 1
1155 4579 1
1155 4710 1
1155 1085 1
1155 463 1
1155 4368 1
978 5815 1
978 2481 1
978 5733 1
978 4611 1
978 2696 1
846 1566 1
846 462 1
846 463 1
846 2636 1
846 476 1
846 2691 1
846 93 1
846 5763 1
846 175 1
846 3650 1
2183 1253 1
2183 3056 1
2183 5809 1
2183 166 1
2183 1885 1
2183 1968 1
414 1610 1
414 881 1
414 648 1
414 1257 1
414 763 1
414 12 1
414 246 1
414 3693 1
414 248 1
414 4334 1
414 294 1
414 989 1
414 1563 1
414 5369 1
414 3774 1
414 848 1
414 3991 1
414 1219 1
414 3538 1
414 783 1
414 3753 1
414 704 1
414 4023 1
414 3409 1
414 329 1
414 4327 1
414 4844 1
414 1764 1
414 206 1
414 1738 1
414 497 1
414 604 1
414 4559 1
414 361 1
414 1620 1
414 1461 1
414 7 1
414 243 1
414 4470 1
414 882 1
414 4907 1
414 738 1
414 2313 1
414 3188 1
414 1621 1
414 4243 1
414 535 1
414 5443 1
414 1480 1
414 3092 1
414 320 1
414 5430 1
414 5311 1
414 3242 1
414 483 1
414 614 1
414 2210 1
2 4939 1
2 1134 1
2 1445 1
2 79 1
2 10 1
2 2961 1
2 4941 1
2 166 1
2 8 1
2 4239 1
1078 1073 1
1078 968 1
1078 3113 1
1078 1979 1
1078 5438 1
1078 5575 1
1078 307 1
1078 5311 1
1078 3890 1
1078 3524 1
1078 4843 1
1078 1199 1
1078 3887 1
2768 1732 1
2768 4683 1
2768 2652 1
2768 4209 1
2768 3612 1
1878 2706 1
1878 4964 1
1878 650 1
1878 1969 1
1878 3720 1
2271 795 1
2271 5202 1
2271 496 1
2271 1335 1
2271 3490 1
2271 578 1
2688 1890 1
2688 1524 1
2688 3872 1
2688 1959 1
2688 2710 1
2688 2194 1
2688 203 1
2688 817 1
2688 4035 1
2688 3745 1
2688 1709 1
2688 5538 1
358 5487 1
358 1438 1
358 1440 1
358 1665 1
358 1046 1
358 1439 1
358 1444 1
358 2318 1
358 645 1
358 4511 1
358 2993 1
358 4252 1
358 2374 1
358 381 1
358 2248 1
358 1851 1
358 320 1
358 2759 1
358 2938 1
358 1441 1
358 4914 1
358 1071 1
358 42 1
358 4421 1
358 4783 1
358 1442 1
2533 1633 1
2533 5358 1
2533 2789 1
2533 2218 1
2533 2357 1
2533 2530 1
2533 1000 1
2533 4514 1
1181 4280 1
1181 4247 1
1181 60 1
1181 4169 1
1181 2978 1
1629 679 1
1629 785 1
1629 1774 1
1629 497 1
1629 34 1
2489 2479 1
2489 1916 1
2489 5890 1
2489 904 1
2489 2927 1
2489 2530 1
2622 5400 1
2622 4809 1
2622 1298 1
2622 966 1
2622 3520 1
2622 5696 1
2622 3271 1
2622 2870 1
2622 1709 1
2622 4280 1
2622 2884 1
2622 2411 1
2622 4773 1
2622 5431 1
2622 938 1
2622 2001 1
2622 3814 1
2622 1583 1
2080 2367 1
2080 2857 1
2080 283 1
2080 2462 1
2080 4263 1
2080 218 1
2080 2968 1
2080 1624 1
2080 164 1
2080 1029 1
2080 848 1
2080 1219 1
2080 594 1
2080 2888 1
2080 4393 1
2080 4116 1
2080 583 1
2080 1188 1
2080 703 1
2080 4530 1
2080 1582 1
2080 677 1
2080 4394 1
2080 81 1
2080 162 1
2080 157 1
2080 4712 1
2080 1808 1
2023 17 1
2023 422 1
2023 5288 1
2023 4335 1
2023 3285 1
2023 2295 1
2023 1037 1
2023 2968 1
2023 3615 1
2023 4114 1
2023 270 1
2023 863 1
2023 271 1
2023 4137 1
2023 788 1
2023 4397 1
2023 447 1
2023 1582 1
2023 1617 1
2023 157 1
1451 234 1
1451 294 1
1451 5085 1
1451 1250 1
1451 32 1
1451 1447 1
1451 3713 1
1451 2410 1
1451 2084 1
1451 894 1
1451 261 1
1451 1802 1
1451 156 1
1451 271 1
1451 3714 1
1451 2055 1
1451 1991 1
1451 2724 1
1451 545 1
1451 1976 1
1451 3727 1
1451 580 1
1451 2446 1
1451 1847 1
1451 5489 1
1451 2876 1
1451 4002 1
2540 1179 1
2540 782 1
2540 848 1
2540 535 1
2540 4380 1
2540 199 1
2540 634 1
2540 1203 1
2540 2426 1
2540 2349 1
2540 1049 1
2540 3109 1
2540 4655 1
1063 1803 1
1063 4881 1
1063 2085 1
1063 1847 1
1063 2508 1
1063 4241 1
1063 1810 1
1063 275 1
1063 1103 1
1063 2658 1
2442 395 1
2442 3310 1
2442 2309 1
2442 3621 1
2442 904 1
2442 271 1
1051 1836 1
1051 5779 1
1051 3862 1
1051 152 1
1051 2256 1
1051 1815 1
1051 3965 1
1051 3471 1
1051 3061 1
1051 704 1
1051 33 1
1051 5836 1
1051 708 1
1051 828 1
1051 2403 1
1583 939 1
1583 581 1
1583 1200 1
1583 1340 1
1583 1477 1
1583 1606 1
1583 5192 1
1583 1346 1
748 1828 1
748 3666 1
748 965 1
748 624 1
748 2551 1
748 106 1
748 60 1
748 2435 1
748 1830 1
748 259 1
605 60 1
605 2140 1
605 6 1
605 2141 1
605 938 1
2064 2158 1
2064 2576 1
2064 4663 1
2064 238 1
2064 227 1
2064 1053 1
2064 5731 1
2064 1568 1
1934 1933 1
1934 787 1
1934 2218 1
1934 4109 1
1934 4923 1
1934 1183 1
1934 2962 1
1934 3833 1
1934 4260 1
1934 715 1
1934 2000 1
1934 778 1
1934 1219 1
1934 454 1
1934 3619 1
1934 3824 1
1934 2964 1
1934 827 1
1934 3646 1
1934 3322 1
1934 161 1
1934 2093 1
1934 2751 1
1934 1714 1
1934 4459 1
1934 752 1
1934 3539 1
1934 5546 1
1934 81 1
1934 1510 1
1934 2792 1
1934 3375 1
92 2654 1
92 69 1
92 2975 1
92 1623 1
92 3141 1
92 966 1
1093 80 1
1093 2204 1
1093 188 1
1093 259 1
1093 738 1
1093 848 1
2638 4819 1
2638 722 1
2638 4697 1
2638 3415 1
2638 3496 1
618 878 1
618 3903 1
618 4010 1
618 2161 1
618 1219 1
215 2873 1
215 1092 1
215 1328 1
215 4689 1
215 483 1
215 355 1
794 1179 1
794 4737 1
794 1939 1
794 2218 1
794 274 1
794 2251 1
794 2384 1
794 407 1
794 1308 1
794 1606 1
794 5051 1
794 757 1
794 1848 1
794 744 1
794 1591 1
794 938 1
794 956 1
794 2531 1
794 1000 1
794 175 1
2008 2034 1
2008 2937 1
2008 206 1
2008 528 1
2008 1431 1
2008 2371 1
2008 5702 1
2008 4253 1
2008 4744 1
2008 2479 1
2270 2923 1
2270 2704 1
2270 279 1
2270 426 1
2270 1724 1
2270 195 1
2270 1626 1
2270 29 1
2270 360 1
849 3668 1
849 1683 1
849 2672 1
849 152 1
849 1554 1
849 3025 1
849 4683 1
849 2318 1
849 2058 1
849 3026 1
849 968 1
849 2549 1
849 703 1
849 4146 1
849 2288 1
849 2346 1
849 2641 1
849 4796 1
849 2338 1
849 162 1
1355 3691 1
1355 430 1
1355 447 1
1355 2051 1
1355 3792 1
1383 5529 1
1383 1387 1
1383 2805 1
1383 413 1
1383 3048 1
1032 5512 1
1032 1854 1
1032 1591 1
1032 3036 1
1032 904 1
724 2379 1
724 3397 1
724 2519 1
724 650 1
724 700 1
724 4998 1
724 1725 1
1467 1227 1
1467 3086 1
1467 1725 1
1467 808 1
1467 1090 1
2425 3004 1
2425 4911 1
2425 1246 1
2425 2113 1
2425 1477 1
2425 246 1
2425 5566 1
2425 3161 1
2425 238 1
2425 294 1
2425 158 1
2425 1485 1
2425 2084 1
2425 3006 1
2425 4221 1
2425 271 1
2425 1854 1
2425 694 1
2425 4280 1
2425 537 1
2425 3435 1
2425 3758 1
2425 4645 1
2425 5021 1
2425 1715 1
2425 841 1
2425 1243 1
2425 3934 1
2425 1729 1
2425 2143 1
2425 1694 1
2425 1738 1
2425 604 1
2425 3203 1
2425 3535 1
2425 1534 1
2425 1461 1
2425 749 1
2425 1753 1
2425 1456 1
2425 2982 1
2425 1703 1
2425 1188 1
2425 399 1
2425 5435 1
2425 446 1
2425 1223 1
2425 1203 1
2425 2027 1
2425 4910 1
2254 4075 1
2254 3461 1
2254 10 1
2254 482 1
2254 4559 1
2254 864 1
549 3304 1
549 848 1
549 202 1
549 17 1
549 2723 1
549 40 1
549 706 1
509 4088 1
509 4249 1
509 4689 1
509 5614 1
509 223 1
509 1521 1
509 92 1
509 1894 1
509 4356 1
1941 3359 1
1941 2169 1
1941 1739 1
1941 522 1
1941 3779 1
1941 712 1
1941 2170 1
1941 5708 1
1941 1325 1
1941 3640 1
1941 2478 1
1941 2160 1
1941 1105 1
1941 1891 1
1941 5858 1
1941 1711 1
115 469 1
115 1975 1
115 3239 1
115 2004 1
115 531 1
115 1002 1
115 530 1
115 2084 1
115 5 1
115 535 1
115 650 1
115 4380 1
115 4419 1
115 2758 1
115 425 1
115 532 1
115 315 1
115 5184 1
115 327 1
115 4915 1
115 54 1
115 1976 1
115 447 1
115 580 1
115 1070 1
115 1591 1
115 2385 1
115 4668 1
115 2202 1
115 34 1
2355 5551 1
2355 951 1
2355 2890 1
2355 4220 1
2355 1571 1
2355 1190 1
2355 4239 1
1970 16 1
1970 2698 1
1970 341 1
1970 1254 1
1970 4285 1
1970 111 1
1970 578 1
1223 4557 1
1223 2222 1
1223 2705 1
1223 2172 1
1223 2095 1
2237 469 1
2237 1762 1
2237 2394 1
2237 1002 1
2237 2701 1
2237 1311 1
2237 36 1
2237 5579 1
2237 3671 1
2237 1172 1
2237 1013 1
2237 1658 1
2237 4384 1
2237 2362 1
2237 1208 1
2237 409 1
2237 4794 1
2237 1582 1
2237 2103 1
2237 4540 1
2237 3746 1
2237 4514 1
1384 2948 1
1384 3630 1
1384 5239 1
1384 497 1
1384 99 1
1384 4303 1
705 2804 1
705 2343 1
705 218 1
705 403 1
705 781 1
705 1688 1
705 5394 1
705 2681 1
705 3217 1
705 407 1
705 850 1
705 765 1
705 3238 1
705 3591 1
705 839 1
705 289 1
705 2605 1
705 184 1
705 447 1
705 3368 1
705 1604 1
705 235 1
705 2341 1
705 5104 1
705 1233 1
705 3814 1
1715 1092 1
1715 2032 1
1715 695 1
1715 5687 1
1715 1650 1
1715 738 1
1367 5042 1
1367 3609 1
1367 3214 1
1367 2583 1
1367 3313 1
1367 2502 1
1 166 1
1 866 1
1 2331 1
1 288 1
1 403 1
1 4252 1
1 3275 1
1 5 1
1 3868 1
1 210 1
1 4349 1
1 4936 1
1 839 1
1 4513 1
1 76 1
2210 1744 1
2210 60 1
2210 1091 1
2210 4009 1
2210 3648 1
2210 5319 1
2210 563 1
2210 1590 1
2210 1325 1
2210 2725 1
2210 1541 1
2210 1123 1
2210 3613 1
63 292 1
63 75 1
63 1637 1
63 1354 1
63 1683 1
2668 5618 1
2668 3593 1
2668 4630 1
2668 44 1
2668 3094 1
2668 507 1
2668 3986 1
2668 3108 1
2668 1422 1
2668 4229 1
2668 1687 1
2668 4746 1
2668 3701 1
2668 2755 1
2668 5508 1
2668 5519 1
2668 404 1
2668 4539 1
2668 3829 1
2668 1600 1
2668 5803 1
2668 5174 1
2668 1476 1
2668 2364 1
2668 2664 1
2668 1698 1
1313 4136 1
1313 481 1
1313 4203 1
1313 5361 1
1313 1187 1
1313 1026 1
1313 1341 1
1313 3592 1
1313 3522 1
1448 1811 1
1448 920 1
1448 270 1
1448 4296 1
1448 271 1
1448 2964 1
1448 5749 1
1448 2752 1
1448 2247 1
1448 2477 1
1448 1976 1
1448 2350 1
1448 2871 1
1448 1720 1
1448 1105 1
1448 1980 1
1448 1123 1
1448 1698 1
2522 1522 1
2522 449 1
2522 1571 1
2522 1053 1
2522 3791 1
2522 4738 1
2753 1919 1
2753 605 1
2753 623 1
2753 3029 1
2753 4865 1
2753 2681 1
2753 4419 1
2753 1608 1
2753 76 1
2753 822 1
2753 55 1
520 5426 1
520 4402 1
520 625 1
520 931 1
520 198 1
520 4605 1
1796 2428 1
1796 294 1
1796 5288 1
1796 269 1
1796 270 1
1796 3152 1
1796 198 1
1796 271 1
1796 788 1
1796 3445 1
1796 4121 1
1796 4804 1
1796 1131 1
1059 5 1
1059 4208 1
1059 3082 1
1059 5201 1
1059 5692 1
1059 2397 1
1059 4271 1
2626 2489 1
2626 2113 1
2626 4249 1
2626 3110 1
2626 1455 1
806 447 1
806 942 1
806 165 1
806 2559 1
806 2103 1
806 2218 1
806 5713 1
806 3728 1
1856 5776 1
1856 3402 1
1856 291 1
1856 2534 1
1856 1949 1
941 1614 1
941 535 1
941 836 1
941 2051 1
941 1896 1
2422 5560 1
2422 5772 1
2422 25 1
2422 449 1
2422 2126 1
2422 336 1
2422 4188 1
2422 4124 1
2422 4733 1
2422 706 1
894 4891 1
894 3239 1
894 4442 1
894 1811 1
894 3606 1
894 1933 1
894 121 1
894 5579 1
894 575 1
894 2737 1
894 2246 1
894 1480 1
894 2827 1
894 4009 1
894 5798 1
894 250 1
894 4699 1
894 2739 1
894 5293 1
894 1464 1
894 447 1
894 2738 1
894 2201 1
894 2116 1
894 421 1
894 2280 1
894 1872 1
2594 294 1
2594 989 1
2594 5492 1
2594 2762 1
2594 1056 1
2594 2394 1
2594 3201 1
2594 280 1
2594 920 1
2594 5566 1
2594 848 1
2594 1167 1
2594 3646 1
2594 3648 1
2594 4406 1
2594 2329 1
2594 1582 1
718 474 1
718 2049 1
718 781 1
718 1611 1
718 681 1
718 166 1
718 5312 1
718 1100 1
718 580 1
718 1008 1
718 823 1
718 230 1
718 34 1
1145 1 1
1145 274 1
1145 5540 1
1145 2455 1
1145 579 1
1145 2834 1
1145 417 1
1145 1092 1
1145 3255 1
1145 1361 1
1145 5789 1
1145 175 1
1145 34 1
960 3537 1
960 965 1
960 2864 1
960 5573 1
960 10 1
960 2865 1
960 60 1
960 4975 1
960 624 1
1805 1017 1
1805 2155 1
1805 3870 1
1805 4133 1
1805 261 1
1805 259 1
1805 189 1
1805 1219 1
1805 5538 1
1270 1604 1
1270 75 1
1270 48 1
1270 241 1
1270 1059 1
1270 1222 1
1270 2224 1
1075 2456 1
1075 447 1
1075 3588 1
1075 1355 1
1075 3109 1
1075 848 1
2471 2106 1
2471 1221 1
2471 304 1
2471 1340 1
2471 540 1
2471 1570 1
2471 1058 1
249 1028 1
249 2990 1
249 1027 1
249 1053 1
249 1480 1
2086 889 1
2086 2700 1
2086 1303 1
2086 3626 1
2086 1105 1
2086 2504 1
2086 962 1
1131 1328 1
1131 2647 1
1131 3708 1
1131 189 1
1131 904 1
732 321 1
732 1867 1
732 368 1
732 3877 1
732 496 1
732 5213 1
732 413 1
732 1640 1
732 4303 1
732 2402 1
252 3347 1
252 3089 1
252 2763 1
252 1038 1
252 3343 1
252 2750 1
252 890 1
252 2478 1
252 2725 1
252 2700 1
252 2991 1
2103 178 1
2103 3289 1
2103 1739 1
2103 3269 1
2103 4208 1
2103 3191 1
2103 3306 1
2103 1318 1
2103 454 1
2103 3791 1
1157 2896 1
1157 2359 1
1157 5244 1
1157 4412 1
1157 3267 1
1157 966 1
1157 5640 1
1157 2223 1
1157 3266 1
2599 1208 1
2599 11 1
2599 1713 1
2599 5603 1
2599 189 1
1435 944 1
1435 401 1
1435 678 1
1435 1775 1
1435 3700 1
1435 5287 1
1435 2958 1
1435 796 1
1435 5190 1
1435 1533 1
1435 3701 1
1435 694 1
1435 1215 1
1435 3819 1
1435 4463 1
2120 1354 1
2120 3555 1
2120 2880 1
2120 93 1
2120 448 1
859 2578 1
859 5521 1
859 2814 1
859 2053 1
859 783 1
859 3390 1
859 1018 1
859 4141 1
859 4146 1
859 1643 1
859 2222 1
859 1392 1
859 1975 1
859 3626 1
859 230 1
859 559 1
859 2338 1
1244 178 1
1244 3982 1
1244 2310 1
1244 3552 1
1244 3426 1
188 2957 1
188 1567 1
188 626 1
188 484 1
188 2135 1
188 291 1
188 2598 1
188 93 1
188 1551 1
2797 2254 1
2797 722 1
2797 1680 1
2797 4791 1
2797 3555 1
2797 1222 1
2797 1315 1
2797 1103 1
980 2804 1
980 1307 1
980 4894 1
980 4215 1
980 346 1
980 1 1
980 684 1
980 2957 1
980 4120 1
980 4334 1
980 1188 1
980 1867 1
980 142 1
980 1029 1
980 2128 1
980 817 1
980 3142 1
980 2888 1
980 2708 1
980 699 1
980 506 1
980 456 1
980 426 1
980 3772 1
980 355 1
980 4898 1
980 3432 1
980 1711 1
980 848 1
139 3651 1
139 1314 1
139 4680 1
139 5231 1
139 416 1
2648 4825 1
2648 452 1
2648 1724 1
2648 1105 1
2648 3452 1
2648 1798 1
1260 5631 1
1260 599 1
1260 1943 1
1260 2737 1
1260 4540 1
1260 3459 1
1260 2918 1
1260 3159 1
1260 1128 1
1803 4132 1
1803 3374 1
1803 2831 1
1803 4639 1
1803 1155 1
1803 422 1
1803 456 1
1803 1166 1
1803 5602 1
1371 421 1
1371 976 1
1371 2967 1
1371 4305 1
1371 142 1
1371 3427 1
1371 4198 1
1371 3613 1
1371 367 1
2352 1163 1
2352 586 1
2352 988 1
2352 1091 1
2352 1871 1
2352 1536 1
2352 4999 1
2352 4620 1
2352 1272 1
2352 2687 1
2352 1328 1
2352 2525 1
2352 4079 1
2352 1584 1
2352 3541 1
2352 3604 1
2352 415 1
2352 4618 1
2352 1731 1
2352 3400 1
2352 1940 1
2352 699 1
2352 501 1
2352 5683 1
2352 3140 1
2352 1061 1
2352 867 1
2352 34 1
2352 3291 1
2352 3989 1
2352 1235 1
2352 4302 1
2352 1226 1
2352 4593 1
2352 3676 1
2352 1798 1
2352 2312 1
2352 2114 1
2352 4615 1
2352 2936 1
2352 3839 1
2352 4907 1
2352 1770 1
2352 764 1
2352 5698 1
2352 5213 1
2352 90 1
2352 2707 1
2352 1450 1
2352 3213 1
2352 31 1
2352 4985 1
2352 5579 1
2352 4238 1
2352 2481 1
2352 1347 1
2352 20 1
2352 2363 1
2352 2870 1
2352 703 1
2352 4208 1
2352 55 1
2352 2513 1
2352 1583 1
2352 674 1
638 876 1
638 2200 1
638 447 1
638 2983 1
638 4017 1
638 3526 1
638 5693 1
213 907 1
213 910 1
213 3184 1
213 5303 1
213 1713 1
213 2829 1
213 1085 1
213 1544 1
213 4557 1
1441 1080 1
1441 4025 1
1441 650 1
1441 3132 1
1441 134 1
1441 136 1
998 2634 1
998 582 1
998 5224 1
998 463 1
998 738 1
1027 1 1
1027 786 1
1027 377 1
1027 3024 1
1027 535 1
1027 4252 1
1027 1347 1
1027 200 1
1027 1600 1
1027 2872 1
1027 1815 1
1027 1643 1
1027 4710 1
1027 2205 1
1027 3432 1
1027 1360 1
507 3583 1
507 2039 1
507 1002 1
507 3217 1
507 3238 1
507 1890 1
507 5612 1
507 1872 1
507 966 1
507 1190 1
507 3317 1
507 2870 1
507 452 1
507 60 1
906 2660 1
906 843 1
906 1534 1
906 528 1
906 4759 1
906 323 1
906 2013 1
906 4968 1
906 1026 1
378 4322 1
378 3977 1
378 4222 1
378 469 1
378 3586 1
378 4954 1
378 1708 1
378 5270 1
378 1311 1
378 274 1
378 3285 1
378 164 1
378 532 1
378 848 1
378 5399 1
378 5425 1
378 2371 1
378 783 1
378 1856 1
378 441 1
378 4582 1
378 263 1
378 1914 1
378 312 1
378 447 1
378 2024 1
378 1049 1
378 1515 1
378 956 1
378 1510 1
378 29 1
378 1512 1
13 3363 1
13 2982 1
13 542 1
13 4954 1
13 36 1
13 49 1
13 2972 1
13 51 1
13 45 1
13 50 1
13 1049 1
13 46 1
13 47 1
1857 3413 1
1857 3879 1
1857 403 1
1857 3224 1
1857 3326 1
1857 5 1
1857 707 1
1857 2112 1
1857 3136 1
1857 1095 1
1857 4513 1
1857 196 1
1857 4715 1
1857 3025 1
1266 2285 1
1266 490 1
1266 1069 1
1266 1887 1
1266 5392 1
1266 3466 1
2211 185 1
2211 2084 1
2211 2721 1
2211 3248 1
2211 1591 1
2211 2218 1
2211 1606 1
673 3182 1
673 1221 1
673 298 1
673 2289 1
673 60 1
673 2627 1
673 358 1
673 2483 1
673 3631 1
673 5709 1
80 389 1
80 343 1
80 3412 1
80 3427 1
80 2182 1
80 2963 1
80 3010 1
2517 5608 1
2517 4997 1
2517 1872 1
2517 535 1
2517 81 1
2517 349 1
2517 3016 1
740 447 1
740 2414 1
740 645 1
740 2314 1
740 642 1
740 878 1
740 2735 1
740 704 1
2467 1174 1
2467 4120 1
2467 2335 1
2467 5707 1
2467 517 1
2467 2384 1
2467 4017 1
2467 4550 1
2467 1789 1
2467 2 1
2467 2217 1
2467 4756 1
2467 5606 1
2467 1351 1
2467 506 1
2467 4275 1
2467 3126 1
2467 1325 1
2467 1518 1
2467 5823 1
2467 4895 1
2467 452 1
2467 1771 1
2467 677 1
2467 4336 1
2467 1847 1
2467 81 1
2467 2949 1
2467 1314 1
2467 3613 1
2467 1058 1
556 3094 1
556 3864 1
556 650 1
556 1219 1
556 5056 1
556 3604 1
556 1854 1
556 1781 1
556 1856 1
556 2013 1
556 1343 1
556 4587 1
556 2350 1
556 3555 1
1682 2129 1
1682 1301 1
1682 99 1
1682 1346 1
1682 1181 1
1682 1359 1
1682 1248 1
1124 4910 1
1124 2245 1
1124 2199 1
1124 1879 1
1124 1605 1
1124 1245 1
1124 2248 1
1124 1071 1
1476 822 1
1476 24 1
1476 2610 1
1476 1124 1
1476 1771 1
1476 1378 1
1476 1442 1
1061 152 1
1061 2052 1
1061 709 1
1061 528 1
1061 23 1
1061 204 1
1061 869 1
1061 324 1
1061 1602 1
803 336 1
803 2000 1
803 4227 1
803 2598 1
803 3762 1
803 4258 1
1686 1537 1
1686 22 1
1686 4502 1
1686 5518 1
1686 2748 1
1686 1224 1
1686 3508 1
1686 5691 1
1686 5558 1
1686 4792 1
1686 3135 1
1686 196 1
1686 2411 1
1686 2513 1
1686 3013 1
1686 486 1
1686 1583 1
762 1183 1
762 5753 1
762 2711 1
762 835 1
762 1021 1
762 4387 1
762 4009 1
762 2750 1
762 2170 1
762 2477 1
762 447 1
762 2350 1
762 2082 1
96 703 1
96 3505 1
96 446 1
96 5143 1
96 2129 1
96 220 1
2748 4299 1
2748 1381 1
2748 5360 1
2748 4972 1
2748 4902 1
2748 5693 1
2748 2760 1
2748 706 1
2559 3455 1
2559 5828 1
2559 1783 1
2559 3057 1
2559 4867 1
2559 232 1
1911 1166 1
1911 357 1
1911 1738 1
1911 422 1
1911 189 1
920 5471 1
920 217 1
920 5284 1
920 2789 1
920 5285 1
920 188 1
920 2790 1
920 1629 1
920 514 1
666 2270 1
666 4373 1
666 2272 1
666 3354 1
666 4882 1
666 5706 1
666 4096 1
666 2273 1
666 524 1
666 1663 1
666 171 1
666 2864 1
666 3235 1
666 168 1
666 2658 1
666 4097 1
666 3091 1
666 4997 1
666 2434 1
666 2170 1
666 3233 1
666 2594 1
666 4819 1
666 2390 1
666 2276 1
666 1803 1
666 3998 1
666 3856 1
666 5181 1
666 1664 1
666 5127 1
666 2277 1
666 3345 1
666 5030 1
666 1043 1
666 2274 1
666 667 1
666 3360 1
666 3077 1
666 23 1
666 3346 1
666 1321 1
666 4725 1
666 3245 1
666 196 1
666 3754 1
666 2949 1
2041 3193 1
2041 5773 1
2041 1931 1
2041 4357 1
2041 4599 1
2041 812 1
2041 965 1
2041 3267 1
2041 3048 1
2041 4288 1
159 4309 1
159 516 1
159 1899 1
159 709 1
159 368 1
159 3676 1
159 1205 1
159 710 1
159 2178 1
36 152 1
36 1554 1
36 153 1
36 650 1
36 785 1
804 4392 1
804 5231 1
804 155 1
804 32 1
804 2580 1
804 3725 1
804 1811 1
804 633 1
804 4383 1
804 121 1
804 2000 1
804 1175 1
804 764 1
804 2173 1
804 4296 1
804 2553 1
804 4926 1
804 2554 1
804 929 1
804 3251 1
804 5498 1
804 4543 1
804 3524 1
804 311 1
804 1596 1
268 1250 1
268 4430 1
268 673 1
268 1819 1
268 342 1
268 1109 1
268 1114 1
268 5121 1
268 4627 1
268 269 1
268 31 1
268 2169 1
268 657 1
268 1104 1
268 10 1
268 1564 1
268 3154 1
268 2504 1
268 1818 1
268 3348 1
268 4838 1
268 5383 1
268 289 1
268 1100 1
268 1715 1
268 822 1
268 2093 1
268 447 1
268 4336 1
268 4372 1
268 580 1
268 3819 1
268 5166 1
268 2085 1
268 240 1
268 4023 1
268 1105 1
268 1378 1
268 3091 1
1483 1486 1
1483 2821 1
1483 1596 1
1483 2638 1
1483 3132 1
1483 1251 1
1483 157 1
1483 1538 1
1945 641 1
1945 915 1
1945 249 1
1945 2702 1
1945 5 1
1945 2178 1
1945 3705 1
1945 702 1
1945 2358 1
1945 447 1
1945 196 1
1945 368 1
1945 2803 1
2487 3942 1
2487 2786 1
2487 3946 1
2487 3352 1
2487 786 1
2487 377 1
2487 261 1
2487 955 1
2487 23 1
2487 3132 1
2487 253 1
2487 3528 1
2487 5135 1
2487 825 1
2487 315 1
2487 190 1
2487 245 1
2487 5639 1
2487 634 1
2487 844 1
2487 179 1
2487 5833 1
2487 535 1
2487 191 1
2487 1815 1
2487 4746 1
2487 3179 1
2487 430 1
2487 1701 1
2487 1008 1
2487 5452 1
2487 3516 1
2487 5527 1
2487 1378 1
2487 2920 1
2487 674 1
176 1998 1
176 17 1
176 284 1
176 771 1
176 5262 1
1966 2937 1
1966 4164 1
1966 203 1
1966 4142 1
1966 2453 1
1966 4774 1
1966 93 1
1966 5442 1
768 500 1
768 1447 1
768 218 1
768 1929 1
768 2454 1
768 781 1
768 3582 1
768 3210 1
768 3612 1
768 1219 1
768 3988 1
768 3899 1
768 4981 1
768 4551 1
768 76 1
768 2483 1
768 822 1
768 319 1
768 2341 1
768 4976 1
768 60 1
1918 580 1
1918 2603 1
1918 3422 1
1918 453 1
1918 1546 1
1918 1194 1
1918 1180 1
1918 1980 1
1918 136 1
466 3726 1
466 1335 1
466 1516 1
466 5361 1
466 975 1
1079 3150 1
1079 261 1
1079 3114 1
1079 1713 1
1079 60 1
1079 5190 1
1079 701 1
1079 3186 1
1079 463 1
1079 1666 1
1916 1899 1
1916 16 1
1916 4247 1
1916 3804 1
1916 646 1
1916 3880 1
1916 1808 1
2182 16 1
2182 291 1
2182 2408 1
2182 1519 1
2182 1520 1
796 4374 1
796 2133 1
796 63 1
796 1665 1
796 1046 1
796 1149 1
796 3604 1
796 3131 1
796 1095 1
796 447 1
796 2500 1
796 828 1
796 2278 1
796 2536 1
796 3503 1
641 39 1
641 2207 1
641 1034 1
641 195 1
641 1405 1
641 2319 1
641 3092 1
641 1208 1
641 3506 1
641 5483 1
641 368 1
641 1256 1
641 34 1
2101 978 1
2101 2222 1
2101 3013 1
2101 3781 1
2101 5245 1
2101 1602 1
1577 4491 1
1577 2222 1
1577 1829 1
1577 92 1
1577 5545 1
1577 1442 1
229 953 1
229 4836 1
229 30 1
229 5328 1
229 1870 1
229 2420 1
229 5329 1
229 1908 1
229 2408 1
229 5282 1
2431 4877 1
2431 403 1
2431 2701 1
2431 5881 1
2431 2596 1
2431 5 1
2431 336 1
2431 266 1
2431 2627 1
2431 1277 1
2431 2196 1
2431 1786 1
2431 1100 1
2431 2483 1
2431 1069 1
2431 196 1
2431 624 1
2431 4067 1
2431 3631 1
2431 4258 1
2492 1359 1
2492 1559 1
2492 5372 1
2492 497 1
2492 1116 1
2492 3024 1
2492 189 1
2492 3119 1
2492 578 1
1013 3954 1
1013 174 1
1013 2231 1
1013 2801 1
1013 4226 1
291 1814 1
291 4127 1
291 2052 1
291 2123 1
291 4631 1
291 2737 1
291 4252 1
291 451 1
291 2374 1
291 5433 1
291 1211 1
291 1214 1
291 1216 1
291 1095 1
291 2810 1
291 1100 1
291 5427 1
291 2102 1
291 824 1
291 1215 1
291 5426 1
291 4971 1
291 5431 1
291 3852 1
291 2001 1
291 1212 1
291 2938 1
291 541 1
291 2024 1
291 2245 1
528 178 1
528 5579 1
528 1518 1
528 2545 1
528 722 1
528 2333 1
1043 2521 1
1043 1175 1
1043 970 1
1043 241 1
1043 764 1
1043 701 1
353 427 1
353 709 1
353 2807 1
353 3036 1
353 3029 1
353 92 1
353 4402 1
353 4413 1
353 648 1
353 354 1
2362 795 1
2362 3094 1
2362 5077 1
2362 4630 1
2362 1682 1
2362 3321 1
2362 1316 1
2362 3659 1
2362 2302 1
2362 80 1
2362 650 1
2362 4291 1
2362 146 1
2362 5378 1
2362 1785 1
2362 4414 1
2362 4278 1
2362 4653 1
2362 4530 1
2362 3621 1
2362 5603 1
2362 976 1
1699 1068 1
1699 403 1
1699 2809 1
1699 5 1
1699 5553 1
1699 15 1
1699 425 1
1699 1095 1
1699 4769 1
1699 5311 1
1699 3737 1
1699 196 1
1699 3056 1
1699 418 1
1917 1753 1
1917 823 1
1917 30 1
1917 507 1
1917 418 1
1917 3803 1
1917 34 1
540 1199 1
540 239 1
540 4251 1
540 670 1
540 4993 1
540 5420 1
540 4371 1
540 278 1
540 2829 1
540 1979 1
540 152 1
540 4217 1
540 164 1
540 1980 1
540 53 1
540 5187 1
540 765 1
540 1551 1
540 1977 1
540 571 1
540 1018 1
540 4001 1
540 559 1
540 3251 1
540 1974 1
540 5037 1
540 1976 1
540 1604 1
540 2724 1
540 2159 1
540 1975 1
540 5402 1
540 2876 1
540 5094 1
540 1640 1
540 175 1
1684 683 1
1684 5549 1
1684 2007 1
1684 2730 1
1684 13 1
1661 108 1
1661 2803 1
1661 2126 1
1661 2135 1
1661 5427 1
524 2136 1
524 4178 1
524 965 1
524 4170 1
524 515 1
524 1871 1
524 4546 1
524 1918 1
524 1927 1
524 1036 1
524 2806 1
524 1924 1
524 304 1
524 4259 1
524 2771 1
524 5620 1
524 5278 1
524 1686 1
524 2975 1
524 1925 1
524 2243 1
524 5448 1
524 1922 1
524 4265 1
524 5621 1
524 1069 1
524 2411 1
524 1230 1
524 37 1
524 60 1
524 3485 1
524 1455 1
524 2259 1
524 206 1
524 69 1
524 2106 1
524 3212 1
524 4863 1
524 2859 1
524 1310 1
524 4186 1
524 377 1
524 654 1
524 1559 1
524 1990 1
524 1799 1
524 1223 1
524 1186 1
288 530 1
288 3460 1
288 1582 1
288 2833 1
288 5422 1
61 24 1
61 1643 1
61 4945 1
61 3036 1
61 1583 1
2582 2480 1
2582 4631 1
2582 3036 1
2582 2342 1
2582 252 1
2582 4774 1
2582 3581 1
2582 136 1
2582 4812 1
548 118 1
548 591 1
548 808 1
548 2326 1
548 787 1
548 662 1
548 2328 1
548 2000 1
548 3850 1
548 2196 1
548 1100 1
548 4022 1
548 4720 1
548 2231 1
548 938 1
548 2001 1
548 4323 1
548 431 1
2793 4381 1
2793 586 1
2793 4465 1
2793 1038 1
2793 5874 1
2793 317 1
2793 552 1
2793 2447 1
1774 5333 1
1774 1114 1
1774 4097 1
1774 3661 1
1774 403 1
1774 3350 1
1774 4882 1
1774 889 1
1774 4881 1
1774 2507 1
1774 5 1
1774 3343 1
1774 2656 1
1774 1529 1
1774 4160 1
1774 3819 1
1774 2700 1
1774 4817 1
1774 1693 1
1774 5856 1
1774 2991 1
1774 2594 1
1743 2702 1
1743 293 1
1743 208 1
1743 5788 1
1743 4074 1
1743 241 1
1743 4284 1
1743 2703 1
1743 2704 1
167 132 1
167 741 1
167 989 1
167 5077 1
167 679 1
167 3881 1
167 3131 1
167 814 1
167 1189 1
167 739 1
167 742 1
366 5287 1
366 1370 1
366 1811 1
366 1002 1
366 3736 1
366 2322 1
366 4217 1
366 1483 1
366 3646 1
366 645 1
366 2186 1
366 1478 1
366 5501 1
366 1480 1
366 1295 1
366 2580 1
366 294 1
366 1479 1
366 5370 1
366 2849 1
366 1484 1
366 3578 1
366 5176 1
366 2350 1
366 2329 1
366 1476 1
366 2923 1
366 590 1
366 5157 1
366 3205 1
366 3942 1
366 1053 1
366 1058 1
2151 5490 1
2151 2425 1
2151 366 1
2151 4466 1
2151 5047 1
2151 1859 1
2151 2054 1
2151 4264 1
2151 3407 1
365 1765 1
365 3884 1
365 3626 1
365 1533 1
365 2504 1
365 15 1
1370 496 1
1370 2396 1
1370 2245 1
1370 4099 1
1370 1362 1
1370 3603 1
1370 1864 1
1370 1583 1
1370 5762 1
1902 1713 1
1902 3563 1
1902 1879 1
1902 17 1
1902 700 1
1902 3208 1
1902 3759 1
2666 89 1
2666 17 1
2666 2504 1
2666 3439 1
2666 418 1
1773 312 1
1773 2347 1
1773 2222 1
1773 1969 1
1773 1795 1
1773 878 1
2359 3960 1
2359 1761 1
2359 3452 1
2359 5699 1
2359 2223 1
2238 395 1
2238 4517 1
2238 2460 1
2238 5745 1
2238 5116 1
2238 5117 1
2238 5167 1
2746 878 1
2746 1253 1
2746 3191 1
2746 490 1
2746 17 1
2746 867 1
2746 3837 1
2746 1327 1
2746 1602 1
1914 4594 1
1914 3467 1
1914 1902 1
1914 240 1
1914 2135 1
1914 5585 1
1914 3792 1
1914 578 1
1914 136 1
1914 80 1
828 2608 1
828 1263 1
828 1136 1
828 679 1
828 218 1
828 1942 1
828 4749 1
828 284 1
828 5318 1
828 4672 1
828 447 1
828 3225 1
828 5316 1
828 240 1
1995 1208 1
1995 703 1
1995 1055 1
1995 166 1
1995 189 1
1995 2856 1
1995 1935 1
2285 5202 1
2285 427 1
2285 2288 1
2285 1041 1
2285 3292 1
2273 4816 1
2273 3082 1
2273 4605 1
2273 583 1
2273 3640 1
2273 196 1
2273 235 1
2273 4261 1
2273 5201 1
2273 5692 1
2273 3362 1
2273 4271 1
2273 1314 1
2417 1444 1
2417 587 1
2417 5 1
2417 23 1
2417 4732 1
2417 707 1
2417 5318 1
2417 1533 1
2417 200 1
2417 3399 1
2417 2230 1
2417 4671 1
2417 4530 1
2417 2329 1
2417 2672 1
2417 4919 1
2417 2338 1
194 210 1
194 5 1
194 3815 1
194 842 1
194 284 1
194 1554 1
194 840 1
82 452 1
82 395 1
82 87 1
82 394 1
82 5116 1
82 3878 1
82 1469 1
416 3705 1
416 1872 1
416 835 1
416 1533 1
416 3016 1
416 4408 1
416 2239 1
416 452 1
416 814 1
416 1189 1
416 739 1
416 29 1
416 34 1
2405 3572 1
2405 4115 1
2405 3992 1
2405 2335 1
2405 4388 1
2405 398 1
2405 284 1
2405 1478 1
2405 4221 1
2405 20 1
2405 839 1
2405 506 1
2405 3485 1
2405 5370 1
2405 2350 1
2405 55 1
2405 298 1
2405 1233 1
2405 1349 1
2405 3814 1
2405 157 1
2405 1698 1
363 2152 1
363 1380 1
363 166 1
363 189 1
363 40 1
363 1359 1
574 2782 1
574 650 1
574 2300 1
574 5059 1
574 442 1
574 2310 1
574 1315 1
574 3572 1
574 3012 1
1540 341 1
1540 1056 1
1540 164 1
1540 1713 1
1540 4926 1
1540 704 1
1540 1976 1
1540 447 1
1540 178 1
1540 60 1
1540 3814 1
573 214 1
573 4173 1
573 1624 1
573 5297 1
573 1477 1
573 471 1
573 5084 1
573 2051 1
573 445 1
573 2811 1
573 2791 1
573 954 1
573 2060 1
573 2563 1
573 246 1
573 3832 1
573 1151 1
573 968 1
573 1262 1
573 1328 1
573 1642 1
573 4732 1
573 2211 1
573 5103 1
573 4194 1
573 4254 1
573 3029 1
573 5652 1
573 2067 1
573 3222 1
573 2061 1
573 5656 1
573 4511 1
573 2066 1
573 843 1
573 2062 1
573 2445 1
573 848 1
573 2058 1
573 271 1
573 3970 1
573 1547 1
573 63 1
573 2585 1
573 5657 1
573 363 1
573 462 1
573 2090 1
573 190 1
573 5039 1
573 16 1
573 5044 1
573 1243 1
573 1886 1
573 4448 1
573 1255 1
573 4801 1
573 236 1
573 211 1
573 3761 1
573 1764 1
573 5387 1
573 3057 1
573 3133 1
573 264 1
573 5071 1
573 3737 1
573 1534 1
573 2055 1
573 570 1
573 2188 1
573 237 1
573 767 1
573 2052 1
573 366 1
573 2167 1
573 316 1
573 785 1
573 4348 1
573 93 1
573 3751 1
573 3674 1
573 2245 1
573 684 1
573 3219 1
573 1545 1
573 5284 1
573 2190 1
573 2053 1
573 671 1
573 5655 1
573 2698 1
573 5553 1
573 1554 1
573 5064 1
573 4393 1
573 3092 1
573 315 1
573 7 1
573 289 1
573 1355 1
573 2239 1
573 1689 1
573 1136 1
573 55 1
573 2001 1
573 188 1
573 1565 1
1679 1279 1
1679 452 1
1679 2187 1
1679 2288 1
1679 4853 1
1679 2118 1
1679 2600 1
1679 2708 1
512 1109 1
512 2778 1
512 3606 1
512 287 1
512 5390 1
512 4869 1
512 1533 1
512 2465 1
512 1561 1
512 196 1
512 721 1
512 1053 1
512 1896 1
1430 3694 1
1430 1029 1
1430 16 1
1430 4186 1
1430 259 1
1430 3954 1
1430 29 1
1430 3695 1
1430 3248 1
2553 1209 1
2553 2465 1
2553 453 1
2553 2700 1
2553 1765 1
2553 808 1
725 1115 1
725 1582 1
725 368 1
725 4028 1
725 2275 1
725 2845 1
725 1768 1
725 4514 1
725 91 1
725 734 1
725 3576 1
725 881 1
725 648 1
725 2383 1
725 737 1
725 1663 1
725 4484 1
725 5358 1
725 294 1
725 5730 1
725 1493 1
725 3232 1
725 2084 1
725 2384 1
725 10 1
725 3996 1
725 1807 1
725 2235 1
725 704 1
725 3194 1
725 2226 1
725 3435 1
725 2385 1
725 2408 1
725 3913 1
725 436 1
725 1590 1
725 1367 1
725 3482 1
725 2241 1
725 4819 1
725 2390 1
725 3282 1
725 1721 1
725 4814 1
725 5181 1
725 1184 1
725 4955 1
725 437 1
725 1664 1
725 5127 1
725 4449 1
725 432 1
725 4701 1
725 3810 1
725 3358 1
725 3239 1
725 129 1
725 5272 1
725 4260 1
725 5262 1
725 532 1
725 3384 1
725 170 1
725 3571 1
725 3664 1
2375 5531 1
2375 785 1
2375 136 1
2375 4943 1
2375 130 1
729 2478 1
729 1808 1
729 4426 1
729 273 1
729 322 1
729 496 1
694 3281 1
694 4261 1
694 522 1
694 1745 1
694 2034 1
2365 2928 1
2365 2113 1
2365 108 1
2365 1750 1
2365 1081 1
2365 2704 1
2365 2417 1
2365 4546 1
2365 233 1
2365 1466 1
2365 3596 1
2365 2294 1
2365 3693 1
2365 613 1
2365 2703 1
2365 989 1
2365 1519 1
2365 2548 1
2365 1068 1
2365 2579 1
2365 13 1
2365 407 1
2365 3970 1
2365 704 1
2365 696 1
2365 1520 1
2365 329 1
2365 705 1
2365 5724 1
2365 4157 1
2365 1800 1
2365 3138 1
2365 5772 1
2365 749 1
2365 1109 1
2365 5645 1
2365 3213 1
2365 4248 1
2365 658 1
2365 1995 1
2365 2702 1
2365 4631 1
2365 4552 1
2365 911 1
2365 5237 1
2365 1223 1
2365 4428 1
2365 2360 1
2365 1003 1
2365 1591 1
2365 541 1
569 2975 1
569 5650 1
569 708 1
569 679 1
569 2044 1
569 2045 1
569 168 1
569 288 1
1064 1977 1
1064 1636 1
1064 3420 1
1064 698 1
1064 1492 1
1064 5391 1
1740 3690 1
1740 529 1
1740 3494 1
1740 342 1
1740 385 1
1740 1554 1
1740 848 1
1740 2275 1
1740 4751 1
1740 3573 1
1740 1095 1
1740 575 1
1740 196 1
1740 1123 1
1740 4072 1
2430 1528 1
2430 4153 1
2430 5259 1
2430 983 1
2430 515 1
2430 648 1
2430 1492 1
2430 2869 1
2430 3318 1
2430 5775 1
2430 2039 1
2430 5890 1
2430 3029 1
2430 2720 1
2430 1686 1
2430 3167 1
2430 3377 1
2430 5245 1
2430 1922 1
2430 1854 1
2430 1069 1
2430 5183 1
2430 5700 1
2430 2222 1
2430 2602 1
2430 60 1
2430 4425 1
2430 4191 1
2430 3278 1
2430 604 1
2430 1543 1
2430 3958 1
2430 749 1
2430 2480 1
2430 4330 1
2430 291 1
2430 2470 1
2430 1320 1
2430 147 1
2430 1401 1
2430 4746 1
2430 3092 1
2430 4295 1
2430 822 1
2430 196 1
2430 2531 1
2430 4584 1
280 264 1
280 918 1
280 280 1
280 5407 1
280 36 1
280 5015 1
280 835 1
280 1222 1
280 757 1
280 320 1
280 4022 1
280 580 1
280 4782 1
280 4266 1
280 2257 1
280 700 1
280 1123 1
280 1053 1
1515 625 1
1515 3793 1
1515 294 1
1515 2173 1
1515 1295 1
1515 1026 1
1860 4601 1
1860 5614 1
1860 2990 1
1860 3696 1
1860 1085 1
1860 1359 1
364 1373 1
364 4136 1
364 226 1
364 2345 1
364 4128 1
364 1447 1
364 5498 1
364 5499 1
364 3110 1
364 5497 1
364 36 1
364 4478 1
364 3536 1
364 5500 1
364 3266 1
364 1475 1
364 5117 1
364 4771 1
364 2304 1
364 297 1
364 1470 1
364 4853 1
364 1472 1
364 2938 1
364 2483 1
364 1206 1
364 952 1
364 1471 1
364 5426 1
364 4142 1
364 298 1
364 1468 1
364 2662 1
364 1256 1
2429 1483 1
2429 4302 1
2429 2288 1
2429 4727 1
2429 3660 1
2429 2534 1
2429 605 1
2429 2095 1
2312 764 1
2312 706 1
2312 40 1
2312 1903 1
2312 2313 1
2312 155 1
2312 469 1
2312 288 1
2312 295 1
2312 1882 1
2312 4248 1
2312 2335 1
2312 2693 1
2312 5756 1
2312 2685 1
2312 5717 1
2312 3131 1
2312 318 1
2312 3189 1
2312 1018 1
2312 417 1
2312 2879 1
2312 178 1
2312 1632 1
2312 311 1
2312 5585 1
2312 3845 1
2312 3759 1
2312 5026 1
2366 1035 1
2366 901 1
2366 4625 1
2366 28 1
2366 648 1
1191 3567 1
1191 1183 1
1191 3319 1
1191 912 1
1191 275 1
1191 2991 1
1191 2 1
668 2928 1
668 2282 1
668 1105 1
668 4828 1
668 4803 1
668 5490 1
668 2280 1
668 450 1
53 1477 1
53 2160 1
53 5000 1
53 239 1
53 3682 1
1746 235 1
1746 4078 1
1746 5 1
1746 2054 1
1746 5384 1
1485 5151 1
1485 5124 1
1485 843 1
1485 188 1
1485 4611 1
726 2393 1
726 5716 1
726 2981 1
726 3452 1
726 867 1
726 1533 1
726 4488 1
654 5324 1
654 740 1
654 484 1
654 4523 1
654 110 1
654 5 1
654 1680 1
654 3692 1
654 1125 1
654 3907 1
241 884 1
241 795 1
241 4698 1
241 659 1
241 1174 1
241 24 1
241 1567 1
241 3659 1
241 592 1
241 3035 1
241 1290 1
241 4291 1
241 1123 1
241 896 1
241 996 1
241 93 1
241 2611 1
241 4278 1
241 2733 1
241 5345 1
241 1232 1
241 593 1
241 4668 1
241 995 1
241 998 1
241 431 1
241 1245 1
462 1400 1
462 1753 1
462 347 1
462 11 1
462 1422 1
462 528 1
462 3452 1
462 2691 1
462 116 1
462 2479 1
236 420 1
236 261 1
236 976 1
236 650 1
236 4424 1
236 1069 1
236 4645 1
236 2188 1
236 977 1
236 3333 1
236 4963 1
236 2717 1
236 528 1
2705 5758 1
2705 3470 1
2705 4247 1
2705 4341 1
2705 264 1
1327 484 1
1327 1963 1
1327 1662 1
1327 1253 1
1327 17 1
1327 934 1
1327 111 1
1387 2445 1
1387 292 1
1387 2190 1
1387 1713 1
1387 2759 1
1387 3635 1
1387 1453 1
1387 952 1
1387 3519 1
1387 3634 1
1387 1433 1
1387 196 1
1387 933 1
1387 3153 1
1387 4770 1
1942 452 1
1942 2251 1
1942 453 1
1942 1495 1
1942 2225 1
1942 2620 1
1942 4744 1
2331 80 1
2331 4887 1
2331 17 1
2331 828 1
2331 2002 1
2331 648 1
2331 2191 1
2331 2288 1
2452 132 1
2452 5038 1
2452 741 1
2452 215 1
2452 4874 1
2452 4419 1
2452 134 1
2452 605 1
2452 1359 1
39 600 1
39 2017 1
39 447 1
39 497 1
39 284 1
39 163 1
39 786 1
39 1544 1
39 162 1
2062 2569 1
2062 244 1
2062 3611 1
2062 1498 1
2062 1281 1
2062 280 1
2062 287 1
2062 3480 1
2062 5323 1
2062 2958 1
2062 1797 1
2062 1360 1
2062 1559 1
2062 4490 1
2062 4803 1
2062 3144 1
2062 3753 1
2062 71 1
2062 157 1
2062 4150 1
2062 2891 1
2062 5444 1
2062 486 1
2062 4381 1
2062 3631 1
315 287 1
315 5449 1
315 1934 1
315 4997 1
315 1303 1
315 1457 1
315 966 1
315 2045 1
315 3330 1
315 2964 1
315 1223 1
315 506 1
315 3105 1
315 972 1
315 2870 1
315 1976 1
315 1458 1
315 1305 1
315 580 1
315 1233 1
315 3759 1
1954 2193 1
1954 4867 1
1954 93 1
1954 1585 1
1954 3215 1
1954 5538 1
479 2804 1
479 3355 1
479 1805 1
479 543 1
479 1802 1
479 5192 1
479 1538 1
479 3497 1
479 3134 1
479 1018 1
479 1208 1
479 5175 1
479 2534 1
479 4125 1
2321 286 1
2321 428 1
2321 1430 1
2321 1170 1
2321 1175 1
2321 1525 1
2321 757 1
2321 2764 1
2321 1653 1
2321 447 1
2321 805 1
2321 170 1
2321 465 1
2321 2479 1
1760 1919 1
1760 2572 1
1760 4085 1
1760 3293 1
1760 296 1
911 1253 1
911 1200 1
911 463 1
911 3676 1
911 2837 1
911 5282 1
911 989 1
911 2152 1
911 1551 1
911 2288 1
1655 2244 1
1655 4302 1
1655 1445 1
1655 4234 1
1655 3974 1
1655 4797 1
1655 3976 1
461 2457 1
461 1751 1
461 2380 1
461 3400 1
461 1327 1
2726 1051 1
2726 3102 1
2726 2517 1
2726 1824 1
2726 3879 1
2726 3201 1
2726 5645 1
2726 4184 1
2726 971 1
2726 2751 1
2726 1603 1
2726 1222 1
2726 3400 1
2726 5877 1
2726 4641 1
2726 4280 1
2726 703 1
2726 4889 1
2726 1604 1
2726 2862 1
2726 2730 1
2726 1711 1
1202 2498 1
1202 3435 1
1202 2245 1
1202 48 1
1202 3338 1
1202 3110 1
1202 3161 1
1202 271 1
1202 1232 1
2013 5828 1
2013 3947 1
2013 970 1
2013 657 1
2013 2176 1
1459 3725 1
1459 920 1
1459 2328 1
1459 761 1
1459 2084 1
1459 1541 1
1459 5271 1
1459 3722 1
1459 67 1
1459 5574 1
1459 3776 1
1459 2112 1
1459 4172 1
1459 2093 1
1459 818 1
1459 196 1
1459 2667 1
1459 2615 1
1459 4620 1
1459 1285 1
1459 614 1
1459 5491 1
1459 5282 1
617 1183 1
617 910 1
617 2160 1
617 2039 1
617 239 1
617 624 1
2289 4665 1
2289 868 1
2289 817 1
2289 3843 1
2289 360 1
2289 5487 1
2401 1506 1
2401 777 1
2401 2343 1
2401 3116 1
2401 3725 1
2401 4383 1
2401 5138 1
2401 377 1
2401 3492 1
2401 1611 1
2401 4158 1
2401 261 1
2401 2000 1
2401 252 1
2401 4657 1
2401 3709 1
2401 642 1
2401 1337 1
2401 2491 1
2401 3366 1
2401 1984 1
2401 289 1
2401 4716 1
2401 2367 1
2401 3609 1
2401 1306 1
2401 4133 1
2401 2288 1
2401 3304 1
2401 34 1
1295 4134 1
1295 2452 1
1295 2817 1
1295 270 1
1295 1948 1
1295 788 1
1295 958 1
1295 557 1
1295 447 1
1295 1945 1
1295 2001 1
1295 2531 1
1295 3631 1
1718 1337 1
1718 484 1
1718 235 1
1718 926 1
1718 16 1
1718 465 1
1718 166 1
1718 1053 1
1718 1192 1
1718 1551 1
2203 2231 1
2203 1706 1
2203 3612 1
2203 1251 1
2203 5634 1
2203 4189 1
2203 1327 1
2203 5314 1
1797 1549 1
1797 13 1
1797 31 1
1797 2553 1
1797 1873 1
1797 1227 1
1797 270 1
1797 5386 1
1797 945 1
1797 4124 1
1797 5135 1
1797 4009 1
1797 4500 1
1797 446 1
1797 3317 1
1797 3183 1
1797 4385 1
1797 1573 1
1797 1214 1
1797 1018 1
1797 1069 1
1797 1458 1
1797 3105 1
1797 974 1
1797 4645 1
1797 624 1
1797 1591 1
1797 3626 1
1797 1006 1
1797 700 1
1797 355 1
1797 3814 1
1797 4125 1
1797 1839 1
1797 2103 1
1758 2861 1
1758 603 1
1758 2386 1
1758 3696 1
1758 4083 1
2343 409 1
2343 4067 1
2343 453 1
2343 1738 1
2343 1797 1
2343 1187 1
2343 264 1
2343 1263 1
2343 1346 1
1039 756 1
1039 795 1
1039 2262 1
1039 32 1
1039 3524 1
1039 1055 1
1039 530 1
1039 465 1
1039 2640 1
1039 70 1
1039 2173 1
1039 456 1
1039 704 1
1039 1786 1
1039 844 1
1039 1334 1
1039 5037 1
1039 4712 1
1039 452 1
1039 3051 1
1039 396 1
1039 3052 1
1039 614 1
1039 1053 1
1039 3048 1
2296 248 1
2296 36 1
2296 1156 1
2296 240 1
2296 3479 1
2296 5354 1
2296 4282 1
2296 5891 1
2296 379 1
8 2073 1
8 1220 1
8 478 1
8 2125 1
8 2908 1
8 28 1
8 29 1
8 878 1
8 4783 1
8 3522 1
1883 4215 1
1883 4262 1
1883 3670 1
1883 5879 1
1883 4114 1
1883 270 1
1883 3528 1
1883 1167 1
1883 788 1
1883 704 1
1883 964 1
1883 4305 1
1883 2973 1
1883 3816 1
1871 613 1
1871 422 1
1871 4194 1
1871 5372 1
1871 2206 1
1871 1877 1
1871 4501 1
1871 36 1
1871 142 1
1871 1029 1
1871 1815 1
1871 828 1
1871 1354 1
1871 3142 1
1871 2045 1
1871 5668 1
1871 20 1
1871 4774 1
1871 3940 1
1871 2696 1
1871 3276 1
1871 2102 1
1871 1965 1
1871 824 1
1871 3758 1
1871 1457 1
1871 240 1
1871 298 1
1871 1084 1
1871 4195 1
1871 1309 1
1871 360 1
1871 4642 1
1249 1017 1
1249 1572 1
1249 727 1
1249 1674 1
1249 625 1
1249 390 1
1249 4168 1
112 1727 1
112 665 1
112 5175 1
112 3820 1
112 284 1
112 1245 1
112 1280 1
41 3173 1
41 432 1
41 4458 1
41 2245 1
41 166 1
41 904 1
1810 42 1
1810 2374 1
1810 2376 1
1810 4032 1
1810 1607 1
1810 2486 1
1810 5298 1
1810 1476 1
1810 1701 1
1810 439 1
1810 3882 1
1810 2364 1
890 3465 1
890 1109 1
890 602 1
890 36 1
890 3223 1
890 650 1
890 5670 1
890 2465 1
890 1356 1
890 2733 1
890 3819 1
890 1326 1
890 716 1
890 104 1
1520 5533 1
1520 3851 1
1520 1943 1
1520 3125 1
1520 198 1
1520 1405 1
1771 2384 1
1771 5207 1
1771 4945 1
1771 3939 1
1771 1890 1
2253 484 1
2253 235 1
2253 1486 1
2253 3120 1
2253 2794 1
2639 4559 1
2639 586 1
2639 2225 1
2639 700 1
2639 2081 1
2639 1249 1
2639 2050 1
2548 203 1
2548 5652 1
2548 3927 1
2548 198 1
2548 4238 1
2548 354 1
347 2872 1
347 494 1
347 5477 1
347 5478 1
347 5309 1
2438 36 1
2438 846 1
2438 2327 1
2438 76 1
2438 5681 1
2438 2179 1
2438 486 1
2438 4477 1
2438 1583 1
1761 5759 1
1761 5017 1
1761 2542 1
1761 720 1
1761 4087 1
1761 3362 1
598 3364 1
598 2123 1
598 1253 1
598 1367 1
598 2122 1
598 3473 1
598 5571 1
598 2120 1
598 2191 1
1552 1995 1
1552 1175 1
1552 3484 1
1552 850 1
1552 20 1
1552 3829 1
1552 506 1
1552 673 1
1552 2380 1
1552 5165 1
1552 2593 1
1552 1904 1
1552 2129 1
1552 60 1
1552 2787 1
1552 1698 1
1552 5736 1
1552 4642 1
1555 5147 1
1555 5022 1
1555 4993 1
1555 278 1
1555 3597 1
1555 249 1
1555 5137 1
1555 1616 1
1555 284 1
1555 579 1
1555 5192 1
1555 320 1
1555 545 1
1555 1689 1
1555 1139 1
19 4975 1
19 85 1
19 4820 1
19 3201 1
19 1811 1
19 1944 1
19 2574 1
19 80 1
19 10 1
19 4273 1
19 67 1
19 1433 1
19 2918 1
19 4085 1
19 1868 1
19 1453 1
19 665 1
19 452 1
19 4971 1
19 1582 1
19 4976 1
19 81 1
19 4966 1
19 4253 1
19 2280 1
2662 3152 1
2662 924 1
2662 3113 1
2662 1339 1
2662 7 1
2662 4812 1
2662 1331 1
2662 429 1
2662 324 1
2662 1975 1
2662 188 1
1453 1310 1
1453 1360 1
1453 710 1
1453 4241 1
1453 700 1
1453 1798 1
1453 456 1
1453 1327 1
1904 2849 1
1904 5291 1
1904 4 1
1904 4235 1
1904 878 1
1904 1612 1
1904 3196 1
1904 1318 1
1904 3791 1
1904 706 1
746 5291 1
746 4901 1
746 2431 1
746 1578 1
746 2434 1
2592 4005 1
2592 4023 1
2592 92 1
2592 3203 1
2592 390 1
2592 4669 1
2592 40 1
2592 1263 1
2798 280 1
2798 2898 1
2798 3716 1
2798 2923 1
2798 453 1
352 3705 1
352 580 1
352 1571 1
352 738 1
352 1053 1
352 1427 1
352 1346 1
1348 3870 1
1348 3191 1
1348 2195 1
1348 2171 1
1348 529 1
1348 4035 1
1348 1948 1
1348 3267 1
1348 20 1
1348 3136 1
1348 1095 1
1348 1069 1
1348 112 1
1348 55 1
1348 4650 1
1348 60 1
1348 5222 1
1348 3869 1
1410 3597 1
1410 147 1
1410 534 1
1410 2957 1
1410 1595 1
1410 786 1
1410 1550 1
1410 787 1
1410 848 1
1410 5143 1
1410 2076 1
1410 2534 1
1410 328 1
1410 1988 1
1410 320 1
1410 699 1
1410 1726 1
1410 1159 1
1410 1991 1
1410 506 1
1410 4275 1
1410 4282 1
1410 2349 1
1410 703 1
1410 2610 1
1410 1604 1
1410 3563 1
1410 1566 1
1410 2129 1
1410 828 1
1410 1123 1
1410 1894 1
1410 104 1
351 36 1
351 1422 1
351 1424 1
351 5482 1
351 1425 1
351 1578 1
351 3110 1
351 4623 1
351 1423 1
303 4977 1
303 2571 1
303 3909 1
303 55 1
303 1265 1
303 3203 1
303 2706 1
303 2653 1
303 2351 1
2377 60 1
2377 796 1
2377 1587 1
2377 3894 1
2377 1069 1
2377 624 1
2377 298 1
2377 709 1
2377 867 1
2377 616 1
2377 528 1
2692 4120 1
2692 1913 1
2692 5412 1
2692 4869 1
2692 668 1
2692 2243 1
2692 838 1
2692 4473 1
2692 5370 1
2692 5753 1
2692 4676 1
2692 1066 1
2692 3683 1
2692 1583 1
2332 1151 1
2332 2212 1
2332 970 1
2332 2161 1
2332 764 1
959 5756 1
959 936 1
959 1263 1
959 30 1
959 416 1
959 39 1
959 5338 1
959 2860 1
959 2317 1
959 3864 1
959 2468 1
959 3966 1
959 1285 1
959 5200 1
959 1457 1
959 966 1
959 911 1
959 3023 1
959 1228 1
959 1843 1
959 2861 1
959 1604 1
959 1582 1
959 2858 1
959 1507 1
959 2222 1
959 1711 1
2690 3173 1
2690 4620 1
2690 3723 1
2690 1990 1
2690 4691 1
2690 5679 1
1012 2149 1
1012 4336 1
1012 2150 1
1012 2719 1
1012 2274 1
2026 1014 1
2026 2520 1
2026 835 1
2026 1058 1
2026 2082 1
1161 2825 1
1161 4123 1
1161 341 1
1161 32 1
1161 679 1
1161 730 1
1161 1665 1
1161 4842 1
1161 159 1
1161 1872 1
1161 1559 1
1161 963 1
1161 3272 1
1161 1807 1
1161 3860 1
1161 3271 1
1161 1334 1
1161 5841 1
1161 60 1
1161 2147 1
1161 3415 1
2624 311 1
2624 298 1
2624 1724 1
2624 4771 1
2624 102 1
2624 1698 1
95 441 1
95 1733 1
95 619 1
95 4421 1
95 3984 1
95 439 1
95 3153 1
95 444 1
95 2374 1
95 445 1
2339 4569 1
2339 5860 1
2339 3819 1
2339 527 1
2339 4355 1
2339 1167 1
1021 4314 1
1021 22 1
1021 269 1
1021 2847 1
1021 702 1
1021 5271 1
1021 2869 1
1021 1222 1
1021 765 1
1021 72 1
1021 1538 1
1021 3006 1
1021 3008 1
1021 506 1
1021 157 1
1021 4792 1
1021 3007 1
1021 1604 1
1021 270 1
1021 1996 1
1021 867 1
1021 1053 1
1021 1455 1
1809 2961 1
1809 5411 1
1809 3622 1
1809 5787 1
1809 2727 1
1809 3201 1
1809 4260 1
1809 5707 1
1809 517 1
1809 1021 1
1809 1740 1
1809 1069 1
1809 4024 1
1809 447 1
1809 4138 1
1094 473 1
1094 4964 1
1094 4366 1
1094 3984 1
1094 4908 1
1094 1194 1
1094 3153 1
1094 3292 1
1094 1219 1
1707 1604 1
1707 3563 1
1707 3329 1
1707 515 1
1707 3105 1
1707 1519 1
1171 32 1
1171 679 1
1171 3290 1
1171 3350 1
1171 3707 1
1171 2450 1
1171 1038 1
1171 2053 1
1171 80 1
1171 2879 1
1171 968 1
1171 447 1
1171 178 1
1171 5273 1
1171 1966 1
1171 5132 1
1171 1181 1
1434 1370 1
1434 1618 1
1434 4729 1
1434 4964 1
1434 5839 1
1434 586 1
1434 1572 1
1434 867 1
1434 3112 1
1434 175 1
2018 516 1
2018 3982 1
2018 3517 1
2018 936 1
2018 2191 1
1364 1400 1
1364 4113 1
1364 60 1
1364 1219 1
1364 3837 1
727 1518 1
727 4288 1
727 1431 1
727 1162 1
727 1596 1
727 1288 1
727 386 1
2538 4769 1
2538 4062 1
2538 1596 1
2538 341 1
2538 5270 1
2538 2466 1
2538 1597 1
2538 4258 1
2070 155 1
2070 4165 1
2070 3546 1
2070 3457 1
2070 2220 1
2070 280 1
2070 4248 1
2070 4388 1
2070 5374 1
2070 5 1
2070 5143 1
2070 2481 1
2070 1564 1
2070 642 1
2070 2397 1
2070 4295 1
2070 1996 1
2070 4147 1
2070 196 1
2070 4331 1
2070 1454 1
2070 938 1
2070 453 1
2070 867 1
2070 3558 1
1475 4872 1
1475 3169 1
1475 1326 1
1475 1663 1
1475 1580 1
1475 1713 1
1475 680 1
1236 298 1
1236 1188 1
1236 1303 1
1236 840 1
1236 1223 1
1236 5171 1
1236 5170 1
1236 409 1
1236 235 1
1236 1904 1
1236 2231 1
1236 938 1
1236 2001 1
1236 867 1
1236 1570 1
2123 1068 1
2123 1171 1
2123 4427 1
2123 2711 1
2123 2042 1
2123 4428 1
2123 310 1
2123 496 1
2123 4266 1
2123 1058 1
2123 418 1
2087 1950 1
2087 1566 1
2087 1814 1
2087 2053 1
2087 1687 1
2087 778 1
2087 1606 1
2087 1431 1
2087 660 1
2087 3891 1
2087 1343 1
2087 2201 1
2087 875 1
2087 1701 1
2087 867 1
2087 157 1
2087 1327 1
2087 16 1
1798 345 1
1798 3173 1
1798 3178 1
1798 2287 1
1798 4128 1
1798 152 1
1798 4127 1
1798 4657 1
1798 5174 1
1798 2989 1
1798 99 1
1798 4130 1
1640 995 1
1640 4765 1
1640 1704 1
1640 3951 1
1640 3074 1
1634 2616 1
1634 3365 1
1634 795 1
1634 5022 1
1634 1253 1
1634 247 1
1634 1189 1
1634 1787 1
1832 2527 1
1832 4384 1
1832 679 1
1832 3546 1
1832 5453 1
1832 5578 1
1832 408 1
1832 5023 1
1832 1944 1
1832 5637 1
1832 4767 1
1832 284 1
1832 735 1
1832 4242 1
1832 968 1
1832 2575 1
1832 1922 1
1832 3881 1
1832 4155 1
1832 1214 1
1832 1079 1
1832 1715 1
1832 1974 1
1832 3824 1
1832 2103 1
1832 3788 1
1832 5279 1
1832 4156 1
1832 1638 1
1832 175 1
902 4427 1
902 5343 1
902 4119 1
902 2755 1
902 2758 1
902 2760 1
902 3988 1
902 2759 1
902 3916 1
902 703 1
902 2756 1
902 5802 1
902 4677 1
902 669 1
902 1967 1
902 1570 1
1275 5278 1
1275 4614 1
1275 1711 1
1275 1231 1
1275 785 1
1275 1455 1
1275 3485 1
1275 239 1
1275 2498 1
1217 1847 1
1217 4810 1
1217 1105 1
1217 3164 1
1217 5795 1
1217 962 1
1217 4573 1
1217 808 1
1217 5359 1
1217 1250 1
946 542 1
946 3285 1
946 32 1
946 996 1
946 5548 1
946 1174 1
946 2414 1
946 1099 1
946 1669 1
946 2826 1
946 1859 1
946 253 1
946 1608 1
946 315 1
946 373 1
946 122 1
946 5175 1
946 3450 1
946 1035 1
946 2866 1
946 823 1
946 1512 1
27 4171 1
27 110 1
27 1445 1
27 112 1
27 113 1
27 242 1
27 8 1
27 111 1
731 215 1
731 4284 1
731 1219 1
731 189 1
731 290 1
2676 2519 1
2676 2476 1
2676 5554 1
2676 264 1
2676 1839 1
2676 3138 1
1143 4402 1
1143 427 1
1143 5214 1
1143 106 1
1143 1478 1
1140 1801 1
1140 158 1
1140 4437 1
1140 3860 1
1140 530 1
1140 5456 1
1140 1606 1
1140 5373 1
1140 1922 1
1140 4116 1
1140 4769 1
1140 2218 1
1140 1510 1
1140 1000 1
1140 1296 1
2370 1005 1
2370 5817 1
2370 2468 1
2370 5708 1
2370 1845 1
2370 1032 1
2446 1712 1
2446 3323 1
2446 497 1
2446 2620 1
2446 2403 1
2446 4278 1
2446 3043 1
2446 2152 1
1166 416 1
1166 4647 1
1166 3073 1
1166 1485 1
1166 787 1
1166 1944 1
1166 1183 1
1166 4632 1
1166 1744 1
1166 2826 1
1166 838 1
1166 4411 1
1166 5370 1
1166 3379 1
1166 1206 1
1166 575 1
1166 4715 1
1166 3670 1
1166 4279 1
1166 5516 1
1166 2973 1
1166 1512 1
1166 1872 1
15 4734 1
15 3237 1
15 4956 1
15 2566 1
15 4957 1
647 2776 1
647 465 1
647 2968 1
647 2224 1
647 2225 1
647 1576 1
647 2191 1
1880 2757 1
1880 16 1
1880 5066 1
1880 3153 1
1880 2524 1
1880 1053 1
1880 802 1
1389 928 1
1389 346 1
1389 1 1
1389 1174 1
1389 799 1
1389 36 1
1389 848 1
1389 4247 1
1389 968 1
1389 1095 1
1389 417 1
1389 3638 1
1389 580 1
1389 368 1
1389 426 1
1389 188 1
1389 739 1
1389 418 1
1389 29 1
1389 34 1
1727 2189 1
1727 31 1
1727 1401 1
1727 835 1
1727 2554 1
1727 1727 1
1727 2216 1
1727 1220 1
1727 1070 1
1727 1061 1
1727 700 1
1727 355 1
1727 157 1
1727 104 1
1879 928 1
1879 1 1
1879 534 1
1879 1055 1
1879 249 1
1879 966 1
1879 840 1
1879 2496 1
1879 839 1
1879 301 1
1879 454 1
1879 739 1
1879 431 1
538 1963 1
538 1630 1
538 2821 1
538 16 1
538 4553 1
538 1002 1
538 4419 1
538 5629 1
538 1455 1
417 1836 1
417 24 1
417 5540 1
417 270 1
417 4304 1
417 271 1
417 20 1
417 762 1
417 1069 1
417 624 1
417 60 1
417 867 1
417 3472 1
2060 4376 1
2060 3717 1
2060 668 1
2060 4547 1
2060 2246 1
2060 2473 1
2060 4769 1
2060 4377 1
2060 1825 1
2060 4203 1
2060 5329 1
2060 355 1
2060 157 1
2060 5532 1
154 990 1
154 2507 1
154 1870 1
154 1477 1
154 695 1
154 4562 1
154 4627 1
861 2263 1
861 1002 1
861 497 1
861 284 1
861 579 1
861 3974 1
861 936 1
1112 32 1
1112 1686 1
1112 3597 1
1112 3608 1
1112 159 1
1112 3705 1
1112 164 1
1112 773 1
1112 80 1
1112 407 1
1112 1969 1
1112 1692 1
1112 326 1
1112 1533 1
1112 4571 1
1112 783 1
1112 1705 1
1112 20 1
1112 4667 1
1112 3902 1
1112 3189 1
1112 5563 1
1112 878 1
1112 1914 1
1112 417 1
1112 3148 1
1112 250 1
1112 1419 1
1112 665 1
1112 1420 1
1112 3365 1
1112 2474 1
1112 4433 1
1112 700 1
1112 34 1
1112 1440 1
1112 2978 1
577 4089 1
577 3999 1
577 3455 1
577 343 1
577 970 1
577 4348 1
577 483 1
577 829 1
577 4399 1
616 2159 1
616 2078 1
616 951 1
616 2138 1
616 269 1
616 164 1
616 1854 1
616 702 1
616 1984 1
616 4659 1
616 3000 1
616 2372 1
616 3374 1
616 823 1
616 5091 1
616 175 1
1388 843 1
1388 2222 1
1388 3470 1
1388 458 1
1388 1218 1
1388 738 1
1388 189 1
1388 3072 1
2681 978 1
2681 2896 1
2681 55 1
2681 3537 1
2681 2706 1
2681 2653 1
385 4875 1
385 5518 1
385 69 1
385 1354 1
385 92 1
385 867 1
385 3037 1
385 648 1
1341 1417 1
1341 2901 1
1341 551 1
1341 1626 1
1341 2945 1
1341 1814 1
1341 3341 1
1341 4144 1
1341 2450 1
1341 5195 1
1341 517 1
1341 284 1
1341 2886 1
1341 527 1
1341 5365 1
1341 2240 1
1341 1069 1
1341 4159 1
1341 2950 1
1341 558 1
1341 4579 1
1341 2150 1
1341 157 1
1341 431 1
1341 3362 1
1663 2224 1
1663 407 1
1663 497 1
1663 2685 1
1663 2504 1
1663 3983 1
1663 5520 1
84 2661 1
84 2094 1
84 401 1
84 547 1
84 3316 1
84 4883 1
84 397 1
84 402 1
84 1828 1
84 398 1
84 399 1
84 2985 1
84 3317 1
84 4014 1
84 4645 1
1044 3012 1
1044 3022 1
1044 1486 1
1044 1535 1
1044 1879 1
1044 220 1
1044 5 1
1044 4413 1
1044 3055 1
1044 1602 1
1778 3751 1
1778 666 1
1778 18 1
1778 1073 1
1778 1180 1
1778 425 1
1778 4667 1
1778 1914 1
1778 1970 1
1778 2734 1
1778 669 1
1778 1071 1
261 2600 1
261 751 1
261 5205 1
261 5377 1
261 403 1
261 3222 1
261 2834 1
261 1188 1
261 5 1
261 3223 1
261 978 1
261 5376 1
261 827 1
261 1075 1
261 1078 1
261 3885 1
261 1080 1
261 1582 1
261 368 1
261 1079 1
261 1884 1
261 1331 1
261 4015 1
162 1809 1
162 1739 1
162 2478 1
162 3344 1
162 721 1
162 1103 1
1066 2281 1
1066 1058 1
1066 912 1
1066 1116 1
1066 2054 1
1066 2760 1
1066 354 1
843 5156 1
843 174 1
843 1301 1
843 317 1
843 2632 1
2598 3062 1
2598 3798 1
2598 88 1
2598 1680 1
2598 468 1
2598 4990 1
2598 1434 1
2598 2290 1
2598 2137 1
2598 5424 1
2598 2551 1
2598 1830 1
2598 3611 1
2598 4565 1
2598 3603 1
2598 4246 1
2598 1048 1
2598 5425 1
2598 2755 1
2598 2374 1
2598 2376 1
2598 5506 1
2598 3769 1
2598 71 1
2598 5324 1
2598 5171 1
2598 4790 1
2598 5677 1
2598 4792 1
2598 4786 1
2598 4270 1
2598 5445 1
2598 2022 1
2598 5154 1
2598 1334 1
2598 4960 1
2598 410 1
2598 3795 1
2598 5834 1
2598 4703 1
2598 5305 1
2598 4302 1
2598 69 1
2598 1226 1
2598 66 1
2598 949 1
2598 3315 1
2598 4863 1
2598 2418 1
2598 729 1
2598 4100 1
2598 3371 1
2598 1832 1
2598 4873 1
2598 3767 1
2598 1665 1
2598 676 1
2598 1674 1
2598 181 1
2598 5634 1
2598 5237 1
2598 3904 1
2598 199 1
2598 2892 1
2598 4787 1
2598 5434 1
2598 4292 1
2598 3059 1
2598 2024 1
1212 147 1
1212 1290 1
1212 2376 1
1212 576 1
1212 1722 1
1212 3122 1
1212 196 1
1212 4791 1
1212 3882 1
1212 5841 1
1212 60 1
1212 867 1
1212 2152 1
1212 290 1
481 1801 1
481 2078 1
481 3744 1
481 679 1
481 1555 1
481 1810 1
481 1809 1
481 270 1
481 840 1
481 2601 1
481 1209 1
481 1786 1
481 3378 1
481 3097 1
481 1085 1
481 47 1
2044 731 1
2044 1183 1
2044 264 1
2044 2923 1
2044 1518 1
2044 1614 1
2044 2300 1
2044 904 1
2605 2653 1
2605 4773 1
2605 111 1
2605 3480 1
2605 5278 1
2605 2471 1
2605 1281 1
2605 4795 1
2605 2706 1
2605 5493 1
2605 3965 1
2605 4539 1
2605 4414 1
2605 1909 1
2605 5498 1
2605 819 1
2605 5818 1
2605 3519 1
2605 5157 1
2605 112 1
2605 5564 1
2605 3869 1
2605 1583 1
1571 1055 1
1571 3865 1
1571 1246 1
1571 5706 1
1571 17 1
1571 1724 1
1571 774 1
1571 4527 1
