1068 3095 1
1068 4643 1
1068 739 1
1068 3261 1
1068 5678 1
1068 1967 1
1068 848 1
1438 3703 1
1438 5489 1
1438 4334 1
1438 2499 1
1438 189 1
1438 648 1
406 2655 1
406 357 1
406 867 1
406 1666 1
406 32 1
111 366 1
111 1125 1
111 5116 1
111 3213 1
111 1147 1
111 4944 1
111 650 1
111 508 1
111 3907 1
111 5117 1
111 506 1
111 5174 1
111 867 1
111 1725 1
111 1186 1
2618 767 1
2618 3115 1
2618 270 1
2618 586 1
2618 1254 1
482 811 1
482 878 1
482 1253 1
482 4714 1
482 1754 1
482 1055 1
482 143 1
482 184 1
482 235 1
482 4005 1
482 1583 1
972 1563 1
972 4826 1
972 1157 1
972 336 1
972 1820 1
972 2173 1
972 1551 1
972 5122 1
972 2880 1
972 1786 1
972 605 1
972 2879 1
972 1189 1
1983 2162 1
1983 4153 1
1983 4977 1
1983 1419 1
1983 4012 1
1983 113 1
1983 4499 1
1983 2498 1
2141 17 1
2141 867 1
2141 1062 1
2141 1608 1
2141 1666 1
2719 1625 1
2719 5212 1
2719 2300 1
2719 5798 1
2719 1149 1
589 678 1
589 679 1
589 346 1
589 4127 1
589 1355 1
589 799 1
589 2099 1
589 4811 1
589 3903 1
589 951 1
589 828 1
589 739 1
659 244 1
659 530 1
659 2251 1
659 1687 1
659 5702 1
659 1556 1
659 2252 1
659 2201 1
659 1996 1
659 5180 1
659 1251 1
659 1327 1
381 2480 1
381 2039 1
381 2697 1
381 1524 1
381 1882 1
381 1754 1
381 781 1
381 1488 1
381 817 1
381 2557 1
381 1525 1
381 4513 1
381 2232 1
381 452 1
381 619 1
381 1489 1
381 1053 1
381 371 1
1353 324 1
1353 2224 1
1353 5783 1
1353 4081 1
1353 3587 1
1353 4070 1
1353 1693 1
1353 40 1
2670 146 1
2670 80 1
2670 5034 1
2670 5682 1
2670 4847 1
2670 1666 1
949 3428 1
949 78 1
949 624 1
949 2199 1
949 60 1
949 1026 1
949 2470 1
949 66 1
2416 2545 1
2416 3211 1
2416 2126 1
2416 709 1
2416 4305 1
2416 92 1
2416 738 1
2416 2696 1
2416 1346 1
615 819 1
615 1535 1
615 453 1
615 2284 1
615 3139 1
2755 1574 1
2755 989 1
2755 1960 1
2755 4016 1
2755 416 1
2755 2196 1
2755 2063 1
2755 4217 1
2755 2640 1
2755 125 1
2755 207 1
2755 4905 1
2755 2580 1
2755 2342 1
2755 3745 1
2755 1069 1
2755 1208 1
2755 360 1
2755 1317 1
2755 3772 1
2755 867 1
2755 232 1
2755 431 1
2724 4888 1
2724 904 1
2724 430 1
2724 2789 1
2724 4887 1
2724 2821 1
2724 1608 1
753 679 1
753 1626 1
753 1708 1
753 2451 1
753 1814 1
753 3597 1
753 1055 1
753 2450 1
753 785 1
753 2494 1
753 4869 1
753 80 1
753 1713 1
753 3356 1
753 2685 1
753 1277 1
753 968 1
753 2319 1
753 2452 1
753 702 1
753 757 1
753 1991 1
753 4474 1
753 4940 1
753 2152 1
753 5273 1
753 1092 1
753 5488 1
753 426 1
753 465 1
753 1181 1
753 1128 1
753 2384 1
1481 3751 1
1481 788 1
1481 5151 1
1481 2860 1
1481 918 1
1481 1055 1
1481 18 1
1481 297 1
1481 5646 1
1481 645 1
1481 848 1
1481 3351 1
1481 4668 1
1481 5877 1
1481 454 1
1481 5876 1
1481 4003 1
1481 399 1
1481 3074 1
1481 3753 1
1481 1940 1
1481 699 1
1481 1382 1
1481 3317 1
1481 704 1
1481 583 1
1481 2810 1
1481 4121 1
1481 2990 1
1481 298 1
1481 60 1
1481 1126 1
1481 1181 1
2373 2297 1
2373 36 1
2373 2702 1
2373 2886 1
2373 2813 1
2373 839 1
2373 506 1
2373 1441 1
2373 2483 1
2373 1976 1
2373 447 1
2373 2713 1
2373 1771 1
2373 1070 1
2373 2218 1
2373 157 1
2373 1711 1
2373 4642 1
2132 1258 1
2132 3313 1
2132 1404 1
2132 189 1
2132 3746 1
635 1404 1
635 166 1
635 915 1
635 369 1
635 1409 1
635 403 1
635 1814 1
635 2957 1
635 4427 1
635 3198 1
635 5 1
635 650 1
635 3868 1
635 2191 1
635 1589 1
635 1726 1
635 839 1
635 289 1
635 2872 1
635 4415 1
635 3250 1
635 196 1
635 2800 1
635 298 1
635 867 1
1587 3790 1
1587 1840 1
1587 4778 1
1587 529 1
1587 189 1
1587 2536 1
1587 5026 1
2383 2297 1
2383 548 1
2383 910 1
2383 4529 1
2383 1812 1
2383 757 1
2383 5540 1
2383 289 1
2383 5175 1
2383 178 1
2383 951 1
2383 828 1
2383 867 1
2067 3966 1
2067 5 1
2067 1552 1
2067 5514 1
2067 5169 1
2067 2245 1
2067 5862 1
2067 1437 1
1280 2214 1
1280 3157 1
1280 3488 1
1280 556 1
1280 659 1
1280 3222 1
1280 141 1
1280 4888 1
1280 1311 1
1280 4626 1
1280 2705 1
1280 382 1
1280 4741 1
1280 2015 1
1280 2930 1
1280 4401 1
1280 2627 1
1280 869 1
1280 4521 1
1280 3604 1
1280 3262 1
1280 3701 1
1280 7 1
1280 5754 1
1280 3489 1
1280 76 1
1280 1069 1
1280 3135 1
1280 3634 1
1280 1313 1
1280 5483 1
1280 624 1
1280 60 1
1280 674 1
1280 2629 1
1280 431 1
1280 3490 1
2558 2850 1
2558 1427 1
2558 4795 1
2558 3167 1
2558 5788 1
2558 2364 1
2558 5169 1
2558 4764 1
2558 3142 1
2558 1992 1
2558 655 1
2558 5832 1
2558 1984 1
2558 1223 1
2558 4769 1
2558 3891 1
2558 3506 1
2558 3117 1
2558 2610 1
2558 3737 1
2558 4164 1
2558 1003 1
2558 3665 1
2558 60 1
2558 930 1
2558 1256 1
2558 1698 1
2502 5599 1
2502 2277 1
2502 962 1
2502 1978 1
2502 1533 1
2502 246 1
2502 171 1
2502 1113 1
2502 5291 1
2502 294 1
2502 4819 1
2502 3099 1
2502 788 1
2502 4097 1
2502 1580 1
2502 1043 1
2502 526 1
2502 4944 1
2502 3282 1
2502 271 1
2502 2235 1
2502 3766 1
2502 2085 1
2502 4023 1
2502 1767 1
2502 3283 1
2502 2765 1
2502 4818 1
2502 1209 1
2502 1808 1
2502 92 1
2502 2046 1
2502 1664 1
2502 2700 1
2502 3821 1
2502 1791 1
2502 4325 1
2502 3298 1
2502 4724 1
2502 1109 1
2502 4260 1
2502 23 1
2502 2504 1
2502 4610 1
2502 3604 1
2502 4725 1
2502 332 1
2502 173 1
2502 4799 1
2502 196 1
2502 2150 1
1393 2644 1
1393 217 1
1393 420 1
1393 3217 1
1393 189 1
1393 3874 1
1963 2161 1
1963 4046 1
1963 2053 1
1963 2288 1
1963 5207 1
1963 3057 1
1963 5341 1
1963 680 1
1963 4943 1
344 927 1
344 683 1
344 3914 1
344 1393 1
344 2237 1
344 1387 1
1846 5156 1
1846 4171 1
1846 590 1
1846 4048 1
1846 17 1
1846 200 1
1846 1935 1
1846 3906 1
129 2797 1
129 1407 1
129 1245 1
129 5218 1
129 1440 1
129 479 1
129 2130 1
129 3072 1
129 20 1
129 605 1
129 2734 1
129 2024 1
129 1071 1
2261 287 1
2261 1209 1
2261 1931 1
2261 1808 1
2261 579 1
1667 1109 1
1667 3987 1
1667 3986 1
1667 889 1
1667 5028 1
1667 3351 1
1667 2460 1
1667 2447 1
1667 5749 1
1667 36 1
1667 178 1
1667 793 1
1667 1838 1
1667 4906 1
1667 5841 1
1667 358 1
1793 2693 1
1793 1872 1
1793 710 1
1793 2619 1
1793 1984 1
1793 4935 1
1793 762 1
1793 1441 1
1793 2380 1
1793 2861 1
1793 4152 1
1793 2367 1
1793 616 1
1793 1604 1
1793 421 1
1793 2001 1
1793 956 1
1793 3043 1
1793 157 1
1793 1000 1
1731 580 1
1731 763 1
1731 366 1
1731 2128 1
1731 2788 1
1731 4334 1
1731 390 1
1731 1659 1
1731 648 1
1731 847 1
295 1240 1
295 1017 1
295 1783 1
295 419 1
295 290 1
2272 4569 1
2272 5385 1
2272 5844 1
2272 4567 1
2272 1738 1
2272 5509 1
2272 2946 1
988 244 1
988 2655 1
988 1940 1
988 1836 1
988 531 1
988 2328 1
988 2681 1
988 843 1
988 3536 1
988 279 1
988 2583 1
988 2293 1
988 2301 1
988 0 1
988 2425 1
988 190 1
988 245 1
988 447 1
988 1092 1
988 1643 1
988 99 1
988 614 1
988 5149 1
1853 4183 1
1853 618 1
1853 60 1
1853 3107 1
1853 2114 1
2316 901 1
2316 1695 1
2316 2506 1
2316 4092 1
2316 989 1
2316 2152 1
1065 878 1
1065 162 1
1065 785 1
1065 166 1
1065 189 1
1065 1506 1
2555 3713 1
2555 5535 1
2555 2577 1
2555 4390 1
2555 1122 1
1768 1962 1
1768 1855 1
1768 2954 1
1768 3130 1
1768 4252 1
1768 4335 1
1768 4093 1
1768 4296 1
1768 2127 1
1768 1535 1
761 3219 1
761 570 1
761 1572 1
761 2474 1
761 166 1
672 2231 1
672 3580 1
672 2193 1
672 3941 1
672 4867 1
672 5222 1
672 3869 1
672 1032 1
672 3183 1
672 1538 1
175 2052 1
175 325 1
175 458 1
175 1004 1
175 4648 1
175 770 1
386 4869 1
386 2896 1
386 2258 1
386 5519 1
386 3381 1
386 1538 1
386 189 1
386 1000 1
386 1359 1
386 1346 1
2532 5358 1
2532 5317 1
2532 786 1
2532 189 1
2532 1971 1
2021 132 1
2021 4331 1
2021 3952 1
2021 4330 1
2021 707 1
2021 3814 1
2021 1437 1
2021 1459 1
622 3575 1
622 935 1
622 3732 1
622 3201 1
622 147 1
622 278 1
622 1304 1
622 694 1
622 1298 1
622 2169 1
622 2574 1
622 4575 1
622 5365 1
622 2115 1
622 2580 1
622 1781 1
622 1326 1
622 2170 1
622 4129 1
622 762 1
622 45 1
622 1771 1
622 1582 1
622 3493 1
622 426 1
622 1340 1
622 4125 1
622 4898 1
1838 3769 1
1838 1732 1
1838 4421 1
1838 5808 1
1838 3882 1
1838 2470 1
1838 3059 1
1838 2376 1
555 3289 1
555 2012 1
555 2051 1
555 2562 1
555 136 1
555 866 1
118 5193 1
118 1246 1
118 2272 1
118 1639 1
118 83 1
118 3661 1
118 5177 1
118 5198 1
118 4037 1
118 5194 1
118 4766 1
118 962 1
118 233 1
118 2080 1
118 4096 1
118 954 1
118 2649 1
118 2039 1
118 158 1
118 551 1
118 556 1
118 1554 1
118 548 1
118 1229 1
118 4733 1
118 3855 1
118 3622 1
118 704 1
118 583 1
118 563 1
118 1018 1
118 557 1
118 537 1
118 1899 1
118 974 1
118 549 1
118 4138 1
118 1891 1
118 1896 1
118 431 1
118 546 1
118 3994 1
118 205 1
118 2233 1
118 4324 1
118 1230 1
118 4368 1
118 3715 1
118 2312 1
118 2427 1
118 3623 1
118 1543 1
118 5178 1
118 2877 1
118 3827 1
118 3821 1
118 1791 1
118 882 1
118 234 1
118 1297 1
118 2300 1
118 4181 1
118 147 1
118 543 1
118 889 1
118 517 1
118 3100 1
118 2504 1
118 2050 1
118 1223 1
118 1846 1
118 2221 1
118 2539 1
118 1838 1
118 1648 1
118 908 1
118 3101 1
118 559 1
118 1698 1
1600 4633 1
1600 2119 1
1600 1180 1
1600 40 1
1600 2560 1
2515 3563 1
2515 3371 1
2515 729 1
2515 3339 1
2515 2831 1
2515 2960 1
2515 1905 1
2515 4806 1
2515 1327 1
2515 4256 1
2184 5590 1
2184 580 1
2184 190 1
2184 791 1
2184 3430 1
2184 189 1
2572 1233 1
2572 1872 1
2572 10 1
2572 433 1
2572 966 1
2572 1533 1
2572 2632 1
2572 5647 1
2572 4738 1
2572 1657 1
2572 2107 1
2572 704 1
2572 2247 1
2572 250 1
2572 2465 1
2572 2380 1
2572 173 1
2572 2360 1
2572 1711 1
2572 2103 1
2572 3754 1
2572 593 1
2572 4451 1
2572 1762 1
2572 3304 1
2572 175 1
1358 4933 1
1358 730 1
1358 4345 1
1358 4366 1
1358 80 1
1358 778 1
1358 1273 1
1358 4265 1
1358 1300 1
1358 5816 1
1358 5032 1
1358 2795 1
1358 2341 1
1358 60 1
537 4869 1
537 3792 1
537 10 1
537 5315 1
537 1021 1
537 1295 1
537 1961 1
537 4027 1
537 762 1
537 929 1
537 506 1
537 3256 1
537 46 1
537 4279 1
537 3114 1
1312 3940 1
1312 4197 1
1312 17 1
1312 1795 1
1312 738 1
1312 704 1
372 3086 1
372 5413 1
372 3754 1
372 1500 1
372 1603 1
372 1757 1
372 5378 1
171 484 1
171 4458 1
171 3420 1
171 4680 1
171 418 1
1380 16 1
1380 4733 1
1380 1219 1
1380 3837 1
1380 1533 1
669 1438 1
669 1952 1
669 724 1
669 1281 1
669 1754 1
669 781 1
669 4772 1
669 1355 1
669 2301 1
669 1096 1
669 1812 1
669 3220 1
669 3008 1
669 289 1
669 1100 1
669 312 1
669 2283 1
669 2351 1
669 956 1
669 5350 1
669 1053 1
669 1583 1
669 290 1
1959 4344 1
1959 1896 1
1959 1441 1
1959 2913 1
1959 1187 1
1959 710 1
1959 3837 1
1959 1256 1
1959 1984 1
837 3376 1
837 1694 1
837 2208 1
837 3546 1
837 1413 1
837 3189 1
837 2243 1
837 1922 1
837 916 1
837 1525 1
837 4288 1
837 583 1
837 4769 1
837 506 1
837 4280 1
837 2623 1
837 3762 1
837 875 1
837 5180 1
837 1243 1
837 1217 1
837 205 1
837 607 1
837 5305 1
837 87 1
837 2621 1
837 5698 1
837 1543 1
837 2618 1
837 5260 1
837 4518 1
837 4382 1
837 2220 1
837 4248 1
837 1188 1
837 966 1
837 2 1
837 3006 1
837 4213 1
837 1203 1
837 1709 1
837 703 1
837 1842 1
837 465 1
2234 5845 1
2234 1959 1
2234 4173 1
2234 2968 1
2234 650 1
2234 3965 1
2234 1833 1
2234 1337 1
2234 378 1
2234 3745 1
2234 4022 1
2234 1069 1
2234 1074 1
2234 624 1
2234 4535 1
2234 1233 1
2234 60 1
2234 5661 1
1662 2689 1
1662 3216 1
1662 5553 1
1662 1660 1
1662 3014 1
1662 3773 1
1662 2512 1
1533 1253 1
1533 112 1
1533 649 1
1533 500 1
1533 1447 1
1533 218 1
1533 1554 1
1533 991 1
1533 4597 1
1533 5135 1
1533 2677 1
1533 301 1
1533 319 1
1533 1330 1
1533 2288 1
1533 99 1
1533 1437 1
1463 3524 1
1463 3726 1
1463 1855 1
1463 2423 1
1463 156 1
1463 2339 1
1463 3174 1
1463 3139 1
1463 3727 1
1238 2479 1
1238 2572 1
1238 103 1
1238 965 1
1238 894 1
1238 3596 1
1238 2175 1
1238 5057 1
1238 750 1
1238 1182 1
1238 39 1
1238 4632 1
1238 530 1
1238 1948 1
1238 707 1
1238 386 1
1238 583 1
1238 1185 1
1238 1587 1
1238 1069 1
1238 1087 1
1238 1604 1
1238 2544 1
1238 60 1
1238 1203 1
1238 431 1
1238 1972 1
1238 231 1
1238 705 1
1238 3414 1
1238 2827 1
1238 1738 1
1238 3203 1
1238 774 1
1238 2310 1
1238 3879 1
1238 3958 1
1238 749 1
1238 4907 1
1238 4186 1
1238 147 1
1238 164 1
1238 765 1
1238 1223 1
1238 2778 1
1238 703 1
1238 624 1
1238 1698 1
1238 1186 1
1733 3870 1
1733 5077 1
1733 5152 1
1733 4609 1
1733 781 1
1733 1303 1
1733 227 1
1733 783 1
1733 2508 1
1733 822 1
1733 302 1
1733 1975 1
1733 4305 1
1733 5219 1
1733 162 1
630 55 1
630 5 1
630 2653 1
630 1359 1
630 869 1
473 5579 1
473 2350 1
473 4623 1
473 2595 1
473 1788 1
473 3971 1
473 2165 1
473 2127 1
196 1253 1
196 2608 1
196 1911 1
196 394 1
196 709 1
196 2179 1
196 198 1
196 637 1
700 270 1
700 1253 1
700 16 1
700 5098 1
700 220 1
700 1084 1
700 271 1
700 1506 1
269 1117 1
269 2825 1
269 5108 1
269 1877 1
269 32 1
269 2599 1
269 4180 1
269 671 1
269 2041 1
269 843 1
269 80 1
269 791 1
269 4252 1
269 326 1
269 4093 1
269 5263 1
269 4393 1
269 249 1
269 5242 1
269 2699 1
269 3691 1
269 368 1
269 5131 1
269 209 1
269 1053 1
1304 4651 1
1304 375 1
1304 970 1
1304 2705 1
1304 1148 1
1304 5827 1
1304 5661 1
1304 4672 1
515 1002 1
515 1457 1
515 3334 1
515 40 1
515 1903 1
1461 346 1
1461 1025 1
1461 269 1
1461 4114 1
1461 17 1
1461 279 1
1461 1073 1
1461 271 1
1461 898 1
1461 704 1
1461 580 1
1461 2385 1
1461 2850 1
1461 34 1
1736 2078 1
1736 4877 1
1736 19 1
1736 3597 1
1736 5279 1
1736 1550 1
1736 3863 1
1736 673 1
1736 45 1
1736 3512 1
1736 4415 1
1736 452 1
1736 2350 1
1736 4847 1
1736 209 1
1736 360 1
971 196 1
971 235 1
971 1582 1
971 4167 1
971 407 1
971 5098 1
971 2449 1
971 774 1
971 5597 1
971 3424 1
1337 1483 1
1337 1916 1
1337 2743 1
1337 5226 1
1337 4469 1
1337 354 1
1337 1141 1
1337 290 1
37 901 1
37 5020 1
37 156 1
37 1222 1
37 1032 1
37 4834 1
1243 3073 1
1243 3832 1
1243 1823 1
1243 580 1
1243 2894 1
883 1092 1
883 1582 1
883 202 1
883 99 1
883 1053 1
883 2728 1
883 706 1
808 1242 1
808 2561 1
808 3222 1
808 536 1
808 274 1
808 2425 1
808 3845 1
808 689 1
808 156 1
808 2173 1
808 328 1
808 642 1
808 3705 1
808 1211 1
808 3015 1
808 3123 1
808 1722 1
808 5585 1
808 1181 1
808 4783 1
995 2441 1
995 3316 1
995 158 1
995 2976 1
995 1556 1
995 3213 1
995 536 1
995 658 1
995 1820 1
995 3142 1
995 911 1
995 898 1
995 660 1
995 2928 1
995 810 1
995 1212 1
995 2077 1
995 2735 1
2368 372 1
2368 4635 1
2368 4638 1
2368 346 1
2368 2701 1
2368 531 1
2368 5674 1
2368 269 1
2368 2834 1
2368 1233 1
2368 3659 1
2368 5584 1
2368 2711 1
2368 2570 1
2368 1692 1
2368 5876 1
2368 642 1
2368 20 1
2368 2107 1
2368 757 1
2368 5767 1
2368 545 1
2368 4253 1
2368 819 1
2368 45 1
2368 843 1
2368 4398 1
2368 1100 1
2368 3537 1
2368 4323 1
2368 4637 1
2368 3507 1
2368 34 1
1869 1864 1
1869 3556 1
1869 3526 1
1869 157 1
1869 1000 1
1869 2660 1
2052 4415 1
2052 1842 1
2052 1409 1
2052 240 1
2052 5079 1
2052 988 1
2709 3897 1
2709 36 1
2709 2751 1
2709 3455 1
2709 157 1
2709 5314 1
2498 1483 1
2498 817 1
2498 3016 1
2498 1984 1
2498 20 1
2498 3335 1
2498 1159 1
2498 2849 1
2498 2483 1
2498 54 1
2498 4427 1
2498 3250 1
2498 281 1
2498 2069 1
2498 2853 1
2498 1263 1
2498 298 1
2498 1873 1
2498 867 1
137 4310 1
137 3403 1
137 188 1
137 284 1
137 3782 1
137 3453 1
137 783 1
137 4994 1
137 5229 1
137 4981 1
137 192 1
137 634 1
137 429 1
137 4018 1
137 5227 1
137 3132 1
137 3759 1
2220 953 1
2220 5316 1
2220 4522 1
2220 3537 1
2220 4732 1
2694 2067 1
2694 781 1
2694 1017 1
2694 5156 1
2694 3876 1
2694 4664 1
2694 447 1
2694 25 1
2694 4548 1
2694 1364 1
2694 616 1
2260 3104 1
2260 4268 1
2260 1042 1
2260 270 1
2260 1073 1
2260 1077 1
2260 1533 1
2260 788 1
2260 5822 1
2260 1080 1
2260 447 1
2260 1591 1
2260 4561 1
2260 3430 1
1452 1054 1
1452 379 1
1452 4750 1
1452 1925 1
1452 1812 1
1452 327 1
1452 289 1
1452 301 1
1452 580 1
1452 2871 1
1452 3683 1
1452 763 1
2125 3593 1
2125 2932 1
2125 39 1
2125 5889 1
2125 5115 1
2125 947 1
2125 409 1
2125 1604 1
2125 1061 1
2125 2160 1
2125 3891 1
2125 5167 1
1897 1951 1
1897 3364 1
1897 4110 1
1897 4229 1
1897 1431 1
1897 668 1
1897 4803 1
1897 3087 1
1897 1538 1
1897 5417 1
1897 699 1
1897 2593 1
1897 4022 1
1897 2477 1
1897 780 1
1897 1251 1
1897 2333 1
1897 744 1
1897 1839 1
926 281 1
926 3809 1
926 2795 1
926 3973 1
926 5007 1
926 779 1
926 4550 1
926 189 1
926 936 1
926 1519 1
2667 2075 1
2667 2774 1
2667 4266 1
2667 4663 1
2667 3162 1
2667 2561 1
2667 1068 1
2667 147 1
2667 4630 1
2667 274 1
2667 1401 1
2667 2084 1
2667 1872 1
2667 5143 1
2667 4746 1
2667 3889 1
2667 668 1
2667 2665 1
2667 893 1
2667 968 1
2667 783 1
2667 4994 1
2667 425 1
2667 2147 1
2667 1216 1
2667 332 1
2667 307 1
2667 5839 1
2667 703 1
2667 580 1
2667 4843 1
2667 302 1
2667 5687 1
2667 2188 1
2667 5073 1
2667 316 1
2667 2275 1
2667 1744 1
2667 3741 1
2667 3887 1
2667 4258 1
2091 1744 1
2091 3432 1
2091 849 1
2091 1149 1
2091 1608 1
184 886 1
184 850 1
184 3556 1
184 810 1
184 166 1
184 3965 1
1203 4882 1
1203 3661 1
1203 5599 1
1203 3641 1
1203 5842 1
1203 962 1
1203 5830 1
1203 4096 1
1203 2273 1
1203 1810 1
1203 2458 1
1203 1113 1
1203 4484 1
1203 171 1
1203 3822 1
1203 1527 1
1203 2540 1
1203 4241 1
1203 5795 1
1203 3074 1
1203 989 1
1203 2658 1
1203 3099 1
1203 3670 1
1203 1493 1
1203 551 1
1203 2324 1
1203 3091 1
1203 3734 1
1203 1439 1
1203 2596 1
1203 1038 1
1203 2949 1
1203 1431 1
1203 522 1
1203 722 1
1203 4733 1
1203 275 1
1203 3343 1
1203 3392 1
1203 3257 1
1203 2235 1
1203 830 1
1203 2240 1
1203 5191 1
1203 4836 1
1203 4573 1
1203 563 1
1203 1803 1
1203 4121 1
1203 549 1
1203 4023 1
1203 2763 1
1203 1891 1
1203 2973 1
1203 5480 1
1203 943 1
1203 3344 1
1203 3422 1
1203 3482 1
1203 2241 1
1203 3283 1
1203 2390 1
1203 2253 1
1203 5215 1
1203 3640 1
1203 1209 1
1203 4324 1
1203 3339 1
1203 5838 1
1203 1808 1
1203 3164 1
1203 92 1
1203 262 1
1203 2132 1
1203 1403 1
1203 5118 1
1203 3623 1
1203 2700 1
1203 2285 1
1203 1323 1
1203 1765 1
1203 3345 1
1203 5030 1
1203 2323 1
1203 1250 1
1203 5385 1
1203 667 1
1203 3358 1
1203 1109 1
1203 288 1
1203 3350 1
1203 1677 1
1203 543 1
1203 889 1
1203 4260 1
1203 1735 1
1203 1478 1
1203 2050 1
1203 3604 1
1203 958 1
1203 4725 1
1203 2880 1
1203 2247 1
1203 4900 1
1203 3361 1
1203 3382 1
1203 173 1
1203 3384 1
1203 1768 1
1203 5670 1
1203 4878 1
1203 2725 1
1203 1136 1
1203 682 1
1203 614 1
1203 3571 1
1203 47 1
1203 3234 1
651 2071 1
651 3957 1
651 5696 1
651 4414 1
651 1909 1
651 1728 1
651 460 1
651 2232 1
651 2623 1
651 619 1
651 1904 1
651 2231 1
651 3276 1
651 2001 1
651 1583 1
614 1591 1
614 4554 1
614 2776 1
614 540 1
614 835 1
614 1195 1
614 1053 1
614 5123 1
614 3302 1
2751 3249 1
2751 2780 1
2751 4582 1
2751 2493 1
2751 1359 1
2751 1488 1
2545 2335 1
2545 2350 1
2545 5407 1
2545 1425 1
2545 2568 1
534 1952 1
534 1951 1
534 1948 1
534 4419 1
534 2886 1
534 1807 1
534 1399 1
534 3387 1
534 1726 1
534 1088 1
534 1095 1
534 1953 1
534 1843 1
534 5430 1
534 4001 1
534 1194 1
534 2662 1
534 1949 1
534 4514 1
2257 3304 1
2257 709 1
2257 298 1
2257 4005 1
2257 4648 1
1271 2773 1
1271 5377 1
1271 684 1
1271 19 1
1271 3213 1
1271 4923 1
1271 4754 1
1271 2425 1
1271 2875 1
1271 459 1
1271 1678 1
1271 1290 1
1271 5532 1
1271 451 1
1271 1298 1
1271 200 1
1271 3471 1
1271 770 1
1271 1467 1
1271 2555 1
1271 1223 1
1271 1569 1
1271 2124 1
1271 5299 1
1271 5624 1
1271 3373 1
1271 3438 1
1271 5096 1
1271 2977 1
1271 2923 1
1271 3470 1
1271 5811 1
1271 3952 1
1271 5816 1
1271 2364 1
1271 867 1
1271 4328 1
1271 2192 1
1241 366 1
1241 1989 1
1241 848 1
1241 3733 1
1241 1237 1
1241 1232 1
986 4128 1
986 1447 1
986 1558 1
986 1183 1
986 1739 1
986 5253 1
986 1073 1
986 1538 1
986 3604 1
986 5179 1
986 2507 1
986 196 1
986 517 1
888 2239 1
888 1968 1
888 2730 1
888 3677 1
888 800 1
437 166 1
437 93 1
437 738 1
437 4128 1
437 1683 1
437 269 1
437 4511 1
437 3470 1
437 1684 1
437 4001 1
437 55 1
437 828 1
751 5334 1
751 5208 1
751 5177 1
751 656 1
751 2439 1
751 5741 1
751 4484 1
751 3173 1
751 1527 1
751 4241 1
751 5730 1
751 5620 1
751 551 1
751 3734 1
751 536 1
751 722 1
751 2376 1
751 199 1
751 5298 1
751 4121 1
751 4138 1
751 2594 1
751 219 1
751 3994 1
751 210 1
751 4875 1
751 5118 1
751 58 1
751 1791 1
751 432 1
751 5743 1
751 2846 1
751 1114 1
751 1048 1
751 4772 1
751 517 1
751 23 1
751 4234 1
751 2447 1
751 2247 1
751 4900 1
751 196 1
751 2730 1
452 2843 1
452 32 1
452 5280 1
452 1068 1
452 18 1
452 2763 1
452 1687 1
452 1546 1
452 5571 1
452 1734 1
452 1736 1
452 4628 1
452 2750 1
452 2247 1
452 1735 1
452 3834 1
452 3788 1
452 3885 1
452 5572 1
452 1904 1
452 2508 1
452 290 1
1990 851 1
1990 1742 1
1990 3301 1
1990 913 1
1990 1198 1
1990 147 1
1799 2584 1
1799 3624 1
1799 857 1
1799 1921 1
1799 1514 1
1799 2876 1
1799 4488 1
2493 2894 1
2493 1285 1
2493 1744 1
2493 151 1
2493 28 1
2493 2498 1
2493 176 1
2325 2817 1
2325 3434 1
2325 4931 1
2325 5731 1
2325 4514 1
1232 1646 1
1232 3109 1
1232 5292 1
1232 2065 1
1232 358 1
1232 2344 1
1232 3407 1
1328 4152 1
1328 4242 1
1328 1518 1
1328 4509 1
1328 1544 1
2597 293 1
2597 4784 1
2597 2442 1
2597 4785 1
2597 2716 1
2597 4966 1
2597 1757 1
2597 3059 1
2597 2863 1
2597 5413 1
1321 269 1
1321 5010 1
1321 420 1
1321 3536 1
1321 1470 1
1321 1984 1
1321 844 1
1321 2483 1
1321 3254 1
1321 1197 1
1321 2367 1
1321 4270 1
1321 3537 1
1321 60 1
1321 541 1
1321 5154 1
218 4903 1
218 1427 1
218 918 1
218 3934 1
218 920 1
218 927 1
218 274 1
218 1145 1
218 5310 1
218 5 1
218 80 1
218 919 1
218 4746 1
218 924 1
218 3026 1
218 4040 1
218 4226 1
218 2580 1
218 5307 1
218 5308 1
218 3957 1
218 5312 1
218 4251 1
218 634 1
218 545 1
218 588 1
218 1018 1
218 5293 1
218 5311 1
218 921 1
218 196 1
218 4075 1
218 302 1
218 2213 1
218 4385 1
218 823 1
218 1962 1
218 4869 1
218 925 1
218 1640 1
218 4015 1
486 368 1
486 2420 1
486 27 1
486 2078 1
486 5466 1
486 1355 1
486 138 1
486 2191 1
486 1825 1
486 2288 1
486 3811 1
486 3814 1
486 3688 1
486 1826 1
1408 1253 1
1408 3671 1
1408 1738 1
1408 3580 1
1408 3229 1
1408 1442 1
2212 4003 1
2212 5175 1
2212 860 1
2212 419 1
2212 648 1
612 1312 1
612 1665 1
612 1942 1
612 3736 1
612 1990 1
612 642 1
612 2293 1
612 1313 1
612 1484 1
612 1471 1
612 5678 1
612 5679 1
702 398 1
702 2245 1
702 1350 1
702 4177 1
702 1148 1
702 3491 1
702 882 1
702 2333 1
702 2600 1
702 79 1
419 294 1
419 1378 1
419 602 1
419 1 1
419 298 1
419 1922 1
419 1055 1
419 274 1
419 2084 1
419 3531 1
419 848 1
419 5258 1
419 284 1
419 530 1
419 2685 1
419 783 1
419 320 1
419 5542 1
419 1984 1
419 1325 1
419 3467 1
419 421 1
419 1392 1
419 4059 1
419 1322 1
419 2408 1
1001 417 1
1001 2319 1
1001 2128 1
1001 1911 1
1001 2108 1
1001 2652 1
1001 189 1
1001 3759 1
1001 738 1
1657 1246 1
1657 3978 1
1657 2993 1
1657 2044 1
1657 547 1
1657 4738 1
696 2329 1
696 100 1
696 2327 1
696 5354 1
696 5224 1
1704 87 1
1704 4266 1
1704 579 1
1704 829 1
1704 3151 1
563 4799 1
563 2948 1
563 1647 1
563 4023 1
563 2954 1
563 241 1
563 5030 1
563 1693 1
563 271 1
2547 3665 1
2547 329 1
2547 430 1
2547 2288 1
2547 1006 1
2547 706 1
2547 563 1
2547 1231 1
2547 290 1
2010 5465 1
2010 1064 1
2010 751 1
2010 4316 1
2010 2499 1
2010 4317 1
2010 2403 1
2010 5039 1
2010 162 1
2079 235 1
2079 1486 1
2079 709 1
2079 604 1
2079 1970 1
2079 1245 1
2079 2248 1
2079 1071 1
2079 2208 1
341 798 1
341 1708 1
341 1718 1
341 13 1
341 152 1
341 1560 1
341 164 1
341 382 1
341 4869 1
341 208 1
341 3638 1
341 1219 1
341 5475 1
341 2703 1
341 898 1
341 169 1
341 2668 1
341 318 1
341 1543 1
341 2020 1
341 93 1
341 2678 1
341 2042 1
341 1256 1
341 5273 1
341 1092 1
341 1387 1
341 5473 1
341 752 1
341 1379 1
341 1382 1
341 1384 1
341 2704 1
559 5642 1
559 703 1
559 1804 1
559 92 1
559 157 1
559 1548 1
903 1953 1
903 847 1
903 846 1
903 2245 1
903 1134 1
903 5290 1
903 3464 1
903 15 1
2407 5163 1
2407 688 1
2407 2556 1
2407 5085 1
2407 296 1
2407 1647 1
2407 4400 1
2407 3457 1
2407 403 1
2407 4795 1
2407 1017 1
2407 868 1
2407 5 1
2407 5200 1
2407 2361 1
2407 1802 1
2407 1713 1
2407 404 1
2407 1467 1
2407 1086 1
2407 1530 1
2407 4662 1
2407 4136 1
2407 2329 1
2407 196 1
2407 2702 1
2407 4976 1
2407 4663 1
2785 2386 1
2785 4633 1
2785 5358 1
2785 2903 1
2785 4081 1
2785 5359 1
2133 2478 1
2133 586 1
2133 2275 1
2133 1725 1
2133 5423 1
1559 4520 1
1559 878 1
1559 528 1
1559 1079 1
1559 4667 1
1559 1442 1
1559 189 1
1559 1979 1
1559 1359 1
1559 2158 1
2776 403 1
2776 152 1
2776 543 1
2776 5 1
2776 1350 1
2776 4226 1
2776 5562 1
2776 2247 1
2776 5025 1
2776 58 1
2776 447 1
2776 196 1
2776 1573 1
426 1646 1
426 236 1
426 252 1
426 477 1
426 1647 1
426 3797 1
426 4903 1
426 5548 1
426 3818 1
426 664 1
426 1669 1
426 4111 1
426 2729 1
426 3957 1
426 11 1
426 153 1
426 1643 1
426 4389 1
918 349 1
918 703 1
918 5290 1
918 2787 1
918 2653 1
918 2786 1
975 75 1
975 1262 1
975 2885 1
975 5680 1
975 23 1
975 1890 1
975 966 1
975 2024 1
975 3330 1
2671 2253 1
2671 2489 1
2671 164 1
2671 1518 1
2671 2218 1
153 1915 1
153 607 1
153 2734 1
153 165 1
153 3828 1
153 29 1
393 1560 1
393 536 1
393 1227 1
393 398 1
393 2053 1
393 1559 1
393 1180 1
393 4307 1
393 5524 1
393 1726 1
393 3445 1
393 1088 1
393 1996 1
393 3775 1
393 1561 1
393 4577 1
393 4389 1
393 867 1
393 1711 1
393 1570 1
1982 2294 1
1982 2330 1
1982 589 1
1982 479 1
1982 139 1
1982 847 1
1982 962 1
1982 246 1
1982 2649 1
1982 4202 1
1982 2705 1
1982 2172 1
1982 680 1
1982 1519 1
1982 1122 1
1982 1161 1
1982 1068 1
1982 2579 1
1982 18 1
1982 5369 1
1982 2084 1
1982 4286 1
1982 1546 1
1982 2685 1
1982 2319 1
1982 681 1
1982 1209 1
1982 563 1
1982 779 1
1982 5145 1
1982 1520 1
1982 4020 1
1982 3424 1
1982 3482 1
1982 1240 1
1982 722 1
1982 2233 1
1982 1803 1
1982 1808 1
1982 92 1
1982 1085 1
1982 4692 1
1982 1915 1
1982 5118 1
1982 2700 1
1982 1540 1
1982 1258 1
1982 1250 1
1982 4263 1
1982 1620 1
1982 1055 1
1982 889 1
1982 142 1
1982 5660 1
1982 2247 1
1982 289 1
1982 1203 1
1982 1003 1
1982 1326 1
1982 1565 1
1633 210 1
1633 235 1
1633 1253 1
1633 23 1
1633 594 1
1633 5565 1
801 1074 1
801 36 1
801 901 1
801 5744 1
801 2668 1
801 4714 1
801 5340 1
801 5746 1
801 5766 1
801 4367 1
2199 1220 1
2199 1349 1
2199 336 1
2199 4577 1
2199 4668 1
2199 4040 1
2199 1089 1
2795 3435 1
2795 3662 1
2795 5578 1
2795 860 1
2795 2389 1
2579 5425 1
2579 3732 1
2579 702 1
2579 3527 1
2579 2788 1
2579 3123 1
2579 4018 1
2579 3109 1
2579 368 1
2579 1207 1
2579 188 1
2579 290 1
2348 164 1
2348 1518 1
2348 2053 1
2348 1936 1
2348 3837 1
1477 495 1
1477 226 1
1477 1621 1
1477 3744 1
1477 5799 1
1477 1682 1
1477 901 1
1477 454 1
1477 5524 1
1477 1854 1
1477 5626 1
1477 3745 1
1477 452 1
1477 2222 1
1477 4535 1
1477 2897 1
1477 3653 1
1477 2786 1
1477 3746 1
1836 5886 1
1836 1797 1
1836 3408 1
1836 305 1
1836 1637 1
1836 1794 1
1836 1853 1
1836 1224 1
1836 4162 1
1151 1764 1
1151 5326 1
1151 2039 1
1151 2732 1
1151 3921 1
1151 3261 1
2583 769 1
2583 3094 1
2583 2839 1
2583 5827 1
2583 4777 1
2583 4414 1
2583 4213 1
2583 2660 1
2583 2209 1
2583 5401 1
2583 1732 1
2583 4715 1
2583 174 1
2583 4919 1
2583 4924 1
2583 930 1
2583 546 1
1847 4675 1
1847 1705 1
1847 1940 1
1847 1856 1
1847 3527 1
1847 1325 1
1847 4415 1
1847 1074 1
1847 1131 1
1847 752 1
1847 1053 1
1847 4968 1
1847 34 1
2206 2999 1
2206 206 1
2206 1168 1
2206 2804 1
2206 3484 1
2206 2620 1
2206 4029 1
2206 2184 1
2206 2423 1
1224 100 1
1224 2222 1
1224 3359 1
1224 1532 1
1224 3398 1
1224 989 1
1618 3065 1
1618 4864 1
1618 642 1
1618 3957 1
1618 4295 1
1618 1069 1
1618 2411 1
1618 2469 1
1618 55 1
1618 298 1
1618 4770 1
2576 3326 1
2576 855 1
2576 3249 1
2576 1955 1
2576 646 1
2576 1203 1
2576 5263 1
270 4671 1
270 55 1
270 650 1
270 2954 1
270 1122 1
1622 1151 1
1622 2293 1
1622 267 1
1622 4366 1
1622 4688 1
1622 1706 1
1622 5212 1
1622 4782 1
1622 2927 1
77 2788 1
77 2053 1
77 383 1
77 2833 1
77 189 1
77 4655 1
77 3504 1
2166 560 1
2166 4599 1
2166 2321 1
2166 3184 1
2166 244 1
2166 4896 1
2166 4481 1
2166 321 1
2166 5692 1
2166 4657 1
2166 4477 1
2166 0 1
2166 4897 1
2166 822 1
2166 2221 1
2166 1336 1
2166 4415 1
2166 4249 1
2166 2638 1
2166 240 1
2166 55 1
2166 465 1
2166 593 1
2166 3048 1
2166 4271 1
2166 3874 1
424 45 1
424 4767 1
424 3954 1
424 2167 1
424 2346 1
424 3830 1
424 2988 1
424 1640 1
2491 5782 1
2491 1402 1
2491 5313 1
2491 1264 1
2491 5655 1
2491 5468 1
1099 2081 1
1099 1771 1
1099 1847 1
1099 1980 1
1099 418 1
1099 91 1
1099 1248 1
1099 5740 1
1099 3010 1
1099 233 1
1099 4321 1
1099 3161 1
1099 2798 1
1099 1527 1
1099 680 1
1099 3567 1
1099 3170 1
1099 5589 1
1099 150 1
1099 1951 1
1099 1726 1
1099 5509 1
1099 407 1
1099 1546 1
1099 2886 1
1099 2946 1
1099 3476 1
1099 3233 1
1099 1069 1
1099 2108 1
1099 2991 1
1099 34 1
1099 3382 1
1099 3167 1
1099 1721 1
1099 4677 1
1099 3164 1
1099 3203 1
1099 5382 1
1099 84 1
1099 5118 1
1099 1377 1
1099 2651 1
1099 5411 1
1099 3165 1
1099 1250 1
1099 3383 1
1099 3162 1
1099 1171 1
1099 790 1
1099 1055 1
1099 3016 1
1099 1653 1
1099 2870 1
1099 2733 1
1099 5316 1
1099 5422 1
1099 1053 1
1099 4176 1
1542 3816 1
1542 964 1
1542 1739 1
1542 997 1
1542 1328 1
1542 774 1
1542 648 1
1542 552 1
665 1760 1
665 55 1
665 362 1
665 4017 1
665 2268 1
665 291 1
665 3398 1
665 111 1
665 514 1
133 2577 1
133 2684 1
133 771 1
133 5224 1
133 975 1
463 1757 1
463 286 1
463 288 1
463 2049 1
463 1017 1
463 2891 1
463 1285 1
463 80 1
463 4191 1
463 4166 1
463 2888 1
463 505 1
463 3387 1
463 3776 1
463 1095 1
463 76 1
463 3373 1
463 2222 1
463 1360 1
2181 1500 1
2181 515 1
2181 2498 1
2181 894 1
2181 3596 1
2181 760 1
2181 3673 1
2181 5623 1
2181 3055 1
2181 39 1
2181 986 1
2181 536 1
2181 2975 1
2181 1572 1
2181 2888 1
2181 681 1
2181 5324 1
2181 3635 1
2181 4280 1
2181 2411 1
2181 1463 1
2181 1084 1
2181 5470 1
2181 2453 1
2181 4703 1
2181 1209 1
2181 69 1
2181 1808 1
2181 2140 1
2181 1667 1
2181 774 1
2181 2310 1
2181 949 1
2181 2700 1
2181 749 1
2181 4006 1
2181 2653 1
2181 3213 1
2181 2706 1
2181 1674 1
2181 1457 1
2181 4552 1
2181 1321 1
2181 1223 1
2181 1709 1
2181 4249 1
2181 4773 1
2181 1676 1
2181 1583 1
1220 3597 1
1220 3583 1
1220 580 1
1220 3693 1
1220 341 1
1808 17 1
1808 98 1
1808 2328 1
1808 5041 1
1808 28 1
1808 4137 1
1808 3829 1
1808 506 1
1808 703 1
1808 3944 1
1808 802 1
583 3305 1
583 3926 1
583 5664 1
583 2087 1
583 2092 1
583 403 1
583 5142 1
583 5261 1
583 4127 1
583 3675 1
583 2809 1
583 203 1
583 1669 1
583 5663 1
583 2967 1
583 4661 1
583 271 1
583 2089 1
583 1397 1
583 1856 1
583 289 1
583 694 1
583 3524 1
583 875 1
583 1445 1
583 5662 1
583 2090 1
583 3793 1
583 444 1
583 1949 1
583 2338 1
301 1174 1
301 882 1
301 16 1
301 189 1
301 271 1
1095 793 1
1095 5489 1
1095 880 1
1095 247 1
1095 2449 1
1095 419 1
1095 230 1
1193 3416 1
1193 4139 1
1193 528 1
1193 2007 1
1193 3325 1
1193 1584 1
905 1116 1
905 1253 1
905 1179 1
905 1933 1
905 280 1
905 2763 1
905 1794 1
905 2764 1
905 1976 1
905 409 1
905 3662 1
905 3304 1
1741 844 1
1741 3685 1
1741 1382 1
1741 1053 1
1741 386 1
2728 3634 1
2728 2457 1
2728 3312 1
2728 311 1
2728 4892 1
2344 1456 1
2344 1110 1
2344 1109 1
2344 4609 1
2344 5837 1
2344 2451 1
2344 781 1
2344 543 1
2344 1426 1
2344 1494 1
2344 2864 1
2344 4878 1
2344 799 1
2344 4028 1
2344 4001 1
2344 2575 1
2344 4610 1
2344 2601 1
2344 532 1
2344 3551 1
2344 1141 1
2344 5025 1
2344 698 1
2344 737 1
2344 1092 1
2344 942 1
2344 188 1
2344 739 1
2344 5538 1
2344 3229 1
2344 674 1
342 2856 1
342 1391 1
342 4015 1
342 790 1
342 3259 1
342 671 1
342 274 1
342 927 1
342 3907 1
342 3043 1
342 1551 1
342 571 1
342 1854 1
342 5476 1
342 1018 1
342 5281 1
342 5242 1
342 1392 1
342 2531 1
342 559 1
738 1458 1
738 3666 1
738 1918 1
738 965 1
738 624 1
738 1354 1
738 60 1
738 1347 1
738 2310 1
738 1320 1
2308 4150 1
2308 536 1
2308 4558 1
2308 2245 1
2308 1245 1
2308 1071 1
94 1182 1
94 32 1
94 167 1
94 5139 1
94 792 1
94 2463 1
94 274 1
94 2053 1
94 2954 1
94 433 1
94 2941 1
94 5140 1
94 62 1
94 1185 1
94 3532 1
94 435 1
94 438 1
94 173 1
94 447 1
94 434 1
94 1177 1
94 196 1
94 235 1
94 2382 1
94 431 1
2190 2053 1
2190 4799 1
2190 2876 1
2190 4829 1
2190 2402 1
2475 1209 1
2475 580 1
2475 430 1
2475 1808 1
2475 1155 1
597 644 1
597 1477 1
597 447 1
597 1738 1
597 881 1
597 5541 1
597 221 1
597 847 1
597 784 1
97 2548 1
97 1068 1
97 1430 1
97 269 1
97 1183 1
97 36 1
97 451 1
97 276 1
97 5109 1
97 448 1
97 447 1
97 793 1
97 4198 1
97 2408 1
120 570 1
120 12 1
120 383 1
120 1652 1
120 2976 1
120 3453 1
120 704 1
120 569 1
120 571 1
120 574 1
120 576 1
120 1991 1
120 824 1
120 575 1
120 572 1
120 2024 1
526 1814 1
526 1933 1
526 3664 1
526 75 1
526 1934 1
526 848 1
526 1606 1
526 2685 1
526 1608 1
526 3983 1
526 5545 1
526 20 1
526 3165 1
526 54 1
526 3435 1
526 910 1
526 5603 1
526 418 1
1769 543 1
1769 791 1
1769 17 1
1769 4508 1
1769 3605 1
1779 4933 1
1779 3248 1
1779 5713 1
1779 3366 1
1779 2575 1
1779 1888 1
2754 1183 1
2754 208 1
2754 3470 1
2754 2256 1
2754 1290 1
2754 284 1
2754 3184 1
2754 4597 1
2754 4423 1
2754 1848 1
2754 488 1
2754 580 1
2754 2795 1
2754 2160 1
2754 311 1
2754 99 1
2754 5474 1
2754 29 1
2754 744 1
2754 848 1
2617 2 1
2617 5417 1
2617 4244 1
2617 2165 1
2617 1223 1
2617 2870 1
2617 239 1
2617 1873 1
2617 355 1
2617 29 1
2617 1698 1
1256 1514 1
1256 3081 1
1256 155 1
1256 2326 1
1256 1258 1
1256 1567 1
1256 2706 1
1256 3196 1
1256 5297 1
1256 3453 1
1256 3016 1
1256 2048 1
1256 1991 1
1256 2631 1
1256 2081 1
1256 2380 1
1256 55 1
1256 3409 1
1256 316 1
1256 872 1
2324 2129 1
2324 188 1
2324 291 1
2324 5277 1
2324 3048 1
2324 1327 1
1677 2788 1
1677 1797 1
1677 2000 1
1677 3991 1
1677 1290 1
1677 264 1
1677 1506 1
307 4264 1
307 3157 1
307 1281 1
307 4246 1
307 1921 1
307 24 1
307 2200 1
307 3321 1
307 1285 1
307 5087 1
307 2525 1
307 1841 1
307 5443 1
307 1277 1
307 1282 1
307 425 1
307 1556 1
307 1467 1
307 1095 1
307 3489 1
307 1100 1
307 2329 1
307 5444 1
307 3502 1
307 3877 1
307 60 1
307 4143 1
1024 3700 1
1024 1877 1
1024 4826 1
1024 5761 1
1024 1939 1
1024 4493 1
1024 4347 1
1024 4945 1
1024 1662 1
1024 3011 1
1024 3014 1
1024 765 1
1024 5704 1
1024 5122 1
1024 169 1
1024 5828 1
1024 1600 1
1024 3015 1
1024 506 1
1024 1996 1
1024 1233 1
1024 4280 1
1024 703 1
1024 2870 1
1024 3012 1
1024 624 1
1024 298 1
1024 2129 1
1024 867 1
1024 2914 1
662 1392 1
662 807 1
662 5526 1
662 152 1
662 36 1
662 3973 1
662 3776 1
662 5703 1
662 2230 1
662 5227 1
662 430 1
662 880 1
662 5431 1
662 2222 1
1840 4542 1
1840 1230 1
1840 1495 1
1840 1770 1
1840 2300 1
1840 5218 1
1840 1346 1
2149 3348 1
2149 5121 1
2149 227 1
2149 1549 1
2149 543 1
2149 5113 1
2149 2763 1
2149 5023 1
2149 663 1
2149 5628 1
2149 945 1
2149 3356 1
2149 5187 1
2149 2504 1
2149 2575 1
2149 3074 1
2149 2147 1
2149 4798 1
2149 5184 1
2149 3185 1
2149 3834 1
2149 2465 1
2149 3359 1
2149 2253 1
2149 1690 1
2149 1739 1
2149 3423 1
2149 3600 1
2149 737 1
2149 721 1
2149 4028 1
2149 4451 1
2149 4454 1
2149 1693 1
2149 3560 1
2149 943 1
2149 5520 1
786 528 1
786 2820 1
786 5259 1
786 16 1
786 407 1
786 1386 1
786 3172 1
786 594 1
786 175 1
786 368 1
968 174 1
968 592 1
968 5463 1
968 490 1
968 5244 1
968 5245 1
968 2359 1
1623 513 1
1623 2604 1
1623 659 1
1623 3478 1
1623 152 1
1623 24 1
1623 592 1
1623 60 1
1623 5522 1
1623 1909 1
1623 5882 1
1623 5360 1
1623 2602 1
1623 3772 1
2654 717 1
2654 147 1
2654 3791 1
2654 18 1
2654 1227 1
2654 780 1
2654 2711 1
2654 963 1
2654 5007 1
2654 4030 1
2654 3099 1
2654 1228 1
2654 563 1
2654 1210 1
2654 2989 1
2654 3496 1
2654 1220 1
2654 3819 1
2654 2094 1
2654 3184 1
2654 3340 1
2654 4509 1
2654 4176 1
1901 580 1
1901 1419 1
1901 236 1
1901 2737 1
1901 2162 1
1901 189 1
1901 1398 1
1901 207 1
1901 1506 1
2130 4140 1
2130 792 1
2130 1055 1
2130 3602 1
2130 420 1
2130 2583 1
2130 284 1
2130 4434 1
2130 1608 1
2130 5819 1
2130 1228 1
2130 2226 1
2130 2222 1
2130 3631 1
2130 2060 1
2130 1724 1
2130 230 1
2130 431 1
1696 3545 1
1696 2052 1
1696 4070 1
1696 1533 1
1696 34 1
1787 907 1
1787 535 1
1787 284 1
1787 2909 1
1787 4258 1
214 3452 1
214 3363 1
214 3682 1
214 1493 1
214 914 1
214 913 1
214 1872 1
214 3599 1
214 1833 1
214 5304 1
214 3630 1
214 2928 1
214 3596 1
214 4381 1
214 3234 1
1378 100 1
1378 3627 1
1378 1551 1
1378 4938 1
1378 1702 1
1378 3302 1
1378 847 1
1378 2274 1
1536 2532 1
1536 5195 1
1536 5646 1
1536 5181 1
1536 3810 1
1745 900 1
1745 709 1
1745 3876 1
1745 5445 1
1745 29 1
1745 2816 1
1745 1666 1
2635 1446 1
2635 1417 1
2635 5364 1
2635 167 1
2635 5784 1
2635 3666 1
2635 2196 1
2635 1587 1
2635 1069 1
2635 2872 1
2635 1177 1
2635 5029 1
2635 624 1
2635 4817 1
2635 60 1
2635 431 1
2635 3362 1
1456 2873 1
1456 4523 1
1456 1125 1
1456 3718 1
1456 189 1
1473 1446 1
1473 354 1
1473 2459 1
1473 1580 1
1473 2070 1
1473 60 1
1473 1095 1
1473 3507 1
1473 1069 1
1473 2879 1
1473 196 1
1473 624 1
1473 188 1
835 453 1
835 528 1
835 1738 1
835 2961 1
835 4296 1
1728 4040 1
1728 5768 1
1728 1584 1
1728 2300 1
1728 2204 1
1728 1672 1
2127 2544 1
2127 2292 1
2127 286 1
2127 469 1
2127 218 1
2127 3615 1
2127 126 1
2127 1211 1
2127 5310 1
2127 1984 1
2127 1991 1
2127 319 1
2127 5273 1
2127 880 1
2127 230 1
2127 528 1
1054 5084 1
1054 3075 1
1054 450 1
1054 3072 1
1054 3069 1
1054 3711 1
1054 3826 1
1054 238 1
1054 4400 1
1054 2039 1
1054 4220 1
1054 4390 1
1054 2525 1
1054 3752 1
1054 5769 1
1054 3060 1
1054 4087 1
1054 3073 1
1054 1060 1
1054 3479 1
1054 3484 1
1054 1525 1
1054 4274 1
1054 2073 1
1054 4676 1
1054 875 1
1054 4138 1
1054 4668 1
1054 34 1
1054 841 1
1054 2267 1
1054 3482 1
1054 4819 1
1054 5727 1
1054 2315 1
1054 497 1
1054 604 1
1054 3070 1
1054 1543 1
1054 1398 1
1054 749 1
1054 3563 1
1054 3076 1
1054 4904 1
1054 3183 1
1054 5778 1
1054 2937 1
1054 3077 1
1054 2371 1
1054 2301 1
1054 3074 1
1054 1833 1
1054 20 1
1054 548 1
1054 1197 1
1054 1842 1
1054 5099 1
1054 5585 1
1054 1071 1
2621 1165 1
2621 3992 1
2621 31 1
2621 5585 1
2621 1422 1
2621 323 1
2621 4424 1
2621 1088 1
2621 1991 1
2621 3916 1
2621 2483 1
2621 703 1
2621 1604 1
2621 1899 1
2621 1061 1
2621 431 1
2621 1996 1
2621 3409 1
2621 60 1
2621 867 1
2621 157 1
2621 4328 1
2621 1327 1
1985 5259 1
1985 350 1
1985 1770 1
1985 4330 1
1985 625 1
1985 4486 1
1985 605 1
1985 968 1
1985 175 1
1985 1666 1
1339 3445 1
1339 1603 1
1339 3782 1
1339 2045 1
1339 1534 1
1339 2191 1
1339 386 1
1339 553 1
1339 788 1
1339 757 1
1339 506 1
1339 3379 1
1339 2106 1
1339 4280 1
1339 4200 1
1339 2457 1
1339 2213 1
1339 1711 1
1339 1322 1
1339 867 1
1339 1455 1
1339 3485 1
1339 2483 1
1339 1327 1
1339 5666 1
965 2416 1
965 1674 1
965 2435 1
965 4168 1
965 1572 1
965 1424 1
1885 4203 1
1885 3269 1
1885 4663 1
1885 3288 1
1885 259 1
1885 722 1
1885 34 1
1551 1049 1
1551 3787 1
1551 645 1
1551 4726 1
1551 901 1
1551 4713 1
1551 706 1
2611 1638 1
2611 36 1
2611 5488 1
2611 901 1
2611 80 1
2611 4861 1
2611 2504 1
2611 2366 1
2611 634 1
2611 580 1
2611 3109 1
2611 496 1
2611 426 1
2611 2876 1
2611 968 1
2611 1762 1
2611 3247 1
2333 5343 1
2333 1298 1
2333 1457 1
2333 1070 1
2333 5716 1
2333 593 1
2333 3910 1
2333 660 1
408 1599 1
408 5393 1
408 5532 1
408 5286 1
408 1213 1
408 3586 1
2742 3238 1
2742 5267 1
2742 1385 1
2742 981 1
2742 4896 1
2742 403 1
2742 1554 1
2742 382 1
2742 4932 1
2742 284 1
2742 3313 1
2742 5135 1
2742 297 1
2742 3957 1
2742 5568 1
2742 3911 1
2742 4897 1
2742 76 1
2742 4019 1
2742 3512 1
2742 2098 1
2742 1988 1
2742 2288 1
2742 5836 1
2742 1379 1
2742 232 1
2742 4898 1
2244 1593 1
2244 1168 1
2244 5079 1
2244 5455 1
2244 4546 1
2244 4717 1
2244 2649 1
2244 900 1
2244 5437 1
2244 4241 1
2244 2517 1
2244 2084 1
2244 3086 1
2244 4997 1
2244 5015 1
2244 916 1
2244 2170 1
2244 2611 1
2244 1208 1
2244 2111 1
2244 1873 1
2244 1349 1
2244 867 1
2244 3763 1
2244 329 1
2244 948 1
2244 2453 1
2244 705 1
2244 3800 1
2244 4227 1
2244 3848 1
2244 416 1
2244 873 1
2244 84 1
2244 2700 1
2244 3448 1
2244 1753 1
2244 1540 1
2244 1346 1
2244 777 1
2244 2409 1
2244 1691 1
2244 1591 1
2244 1708 1
2244 3754 1
2244 31 1
2244 2000 1
2244 5820 1
2244 454 1
2244 2813 1
2244 1833 1
2244 832 1
2244 3271 1
2244 1203 1
2244 703 1
2244 2201 1
2244 677 1
2244 2615 1
2244 908 1
2244 700 1
2244 1000 1
439 2394 1
439 300 1
439 280 1
439 5113 1
439 2084 1
439 1873 1
439 1797 1
439 223 1
439 778 1
439 1692 1
439 271 1
439 2580 1
439 1781 1
439 588 1
439 1325 1
439 5560 1
439 1689 1
439 951 1
439 5073 1
439 1693 1
439 104 1
439 162 1
1565 1109 1
1565 935 1
1565 3859 1
1565 1293 1
1565 5016 1
1565 3858 1
1565 889 1
1565 3857 1
1565 3613 1
1565 1575 1
1565 720 1
1565 2698 1
1565 4797 1
1565 2045 1
1565 1352 1
1565 3855 1
1565 1664 1
1565 4009 1
1565 3001 1
1565 2276 1
1565 157 1
1565 694 1
1565 703 1
1565 178 1
1565 2297 1
1565 2372 1
1565 1648 1
1565 170 1
1565 1105 1
1565 3269 1
1565 1053 1
1565 3816 1
1565 3856 1
2539 679 1
2539 2305 1
2539 4749 1
2539 152 1
2539 1554 1
2539 1401 1
2539 4750 1
2539 284 1
2539 2301 1
2539 712 1
2539 4751 1
2539 506 1
2539 5380 1
2539 45 1
2539 580 1
2539 142 1
2539 1724 1
2539 884 1
2539 2338 1
1222 678 1
1222 3305 1
1222 1355 1
1222 650 1
1222 3740 1
1222 1062 1
1222 2880 1
1222 203 1
1222 2239 1
1222 3397 1
1222 5862 1
715 1808 1
715 3831 1
715 2700 1
715 5020 1
715 2275 1
715 178 1
715 2269 1
715 712 1
715 4106 1
2569 1518 1
2569 5712 1
2569 4083 1
2569 2286 1
2569 1538 1
2569 3016 1
2569 847 1
2569 674 1
1814 1505 1
1814 880 1
1814 4140 1
1814 1890 1
1814 296 1
1814 3311 1
1814 1696 1
1724 3178 1
1724 3110 1
1724 3700 1
1724 1498 1
1724 2958 1
1724 4490 1
1724 433 1
1724 1149 1
1724 3604 1
1724 3143 1
1724 122 1
1724 1582 1
1724 5232 1
1724 4049 1
1976 1183 1
1976 279 1
1976 92 1
1976 2493 1
1976 1608 1
312 868 1
312 2302 1
312 3173 1
312 1233 1
312 188 1
312 1608 1
312 1570 1
392 32 1
392 679 1
392 1025 1
392 1964 1
392 1555 1
392 3094 1
392 4749 1
392 1554 1
392 645 1
392 4816 1
392 5523 1
392 3996 1
392 5522 1
392 2376 1
392 1664 1
392 4649 1
392 1556 1
392 4160 1
392 583 1
392 4659 1
392 4394 1
392 1212 1
392 546 1
392 3997 1
392 2338 1
1538 1834 1
1538 867 1
1538 774 1
1538 2479 1
1538 2 1
1218 152 1
1218 1426 1
1218 4869 1
1218 579 1
1218 1794 1
1218 4409 1
1218 2491 1
1218 4469 1
1218 545 1
1218 1740 1
1218 698 1
1218 45 1
2222 3685 1
2222 4183 1
2222 3377 1
2222 4706 1
2222 4925 1
2222 1090 1
110 4488 1
110 1245 1
110 495 1
110 4834 1
110 500 1
110 2935 1
110 1793 1
110 5164 1
110 3370 1
110 505 1
110 23 1
110 2442 1
110 5169 1
110 4163 1
110 4296 1
110 2959 1
110 1833 1
110 501 1
110 4928 1
110 1866 1
110 1228 1
110 5171 1
110 3245 1
110 5170 1
110 2283 1
110 5166 1
110 496 1
110 4142 1
110 956 1
110 4165 1
110 2664 1
110 5167 1
110 2722 1
59 1145 1
59 273 1
59 848 1
59 279 1
59 2698 1
59 4370 1
59 637 1
59 3656 1
59 4226 1
59 276 1
59 545 1
59 2611 1
59 1974 1
59 2372 1
59 1643 1
59 426 1
59 5073 1
59 34 1
1180 1042 1
1180 2317 1
1180 1328 1
1180 1623 1
1180 3071 1
1180 882 1
1180 1053 1
1180 3304 1
1180 5327 1
1180 3010 1
933 3677 1
933 726 1
933 416 1
933 4888 1
933 4017 1
933 642 1
933 2363 1
933 757 1
933 5559 1
933 289 1
933 3379 1
933 822 1
933 2969 1
933 580 1
933 2231 1
933 867 1
933 4211 1
933 3119 1
1669 3493 1
1669 1168 1
1669 4636 1
1669 1574 1
1669 2333 1
1669 1295 1
1573 212 1
1573 4609 1
1573 3924 1
1573 2195 1
1573 3871 1
1573 894 1
1573 4035 1
1573 650 1
1573 5392 1
1573 3868 1
1573 4931 1
1573 3014 1
1573 5827 1
1573 3215 1
1573 169 1
1573 643 1
1573 1013 1
1573 5538 1
1573 3066 1
1573 3873 1
1573 3368 1
1573 1837 1
1573 4664 1
1573 447 1
1573 616 1
1573 3526 1
1573 1966 1
1573 1317 1
1573 112 1
1573 4650 1
1573 2115 1
1573 5222 1
1573 3869 1
1573 104 1
1573 3874 1
1330 463 1
1330 1034 1
1330 988 1
1330 1256 1
1330 111 1
1330 354 1
1525 878 1
1525 497 1
1525 419 1
1525 166 1
1525 3197 1
1511 32 1
1511 2189 1
1511 2829 1
1511 408 1
1511 3787 1
1511 2128 1
1511 407 1
1511 1308 1
1511 5187 1
1511 4733 1
1511 3784 1
1511 911 1
1511 3390 1
1511 4889 1
1511 4517 1
1511 695 1
1511 1617 1
1511 2147 1
1511 951 1
1511 943 1
1997 2712 1
1997 159 1
1997 133 1
1997 4156 1
1997 456 1
1997 276 1
1997 4070 1
1997 3911 1
1997 5242 1
1997 447 1
1997 4305 1
1997 316 1
1997 1638 1
1997 3432 1
1821 874 1
1821 5628 1
1821 5670 1
1821 2080 1
1821 3466 1
1821 4145 1
1821 4733 1
1821 2504 1
1821 4610 1
1821 2240 1
1821 45 1
1821 562 1
1821 5550 1
1821 5669 1
1821 995 1
1821 2150 1
1821 3997 1
660 3998 1
660 341 1
660 1933 1
660 18 1
660 3342 1
660 5566 1
660 757 1
660 506 1
660 4641 1
660 3194 1
660 2254 1
660 3184 1
660 4532 1
294 4216 1
294 3908 1
294 4971 1
294 368 1
294 1239 1
294 3605 1
294 5291 1
294 1085 1
294 648 1
294 4683 1
1133 2492 1
1133 5347 1
1133 3892 1
1133 1248 1
1133 4344 1
1133 4665 1
1133 2501 1
1133 3146 1
1133 4347 1
1133 248 1
1133 238 1
1133 2039 1
1133 3690 1
1133 1122 1
1133 3230 1
1133 3222 1
1133 5138 1
1133 36 1
1133 843 1
1133 4401 1
1133 5524 1
1133 3771 1
1133 4085 1
1133 3776 1
1133 2403 1
1133 360 1
1133 3645 1
1133 153 1
1133 1534 1
1133 5693 1
1133 3958 1
1133 237 1
1133 5849 1
1133 1253 1
1133 2313 1
1133 3227 1
1133 286 1
1133 4384 1
1133 3224 1
1133 1678 1
1133 5770 1
1133 315 1
1133 2084 1
1133 5452 1
1133 3225 1
1133 2103 1
1133 465 1
2650 3460 1
2650 2078 1
2650 1189 1
2650 2186 1
2650 170 1
2650 901 1
2650 61 1
2650 83 1
1578 4230 1
1578 1646 1
1578 4912 1
1578 375 1
1578 3299 1
1578 2214 1
1578 1160 1
2384 3238 1
2384 3183 1
2384 2133 1
2384 218 1
2384 2474 1
2384 152 1
2384 448 1
2384 3317 1
2384 1344 1
2384 1991 1
2384 506 1
2384 5555 1
2384 5037 1
2384 4543 1
2384 1220 1
2384 2160 1
2384 2986 1
2286 772 1
2286 3909 1
2286 2480 1
2286 774 1
2286 623 1
2286 1666 1
1527 132 1
1527 203 1
1527 325 1
1527 3504 1
1527 785 1
1527 3132 1
1527 34 1
2552 2629 1
2552 4759 1
2552 2026 1
2552 92 1
2552 4413 1
1710 3505 1
1710 203 1
1710 709 1
1710 17 1
1710 5308 1
1710 2429 1
1710 15 1
1439 370 1
1439 470 1
1439 1380 1
1439 11 1
1439 247 1
1439 2673 1
1439 3132 1
1439 259 1
1439 2723 1
2148 2420 1
2148 1795 1
2148 4903 1
2148 896 1
2148 782 1
2148 4304 1
2148 316 1
2148 28 1
2148 963 1
2148 2685 1
2148 968 1
2148 1551 1
2148 1666 1
2148 1065 1
2148 1204 1
2148 1331 1
2148 178 1
2148 580 1
2148 4015 1
2148 2876 1
2148 175 1
1278 2436 1
1278 4805 1
1278 304 1
1278 1719 1
1278 1148 1
1278 4580 1
1278 1500 1
1278 3334 1
1278 1871 1
1278 4536 1
1589 5742 1
1589 5136 1
1589 2240 1
1589 817 1
1589 5660 1
1589 1890 1
1589 1524 1
1589 912 1
16 4965 1
16 4784 1
16 2026 1
16 2835 1
16 2287 1
16 4962 1
16 403 1
16 1432 1
16 543 1
16 5 1
16 110 1
16 67 1
16 1917 1
16 59 1
16 62 1
16 64 1
16 63 1
16 3634 1
16 68 1
16 60 1
16 4963 1
16 4966 1
23 17 1
23 166 1
23 3037 1
23 3311 1
23 98 1
23 2049 1
23 781 1
23 4985 1
23 4419 1
23 2557 1
23 289 1
493 4504 1
493 1055 1
493 1042 1
493 3492 1
493 4626 1
493 142 1
493 901 1
493 535 1
493 4746 1
493 1841 1
493 408 1
493 1688 1
493 18 1
493 2173 1
493 3092 1
493 3131 1
493 3399 1
493 4730 1
493 289 1
493 1843 1
493 4415 1
493 1842 1
493 580 1
493 875 1
493 1975 1
493 426 1
493 3409 1
493 3119 1
493 290 1
1034 36 1
1034 2542 1
1034 1111 1
1034 561 1
1034 4835 1
332 583 1
332 2317 1
332 398 1
332 4560 1
332 1347 1
332 1350 1
332 1352 1
332 4800 1
332 1344 1
332 1351 1
332 1228 1
332 1459 1
332 1343 1
332 4584 1
332 2201 1
332 1348 1
332 55 1
332 1873 1
332 60 1
332 102 1
332 744 1
2262 674 1
2262 3671 1
2262 4599 1
2262 5738 1
2262 3057 1
2262 4693 1
2262 194 1
2262 354 1
1345 1253 1
1345 357 1
1345 738 1
1345 847 1
1345 578 1
684 3288 1
684 2821 1
684 2314 1
684 956 1
684 166 1
684 1117 1
2104 2328 1
2104 2521 1
2104 3461 1
2104 5765 1
2104 1084 1
2104 636 1
2104 3622 1
2104 2813 1
841 412 1
841 1126 1
841 1032 1
841 3183 1
841 834 1
1948 447 1
1948 36 1
1948 196 1
1948 1580 1
1948 2115 1
1948 1053 1
2057 4075 1
2057 1241 1
2057 715 1
2057 1175 1
2057 3564 1
2057 1222 1
2057 1896 1
1823 3365 1
1823 1328 1
1823 2652 1
1823 113 1
1823 1253 1
1823 229 1
1823 1992 1
1823 4047 1
1823 962 1
2155 634 1
2155 95 1
2155 4690 1
2155 580 1
2155 4932 1
2155 5525 1
776 4727 1
776 1702 1
776 1263 1
776 2184 1
776 3372 1
776 1797 1
776 863 1
776 1692 1
776 540 1
776 3779 1
776 2173 1
776 2491 1
776 1287 1
776 583 1
776 1996 1
776 703 1
776 3383 1
776 1873 1
776 2492 1
776 3555 1
776 1382 1
776 1896 1
2686 3063 1
2686 4436 1
2686 3065 1
2686 305 1
2686 4143 1
2686 3066 1
2686 76 1
2686 2483 1
2686 1594 1
2686 1069 1
2686 5688 1
2686 3506 1
2686 624 1
2686 60 1
2686 358 1
2686 431 1
2686 930 1
1357 1281 1
1357 188 1
1357 1148 1
1357 5436 1
1357 1954 1
852 2308 1
852 3566 1
852 5648 1
852 5638 1
852 5231 1
1215 939 1
1215 4101 1
1215 560 1
1215 1687 1
1215 668 1
1215 3388 1
1215 710 1
1215 157 1
1470 993 1
1470 2942 1
1470 5680 1
1470 1546 1
1470 1493 1
1470 3090 1
1470 4648 1
1470 47 1
1470 3234 1
1406 427 1
1406 4655 1
1406 2833 1
1406 828 1
1406 2223 1
283 1170 1
283 3769 1
283 604 1
283 1148 1
283 4259 1
283 4317 1
283 2683 1
283 418 1
76 416 1
76 1665 1
76 684 1
76 2299 1
76 5010 1
76 377 1
76 4503 1
76 177 1
76 381 1
76 5012 1
76 4504 1
76 3238 1
76 378 1
76 4531 1
76 184 1
76 3135 1
76 3634 1
76 823 1
76 3046 1
1609 36 1
1609 933 1
1609 368 1
1609 198 1
1609 3389 1
161 718 1
161 720 1
161 2711 1
161 2506 1
161 4838 1
161 4765 1
161 719 1
161 4354 1
1336 3670 1
1336 2650 1
1336 4842 1
1336 2189 1
1336 1183 1
1336 5113 1
1336 407 1
1336 3466 1
1336 5187 1
1336 3020 1
1336 5549 1
1336 1215 1
1336 1049 1
1336 964 1
1336 695 1
1336 1873 1
1336 837 1
1336 2147 1
1336 3613 1
1336 3759 1
1336 4514 1
2051 1378 1
2051 218 1
2051 3085 1
2051 152 1
2051 1554 1
2051 843 1
2051 1943 1
2051 1219 1
2051 4367 1
2051 1666 1
2051 2857 1
2051 4359 1
2051 289 1
2051 822 1
2051 34 1
2051 29 1
2051 290 1
2601 1354 1
2601 92 1
2601 40 1
2601 3273 1
2601 2114 1
1575 1577 1
1575 155 1
1575 1237 1
1575 416 1
1575 3879 1
1575 1882 1
1575 147 1
1575 2708 1
1575 1867 1
1575 2181 1
1575 1232 1
1575 1687 1
1575 2371 1
1575 5702 1
1575 5634 1
1575 553 1
1575 20 1
1575 1543 1
1575 3105 1
1575 1996 1
1575 2870 1
1575 703 1
1575 1576 1
1575 1518 1
1575 1259 1
1575 2252 1
1575 2129 1
912 2775 1
912 2156 1
912 739 1
912 4424 1
912 2498 1
1706 1626 1
1706 1814 1
1706 152 1
1706 2301 1
1706 3527 1
1706 3873 1
1706 5273 1
1706 2222 1
1706 2531 1
1706 3046 1
1706 290 1
1200 383 1
1200 1137 1
1200 4939 1
1200 17 1
1200 5771 1
1200 774 1
1200 2639 1
2176 1998 1
2176 4023 1
2176 753 1
2176 1190 1
2176 79 1
2176 34 1
2207 3554 1
2207 756 1
2207 4507 1
2207 32 1
2207 1814 1
2207 671 1
2207 274 1
2207 1311 1
2207 3223 1
2207 284 1
2207 968 1
2207 3712 1
2207 1397 1
2207 611 1
2207 4534 1
2207 3629 1
2207 316 1
2207 867 1
2207 1638 1
2207 4015 1
2603 4793 1
2603 1387 1
2603 2789 1
2603 1393 1
2603 2821 1
2603 2301 1
1096 1250 1
1096 44 1
1096 5753 1
1096 389 1
1096 5842 1
1096 5673 1
1096 660 1
1096 4423 1
1096 890 1
1096 3361 1
1096 452 1
395 2890 1
395 497 1
395 1564 1
395 1565 1
395 847 1
1744 482 1
1744 1289 1
1744 425 1
1744 1179 1
1744 160 1
1744 1944 1
1744 3461 1
1744 10 1
1744 963 1
1744 2386 1
1744 1154 1
1744 4009 1
1744 2555 1
1744 2119 1
1744 2337 1
1744 3251 1
1744 2093 1
1744 4075 1
1744 1198 1
1744 3767 1
1744 5825 1
1744 1000 1
1744 4386 1
1035 32 1
1035 1754 1
1035 641 1
1035 147 1
1035 4502 1
1035 2414 1
1035 1183 1
1035 1983 1
1035 785 1
1035 4811 1
1035 2039 1
1035 645 1
1035 1759 1
1035 1815 1
1035 3260 1
1035 2005 1
1035 284 1
1035 739 1
1035 704 1
1035 2674 1
1035 2238 1
1035 1984 1
1035 583 1
1035 1018 1
1035 4385 1
1035 29 1
1035 429 1
1035 4555 1
1035 447 1
1035 3634 1
1035 5833 1
1035 580 1
1035 4715 1
1035 3815 1
1035 828 1
1035 3043 1
1035 3554 1
1035 157 1
1035 319 1
1035 34 1
2644 3305 1
2644 2206 1
2644 3674 1
2644 3372 1
2644 403 1
2644 2809 1
2644 2052 1
2644 2830 1
2644 132 1
2644 2097 1
2644 5276 1
2644 3526 1
2644 4751 1
2644 4160 1
2644 1273 1
2644 704 1
2644 1444 1
2644 3898 1
2644 4671 1
2644 4840 1
2644 3568 1
2644 183 1
2644 1256 1
1134 3235 1
1134 5670 1
1134 5461 1
1134 3232 1
1134 920 1
1134 3231 1
1134 3236 1
1134 5518 1
1134 1418 1
1134 2504 1
1134 4725 1
1134 5114 1
1134 3233 1
1134 694 1
1134 3234 1
687 4907 1
687 2318 1
687 624 1
687 60 1
687 867 1
687 1446 1
687 1327 1
588 463 1
588 1354 1
588 198 1
588 5149 1
588 1583 1
588 642 1
199 306 1
199 4324 1
199 2256 1
199 860 1
199 3683 1
199 861 1
343 2412 1
343 3037 1
343 1942 1
343 4237 1
343 4731 1
343 1170 1
343 3982 1
343 404 1
343 3512 1
343 5034 1
343 849 1
343 325 1
343 4143 1
1484 781 1
1484 4759 1
1484 2737 1
1484 3782 1
1484 2573 1
1484 5007 1
1484 574 1
1484 192 1
1484 33 1
1484 5439 1
1484 2073 1
1484 2024 1
1484 1954 1
1185 1567 1
1185 321 1
1185 1582 1
1185 5 1
1185 623 1
289 5424 1
289 4343 1
289 17 1
289 2287 1
289 2718 1
289 32 1
289 2945 1
289 3121 1
289 5315 1
289 4040 1
289 2580 1
289 2759 1
289 1206 1
289 2372 1
289 1207 1
289 849 1
289 5423 1
2613 543 1
2613 594 1
2613 345 1
2613 1713 1
2613 3755 1
2613 375 1
2613 3389 1
2613 497 1
2613 1426 1
2613 1277 1
1548 1069 1
1548 1496 1
1548 2290 1
1548 2052 1
1548 1422 1
1548 624 1
1548 60 1
1548 2566 1
1548 1352 1
1548 2530 1
1937 4262 1
1937 605 1
1937 4264 1
1937 1378 1
1937 2313 1
1937 372 1
1937 5147 1
1937 5717 1
1937 1568 1
1937 4263 1
1937 1 1
1937 2381 1
1937 4371 1
1937 1814 1
1937 5284 1
1937 80 1
1937 828 1
1937 284 1
1937 3242 1
1937 3092 1
1937 2750 1
1937 885 1
1937 5476 1
1937 417 1
1937 5430 1
1937 3373 1
1937 2744 1
1937 1448 1
1937 5611 1
1937 3790 1
1937 4394 1
1937 2876 1
1937 802 1
1937 1181 1
1937 592 1
750 4658 1
750 537 1
750 1028 1
750 977 1
750 1711 1
2669 1764 1
2669 4846 1
2669 3973 1
2669 3225 1
2669 2357 1
2669 2300 1
2669 2086 1
2669 5469 1
1209 426 1
1209 1304 1
1209 5033 1
1209 4027 1
1209 4469 1
1209 2170 1
1209 1697 1
1209 1330 1
1209 3374 1
1209 3498 1
1209 3375 1
9 4951 1
9 1905 1
9 2332 1
9 35 1
9 1254 1
9 99 1
9 2895 1
9 34 1
862 1264 1
862 311 1
862 3580 1
862 4035 1
862 4867 1
2395 1958 1
2395 1960 1
2395 4254 1
2395 4652 1
2395 2195 1
2395 1682 1
2395 1785 1
2395 284 1
2395 1854 1
2395 1856 1
2395 3512 1
2395 2606 1
2395 112 1
2395 4650 1
2395 3746 1
355 824 1
355 1433 1
355 3250 1
355 3537 1
355 2396 1
355 198 1
355 2653 1
355 2042 1
418 1742 1
418 1573 1
418 3183 1
418 3715 1
418 936 1
418 3439 1
1040 427 1
1040 3024 1
1040 4778 1
1040 60 1
1040 3503 1
655 1867 1
655 1422 1
655 2243 1
655 157 1
655 5699 1
655 5698 1
2513 4062 1
2513 3754 1
2513 4838 1
2513 3422 1
2513 1896 1
2513 962 1
30 2923 1
30 4805 1
30 528 1
30 1591 1
30 2300 1
30 2018 1
30 4998 1
30 5000 1
30 1506 1
30 848 1
871 2571 1
871 2705 1
871 4099 1
871 2145 1
871 2653 1
871 175 1
2015 284 1
2015 1116 1
2015 1190 1
2015 253 1
2015 815 1
104 473 1
104 1041 1
104 4590 1
104 5136 1
104 471 1
104 4700 1
104 5009 1
104 476 1
104 477 1
104 3080 1
2578 5620 1
2578 1750 1
2578 2471 1
2578 90 1
2578 2317 1
2578 5482 1
2578 3213 1
2578 2072 1
2578 4772 1
2578 654 1
2578 1687 1
2578 5699 1
2578 3142 1
2578 1922 1
2578 2345 1
2578 660 1
2578 501 1
2578 1223 1
2578 839 1
2578 3105 1
2578 3891 1
2578 4628 1
2578 1458 1
2578 1604 1
2578 4715 1
2578 4773 1
2578 298 1
2578 2364 1
2578 1424 1
2578 4456 1
2578 2479 1
2578 4770 1
2031 4173 1
2031 5614 1
2031 3982 1
2031 229 1
2031 497 1
2031 1436 1
760 3747 1
760 2470 1
760 2472 1
760 2471 1
760 5505 1
760 2468 1
760 2640 1
760 4362 1
760 3581 1
760 4134 1
760 1269 1
760 4172 1
760 1732 1
760 1454 1
760 2469 1
2256 198 1
2256 5519 1
2256 5161 1
2256 5237 1
2256 1344 1
2256 506 1
2256 33 1
2256 5174 1
2256 2999 1
2256 5606 1
2256 4200 1
2121 3952 1
2121 3612 1
2121 113 1
2121 3173 1
2121 4422 1
2121 189 1
2121 4392 1
2121 5679 1
444 1709 1
444 4018 1
444 5167 1
444 2749 1
444 1519 1
1417 206 1
1417 1061 1
1417 2960 1
1417 1943 1
1417 3466 1
1417 604 1
1417 1859 1
1417 253 1
1417 98 1
1899 1696 1
1899 3922 1
1899 3219 1
1899 799 1
1899 1554 1
1899 2702 1
1899 3999 1
1899 4631 1
1899 4234 1
1899 28 1
1899 722 1
1899 2888 1
1899 4226 1
1899 20 1
1899 702 1
1899 775 1
1899 4158 1
1899 1786 1
1899 2020 1
1899 4920 1
1899 178 1
1899 580 1
1899 5550 1
1899 5457 1
1899 3132 1
1899 1256 1
1899 2722 1
359 4320 1
359 4199 1
359 1101 1
359 5489 1
359 2051 1
359 134 1
359 648 1
359 745 1
359 2004 1
359 5371 1
359 821 1
359 1133 1
359 124 1
359 495 1
359 5108 1
359 27 1
359 2005 1
359 848 1
359 2747 1
359 849 1
359 867 1
359 4070 1
359 360 1
359 1460 1
359 1886 1
359 1255 1
359 748 1
359 2587 1
359 1119 1
359 92 1
359 878 1
359 5490 1
359 366 1
359 1253 1
359 3836 1
359 1446 1
359 738 1
359 2645 1
359 90 1
359 790 1
359 141 1
359 1055 1
359 1277 1
359 297 1
359 2363 1
359 822 1
359 188 1
590 1360 1
590 2890 1
590 4508 1
590 1093 1
590 2210 1
1690 1965 1
1690 2571 1
1690 5323 1
1690 2222 1
1690 4593 1
1690 3388 1
1690 1318 1
1183 4262 1
1183 673 1
1183 1051 1
1183 5717 1
1183 2829 1
1183 2966 1
1183 4621 1
1183 1944 1
1183 799 1
1183 3306 1
1183 2174 1
1183 1744 1
1183 1608 1
1183 832 1
1183 1141 1
1183 448 1
1183 289 1
1183 1642 1
1183 2739 1
1183 1159 1
1183 3903 1
1183 417 1
1183 3307 1
1183 5422 1
1183 3408 1
1183 828 1
1183 1821 1
1183 418 1
2048 1930 1
2048 433 1
2048 284 1
2048 4994 1
2048 4474 1
2048 4001 1
2048 2636 1
2048 3506 1
2048 2615 1
2048 188 1
2048 157 1
1250 164 1
1250 3435 1
1250 3630 1
1250 4154 1
1250 1194 1
1250 3434 1
1250 1606 1
34 1307 1
34 3765 1
34 928 1
34 4263 1
34 346 1
34 1 1
34 3597 1
34 5011 1
34 5014 1
34 141 1
34 146 1
34 5009 1
34 142 1
34 133 1
34 370 1
34 138 1
34 4892 1
34 5010 1
34 1096 1
34 143 1
34 1666 1
34 1300 1
34 187 1
34 702 1
34 245 1
34 135 1
34 1658 1
34 417 1
34 1885 1
34 312 1
34 3374 1
34 641 1
34 240 1
34 4059 1
34 2449 1
34 1029 1
34 1812 1
34 3119 1
34 5012 1
1843 1328 1
1843 106 1
1843 500 1
1843 341 1
1843 295 1
1843 2732 1
1843 1171 1
1843 2070 1
1843 1170 1
1843 2702 1
1843 4166 1
1843 443 1
1843 704 1
1843 4167 1
1843 4164 1
1843 1829 1
1843 2019 1
1843 4676 1
1906 1070 1
1906 855 1
1906 4586 1
1906 85 1
1906 3142 1
1906 904 1
1906 4335 1
314 938 1
314 1053 1
314 40 1
314 463 1
314 290 1
2585 484 1
2585 5259 1
2585 3952 1
2585 305 1
2585 5732 1
2585 2024 1
266 3528 1
266 1092 1
266 1093 1
266 848 1
266 1911 1
266 785 1
266 5381 1
266 5382 1
266 1608 1
1981 433 1
1981 4291 1
1981 4582 1
1981 5469 1
1981 4776 1
50 3870 1
50 213 1
50 2194 1
50 398 1
50 2181 1
50 1600 1
50 4295 1
50 112 1
50 55 1
50 4650 1
50 3869 1
50 2223 1
1570 498 1
1570 1328 1
1570 4625 1
1570 2600 1
1570 5474 1
1570 679 1
1570 300 1
1570 3862 1
1570 4237 1
1570 3864 1
1570 2084 1
1570 3726 1
1570 3863 1
1570 1564 1
1570 198 1
1570 4989 1
1570 1927 1
1570 804 1
1570 1825 1
1570 1402 1
1570 1080 1
1570 447 1
1570 289 1
1570 2385 1
1570 1523 1
2231 4246 1
2231 4493 1
2231 2712 1
2231 274 1
2231 2205 1
2231 4746 1
2231 3651 1
2231 3398 1
2231 3709 1
2231 1807 1
2231 4521 1
2231 2363 1
2231 2878 1
2231 506 1
2231 4257 1
2231 76 1
2231 4531 1
2231 634 1
2231 4530 1
2231 2073 1
2231 324 1
2231 1259 1
2231 742 1
2231 751 1
2231 2129 1
2231 1340 1
2231 867 1
2231 1203 1
2231 1565 1
2231 488 1
2231 1570 1
1082 4136 1
1082 2970 1
1082 1068 1
1082 1431 1
1082 5702 1
1082 2 1
1082 699 1
1082 2252 1
1082 4022 1
1082 178 1
1082 4676 1
1082 3118 1
1082 3383 1
1082 60 1
2436 5817 1
2436 196 1
2436 261 1
2436 1660 1
2436 797 1
2436 5512 1
2436 2114 1
1293 3634 1
1293 1156 1
1293 3790 1
1293 3505 1
1293 3506 1
1293 5352 1
1293 1487 1
1293 5474 1
2077 240 1
2077 393 1
2077 500 1
2077 4630 1
2077 3849 1
2077 544 1
2077 295 1
2077 1626 1
2077 534 1
2077 1695 1
2077 5449 1
2077 901 1
2077 607 1
2077 4294 1
2077 3016 1
2077 15 1
2077 404 1
2077 702 1
2077 2880 1
2077 250 1
2077 2977 1
2077 2042 1
2077 1483 1
2077 3634 1
2077 2337 1
2077 5611 1
2077 1454 1
2077 368 1
2077 5772 1
2077 1362 1
2077 850 1
2077 1631 1
2077 1071 1
1445 683 1
1445 244 1
1445 795 1
1445 679 1
1445 1915 1
1445 5755 1
1445 284 1
1445 1991 1
1445 2042 1
1445 5580 1
1445 1008 1
42 5031 1
42 90 1
42 385 1
42 172 1
42 4009 1
42 5034 1
42 1170 1
42 2705 1
42 5035 1
42 433 1
42 5036 1
42 2941 1
42 169 1
42 313 1
42 960 1
42 5028 1
42 1313 1
42 5033 1
42 173 1
42 2872 1
42 5032 1
42 1177 1
42 107 1
42 174 1
42 5029 1
42 4336 1
42 4151 1
42 170 1
42 358 1
42 418 1
1247 1854 1
1247 145 1
1247 1987 1
1247 93 1
1247 3432 1
1247 463 1
1247 704 1
2486 1245 1
2486 3290 1
2486 781 1
2486 2460 1
2486 4367 1
2486 3515 1
2486 4410 1
2486 2734 1
2486 669 1
2486 4712 1
2486 1071 1
2110 567 1
2110 3338 1
2110 5638 1
2110 157 1
2110 1698 1
2581 983 1
2581 646 1
2581 450 1
2581 821 1
2581 512 1
2581 244 1
2581 2490 1
2581 2286 1
2581 989 1
2581 158 1
2581 1485 1
2581 150 1
2581 18 1
2581 5646 1
2581 407 1
2581 1546 1
2581 4803 1
2581 2946 1
2581 178 1
2581 537 1
2581 580 1
2581 3534 1
2581 1058 1
2581 841 1
2581 352 1
2581 3482 1
2581 3339 1
2581 2254 1
2581 3786 1
2581 776 1
2581 3535 1
2581 2244 1
2581 1377 1
2581 4472 1
2581 2321 1
2581 2812 1
2581 1250 1
2581 1114 1
2581 4550 1
2581 968 1
2581 399 1
2581 4292 1
2581 3184 1
2581 29 1
2002 3634 1
2002 569 1
2002 196 1
2002 5 1
2002 644 1
2002 810 1
2002 5295 1
2002 5474 1
2169 3690 1
2169 3292 1
2169 5475 1
2169 2674 1
2169 2909 1
2169 1523 1
2169 2460 1
2169 2850 1
501 869 1
501 291 1
501 1882 1
501 4755 1
501 781 1
501 3705 1
501 1948 1
501 195 1
501 192 1
501 1095 1
501 797 1
2543 152 1
2543 1145 1
2543 36 1
2543 1585 1
2543 757 1
2543 2504 1
2543 4002 1
2543 3604 1
2543 5310 1
2543 1909 1
2543 4800 1
2543 1991 1
2543 332 1
2543 1078 1
2543 3640 1
2543 447 1
2543 178 1
2543 907 1
2543 1996 1
2543 2876 1
2543 2662 1
2543 4752 1
2476 1621 1
2476 218 1
2476 1969 1
2476 966 1
2476 2301 1
2476 20 1
2476 506 1
2476 289 1
2476 2187 1
2476 2487 1
2476 298 1
2476 2589 1
1159 2687 1
1159 2706 1
1159 3268 1
1159 951 1
1159 3313 1
1159 5763 1
1806 4362 1
1806 5169 1
1806 4134 1
1806 1437 1
1806 3464 1
1806 5704 1
797 1968 1
797 2538 1
797 578 1
797 5672 1
797 111 1
797 32 1
797 3577 1
797 5712 1
797 3228 1
797 2048 1
797 1428 1
797 3961 1
797 1100 1
797 2222 1
2006 2013 1
2006 5744 1
2006 1754 1
2006 269 1
2006 1554 1
2006 1355 1
2006 5328 1
2006 1034 1
2006 2834 1
2006 637 1
2006 4940 1
2006 3263 1
2006 4654 1
2006 3759 1
2006 1468 1
2006 867 1
2006 1256 1
2006 3119 1
1262 788 1
1262 270 1
1262 4631 1
1262 28 1
1262 271 1
1262 1812 1
1262 5051 1
1262 4915 1
1262 4159 1
1262 368 1
1262 5290 1
1262 29 1
2083 1062 1
2083 5513 1
2083 4919 1
2083 385 1
2083 2348 1
2083 5779 1
2083 1969 1
2083 2374 1
2083 3899 1
2083 117 1
2083 3891 1
2083 183 1
2083 2659 1
2083 2589 1
1186 482 1
1186 4538 1
1186 1176 1
1186 4422 1
1186 1149 1
1186 192 1
1186 289 1
1186 2611 1
1186 570 1
1186 3312 1
1186 849 1
1186 797 1
561 5454 1
561 709 1
561 4415 1
561 2039 1
561 5644 1
561 1756 1
561 4003 1
561 1062 1
561 61 1
561 2024 1
1007 2674 1
1007 4166 1
1007 3454 1
1007 4970 1
1007 1042 1
1007 34 1
856 2658 1
856 3355 1
856 286 1
856 1877 1
856 3537 1
856 5012 1
856 4097 1
856 659 1
856 4493 1
856 256 1
856 543 1
856 786 1
856 36 1
856 1867 1
856 4881 1
856 2309 1
856 2783 1
856 4305 1
856 4017 1
856 284 1
856 326 1
856 253 1
856 2191 1
856 1536 1
856 1428 1
856 2878 1
856 1653 1
856 1415 1
856 583 1
856 2349 1
856 5376 1
856 447 1
856 1177 1
856 421 1
856 880 1
856 2103 1
856 4945 1
856 3973 1
856 2659 1
856 1374 1
856 1395 1
856 1756 1
799 1968 1
799 1783 1
799 1066 1
799 5212 1
799 134 1
799 989 1
799 1576 1
799 450 1
716 3504 1
716 3914 1
716 17 1
716 1116 1
716 5725 1
716 328 1
716 879 1
716 802 1
2759 3374 1
2759 2666 1
2759 5725 1
2759 2927 1
2759 1054 1
2759 4309 1
2759 2084 1
2759 3714 1
2759 2580 1
2759 4556 1
2759 3128 1
2759 447 1
2759 3758 1
2759 55 1
2759 2218 1
2759 2129 1
2388 101 1
2388 592 1
2388 4017 1
2388 60 1
2388 648 1
2649 1649 1
2649 3947 1
2649 4750 1
2649 3109 1
2649 588 1
2649 4049 1
2649 1468 1
2649 4591 1
1248 1362 1
1248 594 1
1248 1377 1
1248 3732 1
1248 1482 1
1248 2961 1
1248 2172 1
1248 1318 1
1248 134 1
1248 5113 1
489 3310 1
489 133 1
489 134 1
489 2909 1
489 936 1
489 4526 1
773 1326 1
773 3914 1
773 611 1
773 498 1
773 1608 1
686 3012 1
686 1918 1
686 709 1
686 2768 1
686 2812 1
686 99 1
686 3750 1
823 882 1
823 2437 1
823 3555 1
823 2182 1
823 722 1
1311 951 1
1311 280 1
1311 1426 1
1311 36 1
1311 843 1
1311 14 1
1311 80 1
1311 5770 1
1311 2 1
1311 2554 1
1311 1203 1
1311 184 1
1311 1092 1
1311 3854 1
1311 368 1
1311 2231 1
1311 1254 1
1504 1567 1
1504 2425 1
1504 3531 1
1504 848 1
1504 791 1
1504 3779 1
1504 7 1
1504 1018 1
1504 793 1
1504 3246 1
1504 5872 1
1504 2876 1
2243 3589 1
2243 1904 1
2243 1879 1
2243 1948 1
2243 2001 1
2243 444 1
2243 2205 1
2243 258 1
1792 132 1
1792 1611 1
1792 3517 1
1792 5293 1
1792 3989 1
1792 4070 1
1792 3197 1
1792 3688 1
1792 463 1
1792 290 1
860 1544 1
860 469 1
860 4128 1
860 1166 1
860 848 1
860 60 1
860 1969 1
860 55 1
860 938 1
860 956 1
860 1583 1
455 3283 1
455 1043 1
455 909 1
455 1956 1
455 1744 1
455 4124 1
455 454 1
455 5268 1
455 1592 1
455 3263 1
455 2082 1
833 1593 1
833 232 1
833 4729 1
833 2170 1
833 1349 1
833 3726 1
833 1461 1
833 5000 1
833 2570 1
833 1506 1
976 1997 1
976 1023 1
976 889 1
976 196 1
976 5 1
976 2275 1
976 290 1
2474 288 1
2474 2689 1
2474 3229 1
2474 2207 1
2474 23 1
2474 650 1
2474 3868 1
2474 3965 1
2474 297 1
2474 2875 1
2474 1984 1
2474 76 1
2474 813 1
2474 624 1
2474 298 1
2474 870 1
2474 5277 1
2474 616 1
2761 1987 1
2761 4976 1
2761 55 1
2761 458 1
2761 259 1
2761 166 1
2761 3229 1
2761 5075 1
2761 34 1
1494 3950 1
1494 240 1
1494 1482 1
1494 1713 1
1494 4444 1
1494 166 1
1494 1533 1
1494 546 1
1624 416 1
1624 1223 1
1624 1848 1
1624 2975 1
1624 4388 1
1624 1867 1
1624 654 1
1624 1559 1
1624 4017 1
1624 4809 1
1624 5373 1
1624 2 1
1624 2708 1
1624 1600 1
1624 839 1
1624 506 1
1624 3105 1
1624 844 1
1624 3891 1
1624 2870 1
1624 971 1
1624 1074 1
1624 3012 1
1624 1806 1
1624 3952 1
1624 157 1
163 3345 1
163 3010 1
163 5257 1
163 4212 1
163 3867 1
163 725 1
163 39 1
163 730 1
163 3346 1
163 4878 1
163 650 1
163 1222 1
163 1587 1
163 4150 1
163 1581 1
163 2498 1
163 2273 1
163 3558 1
2250 679 1
2250 1845 1
2250 3862 1
2250 4127 1
2250 274 1
2250 121 1
2250 420 1
2250 2379 1
2250 4703 1
2250 5783 1
2250 3772 1
2250 4017 1
2250 1308 1
2250 2 1
2250 1382 1
2250 1653 1
2250 3271 1
2250 3655 1
2250 634 1
2250 5665 1
2250 4556 1
2250 5754 1
2250 2735 1
2250 2570 1
2250 1945 1
2250 3056 1
2250 4023 1
2250 4305 1
2250 188 1
2250 99 1
2250 1254 1
2250 925 1
2250 1000 1
2250 431 1
2268 46 1
2268 4768 1
2268 625 1
2268 1896 1
2268 2152 1
755 1234 1
755 3673 1
755 843 1
755 1253 1
755 1745 1
755 189 1
2483 4510 1
2483 346 1
2483 3329 1
2483 147 1
2483 3222 1
2483 4248 1
2483 2809 1
2483 5 1
2483 451 1
2483 454 1
2483 3497 1
2483 1556 1
2483 2544 1
2483 2024 1
2483 1520 1
2483 1066 1
2483 1233 1
2483 994 1
2483 285 1
2483 2280 1
2440 3065 1
2440 196 1
2440 5232 1
2440 3063 1
2440 4682 1
2440 1404 1
2440 643 1
2440 178 1
2440 3472 1
1198 4811 1
1198 752 1
1198 497 1
1198 4156 1
1198 4032 1
2204 1668 1
2204 863 1
2204 1559 1
2204 3223 1
2204 271 1
2204 1214 1
2204 1018 1
2204 178 1
2204 3246 1
2204 823 1
2204 5308 1
1335 3105 1
1335 1742 1
1335 453 1
1335 3549 1
1335 1320 1
1335 1455 1
2361 163 1
2361 166 1
2361 5296 1
2361 2185 1
2361 233 1
2361 1877 1
2361 32 1
2361 679 1
2361 218 1
2361 3116 1
2361 5651 1
2361 5522 1
2361 2084 1
2361 2574 1
2361 2698 1
2361 945 1
2361 5404 1
2361 1608 1
2361 2257 1
2361 4500 1
2361 1018 1
2361 161 1
2361 2104 1
2361 2721 1
2361 3214 1
2361 2544 1
2361 4266 1
2361 2385 1
2361 1620 1
2361 3554 1
1368 447 1
1368 1060 1
1368 1227 1
1368 16 1
1368 2371 1
1368 2054 1
1368 5508 1
296 77 1
296 4472 1
296 1328 1
296 3718 1
296 317 1
2478 700 1
2478 497 1
2478 284 1
2478 2225 1
2478 3496 1
334 1359 1
334 17 1
334 5469 1
334 4776 1
334 1360 1
334 796 1
334 4291 1
334 320 1
334 5153 1
334 4036 1
334 426 1
334 1361 1
1458 5273 1
1458 1925 1
1458 1263 1
1458 1770 1
1458 1873 1
1458 3974 1
1458 2024 1
1458 1814 1
870 2905 1
870 5358 1
870 1396 1
870 3013 1
870 781 1
870 1995 1
870 2702 1
870 208 1
870 4931 1
870 2703 1
870 634 1
870 2667 1
870 1591 1
870 2956 1
870 3310 1
1749 2783 1
1749 5544 1
1749 5559 1
1749 1327 1
1749 1687 1
1749 3946 1
1749 4456 1
1749 2223 1
1749 2217 1
169 1487 1
169 2700 1
169 238 1
169 4124 1
169 680 1
169 79 1
169 3120 1
71 882 1
71 185 1
71 580 1
71 343 1
71 3893 1
71 3645 1
71 4117 1
819 5691 1
819 3634 1
819 484 1
819 196 1
819 5 1
819 2199 1
819 3276 1
819 5772 1
2456 945 1
2456 3749 1
2456 1879 1
2456 1002 1
2456 465 1
2456 5525 1
2456 1763 1
10 240 1
10 458 1
10 2129 1
10 1148 1
10 38 1
10 1117 1
10 40 1
10 911 1
10 290 1
2710 1930 1
2710 1969 1
2710 1308 1
2710 867 1
2710 360 1
552 850 1
552 2009 1
552 2788 1
552 4121 1
552 2853 1
552 2007 1
552 2730 1
552 2961 1
2100 3588 1
2100 3023 1
2100 419 1
2100 5826 1
2100 1012 1
2100 4384 1
2100 1754 1
2100 843 1
2100 924 1
2100 1976 1
2100 3908 1
2100 2103 1
2100 230 1
226 4100 1
226 5323 1
226 727 1
226 1674 1
226 3505 1
226 4168 1
511 2138 1
511 1018 1
511 5522 1
511 2726 1
511 968 1
2076 36 1
2076 2286 1
2076 1573 1
2076 753 1
2076 3164 1
2076 290 1
2076 189 1
2076 32 1
2399 3310 1
2399 2063 1
2399 2076 1
2399 188 1
2399 867 1
2399 3918 1
2399 1416 1
2399 4355 1
2399 751 1
2664 3524 1
2664 3269 1
2664 1738 1
2664 3089 1
2664 828 1
2664 3016 1
2664 1533 1
2664 4840 1
2664 1039 1
2664 1538 1
2303 1169 1
2303 1571 1
2303 134 1
2303 3208 1
2303 3408 1
992 341 1
992 288 1
992 4391 1
992 1811 1
992 415 1
992 2425 1
992 3885 1
992 1872 1
992 1303 1
992 838 1
992 765 1
992 1480 1
992 2 1
992 1510 1
992 1984 1
992 3617 1
992 2124 1
992 1069 1
992 824 1
992 703 1
992 4332 1
992 580 1
992 240 1
992 183 1
992 2918 1
992 925 1
992 2920 1
992 1360 1
434 2198 1
434 4351 1
434 3203 1
434 1661 1
434 5551 1
434 610 1
1858 3185 1
1858 1803 1
1858 1326 1
1858 1808 1
1858 1546 1
1858 241 1
1858 2508 1
1631 934 1
1631 4210 1
1631 3849 1
1631 2403 1
1631 1151 1
1631 469 1
1631 288 1
1631 679 1
1631 3862 1
1631 152 1
1631 103 1
1631 4869 1
1631 23 1
1631 1713 1
1631 579 1
1631 295 1
1631 867 1
1631 4032 1
1631 1062 1
1631 1254 1
1631 1088 1
1631 1991 1
1631 506 1
1631 157 1
1631 813 1
1631 1896 1
1631 4505 1
1631 2923 1
1631 2487 1
1631 241 1
1631 3942 1
1631 1053 1
1631 3944 1
1631 3119 1
1631 674 1
2137 4139 1
2137 4775 1
2137 1219 1
2137 230 1
2137 1181 1
2137 175 1
2158 985 1
2158 2065 1
2158 3627 1
2158 1591 1
2158 241 1
2158 3164 1
2158 264 1
2158 5681 1
1137 4732 1
1137 3312 1
1137 155 1
1137 724 1
1137 3457 1
1137 787 1
1137 4374 1
1137 3963 1
1137 5412 1
1137 1029 1
1137 2583 1
1137 2032 1
1137 1969 1
1137 3868 1
1137 1608 1
1137 2368 1
1137 3387 1
1137 1728 1
1137 5063 1
1137 824 1
1137 3506 1
1137 1732 1
1137 3246 1
1137 368 1
1137 4945 1
1137 188 1
1137 413 1
1137 616 1
1137 2760 1
983 3449 1
983 878 1
983 16 1
983 17 1
983 5382 1
983 815 1
983 1826 1
324 1328 1
324 1955 1
324 1190 1
324 428 1
324 5284 1
324 704 1
324 425 1
324 187 1
324 1984 1
324 281 1
324 580 1
324 453 1
324 1327 1
2277 4217 1
2277 1582 1
2277 2245 1
2277 1638 1
2277 290 1
394 781 1
394 2329 1
394 1354 1
394 166 1
394 125 1
394 1666 1
1281 2975 1
1281 36 1
1281 80 1
1281 823 1
1281 188 1
1281 60 1
1281 431 1
411 3333 1
411 1367 1
411 650 1
411 2716 1
411 1606 1
411 5533 1
1726 2292 1
1726 795 1
1726 4182 1
1726 4053 1
1726 32 1
1726 3284 1
1726 1302 1
1726 24 1
1726 2968 1
1726 2768 1
1726 3019 1
1726 270 1
1726 5632 1
1726 778 1
1726 2462 1
1726 5522 1
1726 710 1
1726 2403 1
1726 271 1
1726 5122 1
1726 3739 1
1726 2580 1
1726 1854 1
1726 3189 1
1726 740 1
1726 5213 1
1726 603 1
1726 1018 1
1726 4223 1
1726 5055 1
1726 4555 1
1726 708 1
1726 4804 1
1726 430 1
1726 2607 1
1726 3782 1
1726 2683 1
1726 4134 1
1726 3939 1
1726 2487 1
1726 2479 1
1726 674 1
1411 3672 1
1411 3643 1
1411 4730 1
1411 4428 1
1411 1078 1
1411 452 1
1411 1582 1
1411 695 1
1411 2346 1
1411 2024 1
1411 34 1
821 2590 1
821 341 1
821 423 1
821 404 1
821 3219 1
821 2070 1
821 2591 1
821 3275 1
821 3454 1
821 1413 1
821 2399 1
821 5130 1
821 1969 1
821 2588 1
821 195 1
821 1224 1
821 1833 1
821 20 1
821 2054 1
821 1971 1
821 5046 1
821 5048 1
821 2585 1
821 1662 1
821 240 1
821 1442 1
821 2589 1
821 34 1
2465 2152 1
2465 1760 1
2465 528 1
2465 5009 1
2465 2172 1
2465 530 1
2465 989 1
2465 968 1
2465 5775 1
2465 5488 1
2369 1284 1
2369 3147 1
2369 4264 1
2369 3292 1
2369 3644 1
2369 2130 1
2369 5533 1
2369 3944 1
627 447 1
627 4750 1
627 535 1
627 1642 1
627 785 1
627 2749 1
627 4812 1
2112 2702 1
2112 3184 1
2112 757 1
2112 4307 1
2112 5250 1
2632 1783 1
2632 2912 1
2632 2748 1
2632 4815 1
2632 2114 1
1349 664 1
1349 505 1
1349 4868 1
1349 4142 1
1349 4599 1
1349 3515 1
1349 2435 1
1349 230 1
1349 3581 1
1947 4267 1
1947 1518 1
1947 799 1
1947 4266 1
1947 3409 1
1947 4434 1
1947 1053 1
1947 2408 1
1947 3759 1
1947 4386 1
1310 2936 1
1310 601 1
1310 4828 1
1310 3814 1
1310 839 1
1310 5167 1
1310 3520 1
2488 4746 1
2488 1308 1
2488 5192 1
2488 571 1
2488 1018 1
2488 45 1
2488 447 1
2488 1202 1
2488 921 1
2488 465 1
2488 99 1
134 2085 1
134 528 1
134 1788 1
134 3430 1
134 3073 1
1940 228 1
1940 1739 1
1940 3948 1
1940 5382 1
1940 968 1
1940 2178 1
2584 3979 1
2584 286 1
2584 709 1
2584 4656 1
2584 5623 1
2584 5564 1
2584 3029 1
2584 4197 1
2584 867 1
2584 2782 1
428 1650 1
428 5550 1
428 2240 1
428 3613 1
428 1192 1
428 4329 1
840 3435 1
840 1626 1
840 4504 1
840 3986 1
840 2630 1
840 456 1
840 5647 1
840 4129 1
840 5549 1
840 178 1
840 1771 1
840 2672 1
840 700 1
840 2152 1
1826 3495 1
1826 1942 1
1826 1055 1
1826 3982 1
1826 1290 1
1826 506 1
1826 4150 1
1826 703 1
1826 2610 1
1826 1904 1
1826 2001 1
1826 3814 1
446 3585 1
446 1485 1
446 787 1
446 4493 1
446 4248 1
446 977 1
446 1294 1
446 848 1
446 919 1
446 1290 1
446 1713 1
446 2286 1
446 2115 1
446 1222 1
446 386 1
446 2217 1
446 2564 1
446 1211 1
446 5566 1
446 1228 1
446 1715 1
446 1718 1
446 1720 1
446 703 1
446 1714 1
446 3086 1
446 1573 1
446 1455 1
446 1719 1
446 298 1
446 465 1
446 1053 1
446 3763 1
446 1711 1
2481 2980 1
2481 2405 1
2481 202 1
2481 3708 1
2481 1219 1
2481 189 1
2481 1608 1
1350 781 1
1350 5528 1
1350 1209 1
1350 1230 1
1350 1808 1
1350 1105 1
1136 2495 1
1136 3204 1
1136 1387 1
1136 2798 1
1136 104 1
1136 2607 1
1136 3938 1
608 2727 1
608 2650 1
608 5676 1
608 5645 1
608 3359 1
608 3423 1
608 3466 1
608 4835 1
608 3348 1
608 4798 1
608 721 1
608 2147 1
608 2150 1
1619 4557 1
1619 504 1
1619 4479 1
1619 5273 1
1619 2762 1
1619 554 1
1619 3016 1
2775 679 1
2775 2001 1
2775 284 1
2775 840 1
2775 1551 1
2775 5289 1
2775 3507 1
2775 4022 1
2775 312 1
2775 3865 1
2775 1771 1
2775 1904 1
2775 938 1
2775 2897 1
2775 968 1
2775 744 1
1004 2788 1
1004 848 1
1004 812 1
1004 874 1
1004 3842 1
1174 786 1
1174 4304 1
1174 138 1
1174 3220 1
1174 373 1
1174 2112 1
1174 967 1
1174 1177 1
1174 5039 1
1174 3171 1
1174 2351 1
2327 948 1
2327 77 1
2327 82 1
2327 1593 1
2327 2638 1
2327 1477 1
2327 1027 1
2327 3075 1
2327 648 1
2327 847 1
2327 3522 1
2327 3381 1
2327 954 1
2327 750 1
2327 2666 1
2327 3878 1
2327 469 1
2327 1555 1
2327 843 1
2327 1360 1
2327 4508 1
2327 838 1
2327 1295 1
2327 318 1
2327 122 1
2327 5304 1
2327 2738 1
2327 4129 1
2327 1066 1
2327 2403 1
2327 1455 1
2327 1972 1
2327 1376 1
2327 3820 1
2327 2655 1
2327 4183 1
2327 58 1
2327 1773 1
2327 2936 1
2327 1279 1
2327 2265 1
2327 878 1
2327 4727 1
2327 1289 1
2327 641 1
2327 3615 1
2327 1856 1
2327 3322 1
2327 289 1
2327 1868 1
2327 1189 1
2327 1591 1
2327 4266 1
2327 2210 1
485 3734 1
485 1421 1
485 1823 1
485 530 1
485 1541 1
485 4255 1
485 10 1
485 1820 1
485 3858 1
485 4738 1
485 2077 1
485 4024 1
485 3122 1
485 1817 1
485 4398 1
485 549 1
485 5585 1
485 1084 1
485 867 1
485 1698 1
485 1821 1
485 1327 1
485 546 1
86 407 1
86 241 1
86 284 1
86 5123 1
86 1533 1
86 3439 1
86 4482 1
2562 400 1
2562 650 1
2562 1137 1
2562 5116 1
2562 3869 1
1714 223 1
1714 3410 1
1714 409 1
1714 5182 1
1714 3952 1
1714 2282 1
1714 3366 1
1714 2928 1
2005 3820 1
2005 3885 1
2005 3154 1
2005 4900 1
2005 912 1
1593 703 1
1593 3960 1
1593 36 1
1593 69 1
1593 5783 1
1593 3639 1
1593 2172 1
1593 2957 1
1593 4773 1
1593 4032 1
2214 915 1
2214 2186 1
2214 1713 1
2214 4508 1
2214 1794 1
2214 2580 1
2214 955 1
2214 196 1
2214 1771 1
2214 695 1
2214 611 1
2214 1896 1
1732 3583 1
1732 1983 1
1732 3589 1
1732 3263 1
1732 1708 1
1732 28 1
1732 4323 1
340 2735 1
340 4362 1
340 4042 1
340 4486 1
340 3677 1
340 4783 1
328 1336 1
328 816 1
328 1335 1
328 1276 1
328 5459 1
328 111 1
2276 1768 1
2276 5735 1
2276 3661 1
2276 479 1
2276 962 1
2276 2439 1
2276 246 1
2276 171 1
2276 5424 1
2276 4573 1
2276 2543 1
2276 2658 1
2276 3099 1
2276 1493 1
2276 4097 1
2276 1580 1
2276 3091 1
2276 1546 1
2276 5425 1
2276 3794 1
2276 4265 1
2276 3769 1
2276 2170 1
2276 563 1
2276 3766 1
2276 2085 1
2276 4023 1
2276 1891 1
2276 2991 1
2276 3422 1
2276 405 1
2276 2253 1
2276 722 1
2276 1209 1
2276 2276 1
2276 1803 1
2276 1808 1
2276 4969 1
2276 2700 1
2276 2564 1
2276 4325 1
2276 1809 1
2276 5030 1
2276 808 1
2276 5743 1
2276 5858 1
2276 275 1
2276 172 1
2276 3350 1
2276 543 1
2276 889 1
2276 4928 1
2276 2201 1
2276 1326 1
2276 188 1
2276 47 1
145 1106 1
145 4446 1
145 4094 1
145 3151 1
145 625 1
145 1319 1
145 166 1
145 989 1
145 2600 1
145 175 1
1048 313 1
1048 2372 1
1048 1998 1
1048 564 1
1048 3653 1
1048 294 1
1048 2504 1
1048 2150 1
1647 4535 1
1647 5474 1
1647 3965 1
1647 1363 1
1647 4866 1
1647 290 1
1813 4361 1
1813 1193 1
1813 798 1
1813 5845 1
1813 5799 1
1813 3841 1
1813 4516 1
1813 1611 1
1813 261 1
1813 1815 1
1813 1436 1
1813 838 1
1813 4989 1
1813 5832 1
1813 681 1
1813 4158 1
1813 4672 1
1813 4679 1
1813 4812 1
1813 4022 1
1813 1208 1
1813 3890 1
1813 240 1
1813 55 1
1813 2403 1
1813 2786 1
582 1196 1
582 164 1
582 2574 1
582 4869 1
582 584 1
582 271 1
582 2086 1
582 757 1
582 2084 1
582 3762 1
582 5099 1
582 2085 1
1675 3273 1
1675 2651 1
1675 1758 1
1675 1101 1
1675 1503 1
1675 3666 1
1675 5177 1
1675 4037 1
1675 3455 1
1675 4465 1
1675 524 1
1675 1663 1
1675 5874 1
1675 1527 1
1675 3232 1
1675 551 1
1675 2865 1
1675 3996 1
1675 3622 1
1675 5191 1
1675 5810 1
1675 549 1
1675 4138 1
1675 3997 1
1675 2594 1
1675 5863 1
1675 3994 1
1675 4819 1
1675 2390 1
1675 414 1
1675 581 1
1675 3856 1
1675 5181 1
1675 3993 1
1675 518 1
1675 3623 1
1675 5127 1
1675 5178 1
1675 1791 1
1675 3810 1
1675 2215 1
1675 1114 1
1675 4260 1
1675 2507 1
1675 517 1
1675 4234 1
1675 2447 1
1675 5831 1
1675 2539 1
1675 1838 1
2421 1528 1
2421 580 1
2421 2135 1
2421 271 1
2421 3936 1
1036 2039 1
1036 17 1
1036 291 1
1036 294 1
1036 1007 1
1036 5236 1
1036 5142 1
1036 672 1
1036 39 1
1036 1492 1
1036 5517 1
1036 2198 1
1036 2957 1
1036 5720 1
1036 889 1
1036 675 1
1036 10 1
1036 2609 1
1036 3154 1
1036 594 1
1036 5027 1
1036 2875 1
1036 117 1
1036 3264 1
1036 5686 1
1036 2093 1
1036 306 1
1036 3132 1
1036 3046 1
1036 3304 1
1472 831 1
1472 4409 1
1472 4811 1
1472 30 1
1472 3045 1
1472 766 1
1472 4055 1
1472 3740 1
1472 2499 1
1472 3741 1
231 5330 1
231 5333 1
231 1173 1
231 5246 1
231 1788 1
231 2594 1
231 957 1
231 1032 1
231 4096 1
1781 1528 1
1781 1151 1
1781 4728 1
1781 3577 1
1781 833 1
1781 3417 1
1781 5660 1
1705 1310 1
1705 2056 1
1705 944 1
1705 2231 1
1705 938 1
1705 305 1
1705 3804 1
1705 1798 1
1705 4360 1
1705 1134 1
1396 2590 1
1396 5671 1
1396 346 1
1396 147 1
1396 1616 1
1396 5446 1
1396 456 1
1396 2238 1
1396 3379 1
1396 1582 1
1396 5551 1
1396 3242 1
1396 2876 1
1396 5039 1
1648 2975 1
1648 580 1
1648 1630 1
1648 3105 1
1648 368 1
1648 1623 1
1648 2364 1
1648 3142 1
1648 2708 1
1648 3330 1
769 4863 1
769 697 1
769 36 1
769 4965 1
769 3612 1
769 60 1
769 67 1
769 2470 1
769 966 1
769 5570 1
148 676 1
148 107 1
148 78 1
148 2213 1
148 2079 1
148 4597 1
148 675 1
148 1757 1
148 712 1
148 674 1
2801 1882 1
2801 484 1
2801 266 1
2801 2054 1
2801 5160 1
2801 3119 1
1645 479 1
1645 523 1
1645 965 1
1645 989 1
1645 500 1
1645 1543 1
1645 431 1
895 807 1
895 1144 1
895 5661 1
895 229 1
895 5655 1
895 4532 1
895 5799 1
895 125 1
106 1040 1
106 4093 1
106 4252 1
106 4349 1
106 80 1
1490 4003 1
1490 802 1
1490 2600 1
1490 5604 1
1490 2548 1
1490 27 1
1490 39 1
1490 3862 1
1490 1421 1
1490 5148 1
1490 4631 1
1490 3761 1
1490 412 1
1490 1167 1
1490 425 1
1490 4648 1
1490 2238 1
1490 2042 1
1490 417 1
1490 2616 1
1490 3762 1
1490 828 1
1490 3427 1
1490 4258 1
1490 5149 1
1490 3759 1
1490 418 1
1480 3339 1
1480 5678 1
1480 3749 1
1480 860 1
1480 259 1
1480 166 1
1480 1053 1
1480 1203 1
1480 4514 1
1656 792 1
1656 1528 1
1656 5177 1
1656 459 1
1656 3813 1
1656 5143 1
1656 4465 1
831 2367 1
831 4210 1
831 5285 1
831 3312 1
831 2487 1
831 1361 1
831 1670 1
831 2909 1
1721 1134 1
1721 5738 1
1721 2472 1
1721 36 1
1721 991 1
1721 3740 1
1721 4044 1
1721 2483 1
1721 1837 1
1721 2602 1
1721 5683 1
1514 3792 1
1514 828 1
1514 1628 1
1514 3208 1
1514 3632 1
1545 4601 1
1545 4772 1
1545 5553 1
1545 1436 1
1545 4111 1
1545 3520 1
1545 2619 1
1545 1984 1
1545 583 1
1545 2721 1
1545 2252 1
1545 4275 1
1545 752 1
1545 55 1
1545 1506 1
1545 528 1
1132 2789 1
1132 4445 1
1132 5288 1
1132 244 1
1132 923 1
1132 2590 1
1132 1749 1
1132 679 1
1132 1556 1
1132 333 1
1132 3219 1
1132 579 1
1132 130 1
1132 2729 1
1132 3220 1
1132 3134 1
1132 320 1
1132 378 1
1132 447 1
1132 2500 1
1132 426 1
1132 2897 1
1132 5347 1
1132 4783 1
2655 4530 1
2655 1618 1
2655 65 1
2655 2571 1
2655 3809 1
2655 4042 1
2655 2706 1
2655 2653 1
2655 2722 1
431 530 1
431 1657 1
431 1035 1
431 3749 1
431 554 1
431 49 1
431 3165 1
1167 3287 1
1167 2833 1
1167 1827 1
1167 1954 1
1167 4320 1
2695 3029 1
2695 18 1
2695 2702 1
2695 1175 1
2695 4550 1
2695 1088 1
2695 320 1
2695 506 1
2695 5299 1
2695 3506 1
2695 875 1
2695 1070 1
2695 2981 1
2695 298 1
2695 4582 1
2695 157 1
2695 4275 1
2364 349 1
2364 1054 1
2364 1370 1
2364 1183 1
2364 274 1
2364 402 1
2364 386 1
2364 3092 1
2364 447 1
2364 452 1
2364 4023 1
83 396 1
83 3126 1
83 1081 1
83 3269 1
83 4693 1
83 1891 1
1002 2009 1
1002 3269 1
1002 2853 1
1002 5030 1
1002 2952 1
1002 5321 1
1320 3201 1
1320 2335 1
1320 1595 1
1320 446 1
1320 4597 1
1320 832 1
1320 4022 1
1320 3758 1
1320 3184 1
1320 2218 1
1320 2792 1
1320 1058 1
805 3625 1
805 5451 1
805 4197 1
805 528 1
805 3402 1
805 2140 1
805 1635 1
805 2557 1
805 1896 1
805 4925 1
1636 1053 1
1636 3113 1
1636 1653 1
1636 2337 1
1636 76 1
1636 2657 1
1636 2288 1
1636 2001 1
1636 4924 1
1636 1949 1
1636 2479 1
1491 3109 1
1491 735 1
1491 375 1
1491 1386 1
1491 284 1
1491 2560 1
1491 968 1
1491 1200 1
1299 3275 1
1299 2213 1
1299 4016 1
1299 3511 1
1299 458 1
1299 273 1
1299 4869 1
1299 99 1
1299 262 1
1299 1264 1
127 5215 1
127 601 1
127 1700 1
127 4848 1
127 5216 1
1895 1515 1
1895 1518 1
1895 3109 1
1895 3152 1
1895 4226 1
1462 793 1
1462 580 1
1462 5803 1
1462 2154 1
1462 4731 1
1462 923 1
1462 571 1
1462 189 1
1462 3432 1
2560 484 1
2560 235 1
2560 1486 1
2560 5 1
2560 5605 1
143 965 1
143 624 1
143 785 1
143 60 1
143 646 1
2459 1713 1
2459 3339 1
2459 2222 1
2459 2661 1
2459 5296 1
2459 4305 1
2459 4689 1
2459 1219 1
2459 166 1
2459 1378 1
78 528 1
78 188 1
78 709 1
78 2056 1
78 1378 1
850 2994 1
850 793 1
850 2039 1
850 2890 1
850 5539 1
850 989 1
521 868 1
521 235 1
521 1486 1
521 3505 1
521 5615 1
521 1521 1
521 751 1
521 1806 1
447 91 1
447 3048 1
447 1721 1
447 2980 1
447 1723 1
1303 4302 1
1303 3850 1
1303 3697 1
1303 2780 1
1303 4902 1
1303 61 1
1303 1935 1
1303 4770 1
